500.0 500.0
563.0 599.0 0.224885000004 10575.115 
663.0 721.0 0.109013200002 10690.9868 
515.0 687.0 0.27750488 10522.49512 
567.0 616.0 0.0638800000018 10736.12 
551.0 608.0 0.0470712000012 10752.9288 
565.0 495.0 0.0116000000003 10788.4 
445.0 515.0 0.10686 10693.14 
718.0 667.0 0.186664680004 10613.33532 
682.0 686.0 0.209644320004 10590.35568 
619.0 767.0 0.0729421600008 10727.05784 
685.0 822.0 0.0255200000007 10774.48 
432.0 656.0 0.0728800000003 10727.12 
643.0 529.0 0.417134880007 10382.86512 
709.0 738.0 0.298640480001 10501.35952 
778.0 560.0 0.0924644000025 10707.5356 
512.0 473.0 0.355283440008 10444.71656 
619.0 499.0 0.680311040017 10119.68896 
734.0 390.0 0.154914800001 10645.0852 
540.0 625.0 0.037560000001 10762.44 
405.0 590.0 0.0118600000003 10788.14 
589.0 593.0 0.207349440005 10592.65056 
570.0 728.0 0.243799680001 10556.20032 
443.0 788.0 0.0432640000006 10756.736 
557.0 596.0 0.338311200005 10461.6888 
319.0 666.0 0.2134424 10586.5576 
826.0 590.0 0.172024480002 10627.97552 
859.0 601.0 0.0726716000008 10727.3284 
676.0 953.0 0.317866399999 10482.1336 
843.0 723.0 0.0311800000009 10768.82 
848.0 611.0 0.0712990400009 10728.70096 
412.0 780.0 0.224373440001 10575.62656 
689.0 676.0 0.433676840003 10366.32316 
628.0 711.0 0.0948502400004 10705.14976 
251.0 629.0 0.217606400001 10582.3936 
711.0 679.0 0.218921600004 10581.0784 
798.0 781.0 0.0737046400004 10726.29536 
279.0 807.0 0.145539760001 10654.46024 
825.0 737.0 0.00632000000017 10793.68 
409.0 486.0 0.0460810000004 10753.919 
860.0 364.0 0.0795320000008 10720.468 
391.0 716.0 0.1487104 10651.2896 
688.0 610.0 0.615107560005 10184.89244 
540.0 802.0 0.101427040001 10698.57296 
641.0 674.0 0.305444600003 10494.5554 
457.0 349.0 0.0116000000003 10788.4 
740.0 804.0 0.256849920001 10543.15008 
617.0 434.0 0.175505240003 10624.49476 
608.0 923.0 0.0308600000009 10769.14 
895.0 462.0 0.0558779999999 10744.122 
288.0 609.0 0.0562600000016 10743.74 
863.0 413.0 0.0254600000007 10774.54 
890.0 458.0 0.0491026400004 10750.89736 
749.0 958.0 0.191229120001 10608.77088 
304.0 456.0 0.0116000000003 10788.4 
766.0 464.0 0.168231000002 10631.769 
711.0 568.0 0.349045600004 10450.9544 
765.0 553.0 0.197099160004 10602.90084 
790.0 955.0 0.0410224000006 10758.9776 
687.0 984.0 0.0621676000012 10737.8324 
672.0 964.0 0.125194240001 10674.80576 
918.0 820.0 0.193544000001 10606.456 
408.0 560.0 0.0661812000004 10733.8188 
822.0 565.0 0.236689200002 10563.3108 
289.0 941.0 0.0128865599999 10787.11344 
885.0 746.0 0.0777078400008 10722.29216 
914.0 742.0 0.318247440001 10481.75256 
582.0 505.0 0.843948320015 9956.05167998 
339.0 838.0 0.0122800000003 10787.72 
220.0 637.0 0.124674080001 10675.32592 
823.0 264.0 0.0116000000003 10788.4 
87.0 715.0 0.0116000000003 10788.4 
195.0 387.0 0.0116000000003 10788.4 
907.0 324.0 0.0660316000005 10733.9684 
650.0 577.0 0.0116000000003 10788.4 
7.0 797.0 0.0116000000003 10788.4 
770.0 859.0 0.0719800000005 10728.02 
225.0 846.0 0.0723139200006 10727.68608 
698.0 887.0 0.0649923200002 10735.00768 
350.0 310.0 0.0116000000003 10788.4 
713.0 408.0 0.216128160004 10583.87184 
156.0 519.0 0.0249600000007 10775.04 
288.0 920.0 0.00684000000019 10793.16 
402.0 673.0 0.0310200000009 10768.98 
310.0 219.0 0.0116000000003 10788.4 
369.0 116.0 0.00604000000017 10793.96 
765.0 546.0 0.528681400003 10271.3186 
593.0 451.0 1.05533600001 9744.66399999 
96.0 421.0 0.065518080001 10734.48192 
428.0 808.0 0.043612800001 10756.3872 
874.0 882.0 0.0539362000005 10746.0638 
125.0 301.0 0.00614000000017 10793.86 
671.0 659.0 0.183834000004 10616.166 
293.0 742.0 0.2788172 10521.1828 
652.0 476.0 0.0116000000003 10788.4 
430.0 897.0 0.0116000000003 10788.4 
618.0 333.0 0.0182200000005 10781.78 
992.0 836.0 0.0802227200004 10719.77728 
964.0 718.0 0.071777120001 10728.22288 
760.0 334.0 0.0615467200001 10738.45328 
748.0 482.0 0.500545000005 10299.455 
278.0 666.0 0.246740600001 10553.2594 
896.0 831.0 0.0177800000005 10782.22 
67.0 486.0 0.136388000002 10663.612 
369.0 651.0 0.095819240001 10704.18076 
671.0 276.0 0.0906736800003 10709.32632 
701.0 468.0 0.731877600005 10068.1224 
117.0 456.0 0.318120800002 10481.8792 
72.0 295.0 0.0410765999999 10758.9234 
743.0 461.0 0.259565080005 10540.43492 
641.0 271.0 0.0118600000003 10788.14 
472.0 543.0 0.0916747600002 10708.32524 
450.0 780.0 0.0185600000005 10781.44 
176.0 729.0 0.0116000000003 10788.4 
201.0 604.0 0.0648100000006 10735.19 
601.0 302.0 0.0547000000001 10745.3 
810.0 522.0 0.168456640003 10631.54336 
320.0 66.0 0.0652440799998 10734.75592 
832.0 561.0 0.140202160002 10659.79784 
585.0 232.0 0.0787545600003 10721.24544 
571.0 74.0 0.0116000000003 10788.4 
92.0 149.0 0.0116000000003 10788.4 
583.0 534.0 0.953109400013 9846.89059999 
263.0 557.0 0.04564168 10754.35832 
68.0 466.0 0.0239044800006 10776.09552 
560.0 693.0 0.197574400002 10602.4256 
