500.0 500.0
653.0 484.0 0.325063720007 10474.93628 
565.0 494.0 0.434431920009 10365.56808 
724.0 425.0 0.0973896000025 10702.6104 
654.0 437.0 0.0301600000003 10769.84 
824.0 498.0 0.0415778400003 10758.42216 
550.0 381.0 0.138800000002 10661.2 
783.0 387.0 0.0442000000012 10755.8 
844.0 438.0 0.1711324 10628.8676 
509.0 628.0 0.0604945600009 10739.50544 
444.0 566.0 0.19870924 10601.29076 
641.0 317.0 0.870554680001 9929.44532 
792.0 541.0 0.0220552000004 10777.9448 
530.0 464.0 0.931851520012 9868.14847999 
535.0 219.0 0.288645600001 10511.3544 
595.0 244.0 0.0556560000013 10744.344 
659.0 484.0 0.184152480004 10615.84752 
812.0 317.0 0.346527400001 10453.4726 
425.0 178.0 0.0301600000003 10769.84 
467.0 291.0 0.155703200001 10644.2968 
309.0 596.0 0.0301600000003 10769.84 
662.0 551.0 0.107541440002 10692.45856 
664.0 166.0 0.0225547200006 10777.44528 
605.0 469.0 0.431728000007 10368.272 
760.0 661.0 0.00656000000018 10793.44 
471.0 528.0 0.114945000002 10685.055 
656.0 622.0 0.104042000001 10695.958 
531.0 586.0 0.216815840003 10583.18416 
526.0 460.0 0.387547680008 10412.45232 
338.0 462.0 0.037620000001 10762.38 
973.0 406.0 0.0366893999999 10763.3106 
833.0 508.0 0.0536200000002 10746.38 
580.0 504.0 0.473284240009 10326.71576 
573.0 579.0 0.208233800004 10591.7662 
402.0 390.0 0.00626000000017 10793.74 
715.0 82.0 0.0250000000007 10775.0 
520.0 441.0 0.494808200006 10305.1918 
653.0 531.0 0.249359520004 10550.64048 
563.0 592.0 0.221697600004 10578.3024 
298.0 395.0 0.1801206 10619.8794 
508.0 115.0 0.0360284000003 10763.9716 
701.0 430.0 0.235081040005 10564.91896 
687.0 246.0 0.290426240002 10509.57376 
858.0 260.0 0.265498200001 10534.5018 
241.0 467.0 0.0523580000005 10747.642 
736.0 259.0 0.120714160001 10679.28584 
780.0 517.0 0.0189400000005 10781.06 
785.0 697.0 0.0317635200001 10768.23648 
495.0 152.0 0.18137244 10618.62756 
284.0 468.0 0.145239360001 10654.76064 
911.0 450.0 0.0741066400001 10725.89336 
812.0 330.0 0.0844520000008 10715.548 
937.0 300.0 0.0820435600004 10717.95644 
194.0 688.0 0.327881240005 10472.11876 
243.0 380.0 0.0651500000004 10734.85 
180.0 278.0 0.0120600000003 10787.94 
930.0 259.0 0.111785000001 10688.215 
849.0 81.0 0.124549400001 10675.4506 
532.0 24.0 0.0301600000003 10769.84 
235.0 712.0 0.662040560002 10137.95944 
325.0 434.0 0.0501614800007 10749.83852 
790.0 164.0 0.0301600000003 10769.84 
973.0 173.0 0.0803830400002 10719.61696 
128.0 605.0 0.0588148800009 10741.18512 
72.0 341.0 0.0746718400002 10725.32816 
59.0 693.0 0.0872888000006 10712.7112 
515.0 532.0 0.339942960008 10460.05704 
120.0 428.0 0.0301600000003 10769.84 
552.0 529.0 0.61765960001 10182.3404 
394.0 393.0 0.00717395999975 10792.82604 
602.0 458.0 0.317500800007 10482.4992 
922.0 293.0 0.111162800001 10688.8372 
793.0 86.0 0.270232 10529.768 
549.0 747.0 0.0301600000003 10769.84 
208.0 165.0 0.0301600000003 10769.84 
197.0 553.0 0.0301600000003 10769.84 
485.0 234.0 0.00600000000017 10794.0 
188.0 27.0 0.0301600000003 10769.84 
608.0 251.0 0.458221600004 10341.7784 
745.0 64.0 0.0395411200008 10760.45888 
605.0 488.0 0.0301600000003 10769.84 
893.0 68.0 0.0470860000003 10752.914 
617.0 557.0 0.264490880005 10535.50912 
122.0 176.0 0.00608000000017 10793.92 
674.0 182.0 0.140575400001 10659.4246 
140.0 346.0 0.16826288 10631.73712 
531.0 323.0 0.190965200002 10609.0348 
739.0 712.0 0.0253535999999 10774.6464 
681.0 376.0 0.891482000006 9908.51799999 
60.0 531.0 0.0301600000003 10769.84 
670.0 754.0 0.0301600000003 10769.84 
107.0 833.0 0.0698227600003 10730.17724 
884.0 794.0 0.0301600000003 10769.84 
521.0 528.0 0.452682000006 10347.318 
138.0 670.0 0.263984000002 10536.016 
105.0 175.0 0.0096064000001 10790.3936 
420.0 227.0 0.0933400000002 10706.66 
756.0 676.0 0.0126400000003 10787.36 
498.0 508.0 0.297285120008 10502.71488 
945.0 367.0 0.0250800000007 10774.92 
207.0 819.0 0.0829598800006 10717.04012 
934.0 301.0 0.0773313600006 10722.66864 
152.0 631.0 0.185720320002 10614.27968 
863.0 633.0 0.0301600000003 10769.84 
884.0 120.0 0.0316358000007 10768.3642 
371.0 578.0 0.0915425200002 10708.45748 
602.0 569.0 0.232180000002 10567.82 
538.0 382.0 0.274676800003 10525.3232 
305.0 167.0 0.0301600000003 10769.84 
949.0 859.0 0.0301600000003 10769.84 
104.0 938.0 0.0301600000003 10769.84 
631.0 518.0 0.240371520005 10559.62848 
695.0 318.0 0.299220320002 10500.77968 
152.0 787.0 0.156761080001 10643.23892 
54.0 725.0 0.0759142800008 10724.08572 
304.0 216.0 0.0301600000003 10769.84 
115.0 731.0 0.224920000002 10575.08 
192.0 785.0 0.0187400000005 10781.26 
300.0 750.0 0.0501200000014 10749.88 
710.0 293.0 0.0184400000005 10781.56 
235.0 410.0 0.106893000001 10693.107 
973.0 580.0 0.0301600000003 10769.84 
906.0 151.0 0.0706555199999 10729.34448 
497.0 602.0 0.195194720003 10604.80528 
458.0 777.0 0.0301600000003 10769.84 
875.0 120.0 0.0306800000009 10769.32 
