500.0 500.0
553.0 594.0 0.465912000006 10334.088 
576.0 732.0 0.0915344000002 10708.4656 
571.0 504.0 0.0490083200006 10750.99168 
562.0 357.0 0.0928833600012 10707.11664 
427.0 555.0 0.650974160004 10149.02584 
489.0 255.0 0.104350760001 10695.64924 
576.0 272.0 0.0162803200002 10783.71968 
389.0 339.0 0.0315400000009 10768.46 
617.0 403.0 0.203549600004 10596.4504 
702.0 570.0 0.365166360008 10434.83364 
700.0 602.0 0.335256040006 10464.74396 
320.0 413.0 0.0131800000004 10786.82 
722.0 759.0 0.0904891200013 10709.51088 
784.0 619.0 0.354705280004 10445.29472 
649.0 427.0 0.348651200006 10451.3488 
566.0 497.0 0.320925400007 10479.0746 
368.0 195.0 0.0125200000003 10787.48 
419.0 454.0 0.100069400001 10699.9306 
600.0 407.0 0.281639000003 10518.361 
778.0 596.0 0.219968000004 10580.032 
818.0 731.0 0.154286400003 10645.7136 
421.0 480.0 0.152505120002 10647.49488 
971.0 775.0 0.0739569999998 10726.043 
534.0 457.0 0.355102200007 10444.8978 
385.0 561.0 0.154580000003 10645.42 
610.0 383.0 0.259472400005 10540.5276 
912.0 582.0 0.0793418000002 10720.6582 
584.0 841.0 0.0127200000004 10787.28 
594.0 596.0 0.219645200005 10580.3548 
349.0 524.0 0.069565680001 10730.43432 
993.0 919.0 0.0770430400003 10722.95696 
284.0 585.0 0.0921172800008 10707.88272 
470.0 369.0 0.0124400000003 10787.56 
479.0 520.0 0.221542080004 10578.45792 
561.0 646.0 0.117766880002 10682.23312 
787.0 713.0 0.495912880004 10304.08712 
586.0 482.0 0.39342488001 10406.57512 
273.0 372.0 0.129080400001 10670.9196 
331.0 561.0 0.116926560001 10683.07344 
635.0 385.0 0.237000320004 10562.99968 
618.0 584.0 0.243864000005 10556.136 
655.0 432.0 0.234767000006 10565.233 
661.0 396.0 0.134065040002 10665.93496 
988.0 705.0 0.00650000000018 10793.5 
499.0 504.0 0.286206720008 10513.79328 
761.0 616.0 0.919399000005 9880.60099999 
743.0 460.0 0.122292000001 10677.708 
889.0 729.0 0.108384000001 10691.616 
511.0 199.0 0.0478440000007 10752.156 
796.0 857.0 0.0125400000003 10787.46 
699.0 488.0 0.512478240004 10287.52176 
684.0 541.0 0.653458480006 10146.54152 
630.0 97.0 0.0490083200006 10750.99168 
548.0 270.0 0.0125000000003 10787.5 
430.0 442.0 0.0856642400007 10714.33576 
138.0 305.0 0.0490083200006 10750.99168 
697.0 583.0 0.0490083200006 10750.99168 
233.0 337.0 0.0577350000004 10742.265 
841.0 584.0 0.156085840001 10643.91416 
945.0 776.0 0.0888400000006 10711.16 
918.0 916.0 0.00628000000017 10793.72 
496.0 581.0 0.413530400006 10386.4696 
851.0 765.0 0.150945600001 10649.0544 
736.0 108.0 0.0664008 10733.5992 
762.0 654.0 0.300162000001 10499.838 
735.0 342.0 0.0490083200006 10750.99168 
724.0 778.0 0.0812347599999 10718.76524 
801.0 608.0 0.104384160002 10695.61584 
619.0 459.0 0.0490083200006 10750.99168 
603.0 879.0 0.0649591999996 10735.0408 
972.0 469.0 0.0 10800.0 
503.0 574.0 0.0490083200006 10750.99168 
347.0 222.0 0.0918260000006 10708.174 
336.0 299.0 0.12819592 10671.80408 
802.0 569.0 0.177592000003 10622.408 
471.0 644.0 0.165502800001 10634.4972 
740.0 555.0 0.432729920006 10367.27008 
803.0 891.0 0.0281568000001 10771.8432 
269.0 470.0 0.0640339200008 10735.96608 
694.0 711.0 0.0120400000003 10787.96 
549.0 157.0 0.0646783200001 10735.32168 
483.0 467.0 0.114139120001 10685.86088 
498.0 779.0 0.0445997999999 10755.4002 
845.0 879.0 0.0475061999999 10752.4938 
415.0 652.0 0.0594240000002 10740.576 
132.0 613.0 0.0490083200006 10750.99168 
381.0 547.0 0.134164000002 10665.836 
320.0 645.0 0.0189000000005 10781.1 
506.0 612.0 0.201824560005 10598.17544 
269.0 608.0 0.0967454000004 10703.2546 
703.0 172.0 0.00584000000016 10794.16 
588.0 656.0 0.207156720002 10592.84328 
335.0 366.0 0.0683914000005 10731.6086 
762.0 459.0 0.107012400001 10692.9876 
192.0 192.0 0.0490083200006 10750.99168 
806.0 467.0 0.0809853600008 10719.01464 
515.0 630.0 0.248785600006 10551.2144 
876.0 796.0 0.107536600001 10692.4634 
176.0 396.0 0.0819620000003 10718.038 
496.0 274.0 0.0308400000009 10769.16 
388.0 488.0 0.134919560002 10665.08044 
433.0 169.0 0.16385216 10636.14784 
565.0 493.0 0.40861896001 10391.38104 
562.0 498.0 0.0490083200006 10750.99168 
807.0 770.0 0.149547920001 10650.45208 
735.0 960.0 0.0490083200006 10750.99168 
265.0 515.0 0.0882361600011 10711.76384 
270.0 58.0 0.0490083200006 10750.99168 
111.0 452.0 0.0490083200006 10750.99168 
627.0 558.0 1.99115984001 8808.84015999 
453.0 464.0 0.178562400002 10621.4376 
631.0 923.0 0.0534208000005 10746.5792 
213.0 455.0 0.131210480001 10668.78952 
435.0 300.0 0.16755168 10632.44832 
593.0 650.0 0.109491520002 10690.50848 
294.0 464.0 0.0256000000007 10774.4 
738.0 425.0 0.128378000002 10671.622 
481.0 219.0 0.21009 10589.91 
256.0 641.0 0.0636598400002 10736.34016 
441.0 132.0 0.0371850800005 10762.81492 
614.0 178.0 0.00626000000017 10793.74 
45.0 552.0 0.0490083200006 10750.99168 
447.0 751.0 0.00574000000016 10794.26 
248.0 291.0 0.0490083200006 10750.99168 
541.0 748.0 0.0490083200006 10750.99168 
