500.0 500.0
558.0 374.0 0.182300000005 10617.7 
604.0 232.0 0.0301600000003 10769.84 
545.0 229.0 0.410012960005 10389.98704 
636.0 306.0 0.327322000008 10472.678 
695.0 360.0 0.369303040003 10430.69696 
818.0 417.0 0.0301600000003 10769.84 
609.0 342.0 0.0301600000003 10769.84 
500.0 263.0 0.197104000005 10602.896 
456.0 254.0 0.173397200004 10626.6028 
434.0 350.0 0.0935200000026 10706.48 
610.0 204.0 0.315284800002 10484.7152 
684.0 202.0 0.138916800002 10661.0832 
649.0 460.0 0.939709000003 9860.291 
570.0 333.0 0.575914000008 10224.086 
651.0 281.0 0.0843600000024 10715.64 
594.0 535.0 0.0368561600006 10763.14384 
538.0 197.0 0.220225200006 10579.7748 
687.0 77.0 0.092824680002 10707.17532 
457.0 553.0 0.14295424 10657.04576 
631.0 205.0 0.286080160006 10513.91984 
544.0 156.0 0.211877600002 10588.1224 
309.0 391.0 0.00612000000017 10793.88 
658.0 466.0 0.171805280003 10628.19472 
512.0 669.0 0.0573520000002 10742.648 
769.0 454.0 0.140831240002 10659.16876 
661.0 76.0 0.192635480003 10607.36452 
381.0 538.0 0.0922122400001 10707.78776 
725.0 530.0 0.284604440004 10515.39556 
465.0 264.0 0.207218200004 10592.7818 
436.0 241.0 0.193976440004 10606.02356 
606.0 504.0 0.235892600004 10564.1074 
622.0 140.0 0.577773600002 10222.2264 
438.0 137.0 0.324337680001 10475.66232 
302.0 286.0 0.1032498 10696.7502 
813.0 561.0 0.120899400001 10679.1006 
771.0 591.0 0.178402400003 10621.5976 
666.0 195.0 0.129662800002 10670.3372 
730.0 724.0 0.00592000000017 10794.08 
637.0 360.0 0.814607440007 9985.39255999 
225.0 566.0 0.01217584 10787.82416 
104.0 655.0 0.0677088800006 10732.29112 
585.0 632.0 0.036400000001 10763.6 
479.0 289.0 0.811755200002 9988.2448 
415.0 204.0 0.481792000001 10318.208 
561.0 288.0 0.50383184001 10296.16816 
169.0 627.0 0.0122000000003 10787.8 
378.0 289.0 0.118495000001 10681.505 
166.0 535.0 0.0720030000001 10727.997 
304.0 396.0 0.00673200000033 10793.268 
782.0 114.0 0.103387120001 10696.61288 
370.0 338.0 0.0582290400003 10741.77096 
718.0 88.0 0.0503895200011 10749.61048 
131.0 794.0 0.00668000000018 10793.32 
742.0 576.0 0.138450400003 10661.5496 
646.0 644.0 0.0642654000003 10735.7346 
447.0 767.0 0.00620000000017 10793.8 
709.0 109.0 0.118292000002 10681.708 
599.0 199.0 0.210047200005 10589.9528 
973.0 420.0 0.0520180000003 10747.982 
205.0 361.0 0.0451408000002 10754.8592 
202.0 900.0 0.0301600000003 10769.84 
629.0 305.0 0.641439720004 10158.56028 
503.0 181.0 0.114791520002 10685.20848 
519.0 99.0 0.0698720800005 10730.12792 
755.0 308.0 0.401035680002 10398.96432 
326.0 867.0 0.0507152000006 10749.2848 
948.0 371.0 0.0126800000003 10787.32 
720.0 538.0 0.755376080003 10044.62392 
913.0 90.0 0.0301600000003 10769.84 
695.0 619.0 0.0429179200002 10757.08208 
773.0 597.0 0.353565600002 10446.4344 
656.0 448.0 0.352856960004 10447.14304 
577.0 669.0 0.0408240400006 10759.17596 
703.0 463.0 0.680645000007 10119.355 
913.0 475.0 0.0301600000003 10769.84 
739.0 548.0 0.126453640003 10673.54636 
844.0 306.0 0.00628000000017 10793.72 
821.0 250.0 0.0361686400003 10763.83136 
801.0 511.0 0.111807280001 10688.19272 
519.0 436.0 0.0592857200002 10740.71428 
595.0 503.0 0.116920000003 10683.08 
515.0 558.0 0.0653063200006 10734.69368 
771.0 444.0 0.00572000000016 10794.28 
392.0 336.0 0.0913938400004 10708.60616 
823.0 818.0 0.0341992 10765.8008 
389.0 856.0 0.0189800000005 10781.02 
567.0 658.0 0.0301600000001 10769.84 
718.0 328.0 0.0860296400015 10713.97036 
617.0 815.0 0.0301600000003 10769.84 
106.0 763.0 0.0278689600001 10772.13104 
438.0 978.0 0.0301600000003 10769.84 
226.0 570.0 0.0119800000003 10788.02 
677.0 108.0 0.418522880003 10381.47712 
378.0 485.0 0.00612000000017 10793.88 
457.0 644.0 0.00544000000016 10794.56 
654.0 615.0 0.151686 10648.314 
378.0 90.0 0.118310920001 10681.68908 
328.0 205.0 0.0301600000003 10769.84 
243.0 722.0 0.00584000000016 10794.16 
796.0 673.0 0.1978904 10602.1096 
108.0 284.0 0.0301600000003 10769.84 
685.0 381.0 0.117218320002 10682.78168 
421.0 357.0 0.0329200000009 10767.08 
784.0 245.0 0.0502952000012 10749.7048 
776.0 811.0 0.00620000000017 10793.8 
393.0 289.0 0.115082400001 10684.9176 
489.0 869.0 0.0189800000005 10781.02 
406.0 85.0 0.142947360001 10657.05264 
640.0 646.0 0.0638427200005 10736.15728 
241.0 730.0 0.00663424000021 10793.36576 
422.0 871.0 0.202534280001 10597.46572 
712.0 751.0 0.0183875200002 10781.61248 
669.0 416.0 0.184720800003 10615.2792 
241.0 319.0 0.00634000000017 10793.66 
839.0 654.0 0.0480868000002 10751.9132 
766.0 259.0 0.150725440001 10649.27456 
966.0 563.0 0.00588000000016 10794.12 
374.0 861.0 0.101124 10698.876 
169.0 641.0 0.0226224000006 10777.3776 
987.0 546.0 0.0144647999998 10785.5352 
987.0 409.0 0.0493274000002 10750.6726 
573.0 536.0 0.0313400000009 10768.66 
749.0 81.0 0.129187280002 10670.81272 
364.0 32.0 0.0836373200004 10716.36268 
502.0 802.0 0.0589000000002 10741.1 
