500.0 500.0
583.0 610.0 0.336990000008 10463.01 
592.0 742.0 0.02814852 10771.85148 
673.0 605.0 0.374043200005 10425.9568 
686.0 650.0 0.270705600006 10529.2944 
714.0 658.0 0.352859760008 10447.14024 
742.0 754.0 0.076002200001 10723.9978 
582.0 610.0 0.62809200001 10171.908 
691.0 834.0 0.110518600001 10689.4814 
742.0 929.0 0.0119800000003 10788.02 
744.0 844.0 0.0531443600004 10746.85564 
497.0 660.0 0.297672800007 10502.3272 
633.0 731.0 0.130794400002 10669.2056 
800.0 678.0 0.293448480002 10506.55152 
765.0 710.0 0.581566000002 10218.434 
483.0 390.0 0.116289800002 10683.7102 
720.0 620.0 0.267780840006 10532.21916 
676.0 639.0 0.300664400006 10499.3356 
871.0 659.0 0.171997840001 10628.00216 
459.0 398.0 0.168665640002 10631.33436 
767.0 994.0 0.134146 10665.854 
669.0 548.0 0.131240000004 10668.76 
816.0 566.0 0.0684812000007 10731.5188 
826.0 735.0 0.131228960002 10668.77104 
798.0 813.0 0.0832861200005 10716.71388 
657.0 684.0 0.307790400004 10492.2096 
485.0 616.0 0.0490083200006 10750.99168 
739.0 643.0 0.486048000005 10313.952 
622.0 730.0 0.231766400001 10568.2336 
848.0 462.0 0.0709860000004 10729.014 
324.0 417.0 0.252804320003 10547.19568 
837.0 416.0 0.0318355200006 10768.16448 
682.0 635.0 0.298770480006 10501.22952 
564.0 719.0 0.037380000001 10762.62 
777.0 521.0 0.0867896000013 10713.2104 
374.0 371.0 0.467109760002 10332.89024 
399.0 401.0 0.117157600003 10682.8424 
643.0 807.0 0.304520000001 10495.48 
792.0 741.0 0.088901600002 10711.0984 
659.0 606.0 0.0301600000003 10769.84 
233.0 309.0 0.200036800001 10599.9632 
417.0 363.0 0.155928800003 10644.0712 
261.0 365.0 0.183332920002 10616.66708 
306.0 369.0 0.404778240003 10395.22176 
899.0 331.0 0.0416117999999 10758.3882 
187.0 484.0 0.0435999999997 10756.4 
656.0 762.0 0.133514400001 10666.4856 
491.0 650.0 0.173474560004 10626.52544 
872.0 227.0 0.00594000000017 10794.06 
319.0 421.0 0.120560160002 10679.43984 
441.0 415.0 0.461200000004 10338.8 
699.0 477.0 0.102969640001 10697.03036 
299.0 234.0 0.0301600000003 10769.84 
276.0 416.0 0.119434200002 10680.5658 
237.0 257.0 0.0652696000008 10734.7304 
417.0 388.0 0.132882000003 10667.118 
368.0 284.0 0.0906760000002 10709.324 
138.0 156.0 0.0497532000006 10750.2468 
963.0 565.0 0.0301600000003 10769.84 
471.0 475.0 0.393954800004 10406.0452 
543.0 615.0 0.0301600000003 10769.84 
149.0 33.0 0.0301600000003 10769.84 
572.0 339.0 0.0128200000004 10787.18 
397.0 641.0 0.0474900000006 10752.51 
687.0 300.0 0.0301600000003 10769.84 
495.0 550.0 0.0301600000003 10769.84 
473.0 204.0 0.0301600000003 10769.84 
268.0 389.0 0.105535200001 10694.4648 
670.0 203.0 0.0301600000003 10769.84 
846.0 325.0 0.00622000000017 10793.78 
255.0 689.0 0.0298268800005 10770.17312 
687.0 961.0 0.08253168 10717.46832 
835.0 978.0 0.0761096000005 10723.8904 
600.0 314.0 0.0555667599997 10744.43324 
712.0 436.0 0.0301600000003 10769.84 
661.0 356.0 0.0920614000004 10707.9386 
471.0 100.0 0.0822568000001 10717.7432 
831.0 406.0 0.249670720001 10550.32928 
521.0 131.0 0.01752656 10782.47344 
236.0 90.0 0.0654287999998 10734.5712 
197.0 514.0 0.0125000000003 10787.5 
964.0 975.0 0.0269028 10773.0972 
787.0 743.0 0.124549960003 10675.45004 
316.0 687.0 0.0253600000007 10774.64 
415.0 346.0 0.247982960003 10552.01704 
892.0 732.0 0.0937192000002 10706.2808 
615.0 933.0 0.00638000000018 10793.62 
632.0 582.0 0.137700000004 10662.3 
491.0 886.0 0.0283272000004 10771.6728 
710.0 631.0 0.281422640006 10518.57736 
910.0 376.0 0.00622000000017 10793.78 
384.0 439.0 0.0612800000017 10738.72 
239.0 713.0 0.102041600001 10697.9584 
275.0 695.0 0.0814320000011 10718.568 
532.0 147.0 0.0125200000003 10787.48 
231.0 272.0 0.0470363200005 10752.96368 
396.0 792.0 0.0301600000003 10769.84 
805.0 327.0 0.0301600000003 10769.84 
460.0 879.0 0.0236856000006 10776.3144 
701.0 628.0 0.263466880007 10536.53312 
413.0 536.0 0.0301600000003 10769.84 
94.0 443.0 0.0301600000003 10769.84 
593.0 222.0 0.0068640000001 10793.136 
473.0 865.0 0.0187800000005 10781.22 
492.0 356.0 0.142525600002 10657.4744 
898.0 208.0 0.0182595600001 10781.74044 
273.0 659.0 0.17742576 10622.57424 
739.0 525.0 0.31462296 10485.37704 
230.0 158.0 0.0184000000005 10781.6 
676.0 490.0 0.0254200000007 10774.58 
412.0 596.0 0.314901480004 10485.09852 
171.0 195.0 0.135102 10664.898 
930.0 948.0 0.00564000000016 10794.36 
716.0 653.0 0.752759120008 10047.24088 
544.0 412.0 0.0122000000003 10787.8 
804.0 520.0 0.107930000001 10692.07 
20.0 76.0 0.0301600000003 10769.84 
497.0 480.0 0.212597000006 10587.403 
595.0 226.0 0.00660000000018 10793.4 
407.0 129.0 0.0301600000003 10769.84 
92.0 221.0 0.0301600000003 10769.84 
493.0 926.0 0.0667484400003 10733.25156 
177.0 414.0 0.0796000000002 10720.4 
753.0 406.0 0.0180400000005 10781.96 
83.0 682.0 0.0301600000003 10769.84 
782.0 202.0 0.0301600000003 10769.84 
