500.0 500.0
431.0 599.0 0.0302000000008 10769.8 
528.0 417.0 0.0744400000021 10725.56 
543.0 691.0 0.163670000001 10636.33 
552.0 827.0 0.0720772800005 10727.92272 
543.0 299.0 0.579898800002 10220.1012 
444.0 341.0 0.208581440003 10591.41856 
623.0 425.0 0.0487800000014 10751.22 
505.0 326.0 0.121974000002 10678.026 
512.0 250.0 0.115777760002 10684.22224 
338.0 483.0 0.846650080002 9953.34992 
272.0 612.0 0.0768210000005 10723.179 
566.0 274.0 0.122967280002 10677.03272 
379.0 378.0 0.935309400004 9864.6906 
572.0 532.0 0.0796910399997 10720.30896 
529.0 644.0 0.0250000000007 10775.0 
517.0 98.0 0.136377 10663.623 
476.0 806.0 0.110819440001 10689.18056 
596.0 167.0 0.0498328000003 10750.1672 
186.0 635.0 0.0303600000008 10769.64 
339.0 868.0 0.103971200001 10696.0288 
578.0 793.0 0.109961120001 10690.03888 
389.0 318.0 0.139784160002 10660.21584 
638.0 701.0 0.0931433200005 10706.85668 
381.0 234.0 0.00632000000017 10793.68 
609.0 436.0 0.00606000000017 10793.94 
344.0 841.0 0.0314000000009 10768.6 
734.0 812.0 0.00981359999998 10790.1864 
510.0 775.0 0.0184600000005 10781.54 
689.0 654.0 0.0707792400003 10729.22076 
241.0 965.0 0.0587535200009 10741.24648 
723.0 797.0 0.0239800000007 10776.02 
791.0 554.0 0.0890456000002 10710.9544 
947.0 553.0 0.03774968 10762.25032 
687.0 464.0 0.56573648 10234.26352 
541.0 584.0 0.0531320000001 10746.868 
297.0 958.0 0.0526320000008 10747.368 
800.0 368.0 0.0686878000002 10731.3122 
213.0 696.0 0.324664000001 10475.336 
438.0 158.0 0.0118200000003 10788.18 
294.0 242.0 0.0301600000003 10769.84 
830.0 743.0 0.0414590000005 10758.541 
498.0 558.0 0.10689856 10693.10144 
796.0 642.0 0.0301600000003 10769.84 
135.0 679.0 0.114760440001 10685.23956 
429.0 808.0 0.0385202000005 10761.4798 
274.0 355.0 0.559284000006 10240.716 
276.0 988.0 0.116234720001 10683.76528 
166.0 230.0 0.328394560001 10471.60544 
478.0 939.0 0.0267561600001 10773.24384 
400.0 573.0 0.23928448 10560.71552 
365.0 215.0 0.0141188800002 10785.88112 
401.0 586.0 0.120097360001 10679.90264 
202.0 559.0 0.0301600000003 10769.84 
920.0 543.0 0.0119600000003 10788.04 
108.0 580.0 0.00935720000001 10790.6428 
234.0 765.0 0.113710880002 10686.28912 
636.0 408.0 0.067117560001 10732.88244 
425.0 704.0 0.0314800000009 10768.52 
218.0 855.0 0.0183600000005 10781.64 
791.0 765.0 0.1522224 10647.7776 
135.0 294.0 0.457558400001 10342.4416 
702.0 469.0 0.0829200000023 10717.08 
909.0 434.0 0.0301600000003 10769.84 
960.0 727.0 0.0301600000003 10769.84 
438.0 73.0 0.0741432000004 10725.8568 
502.0 903.0 0.00564000000016 10794.36 
34.0 686.0 0.0301600000003 10769.84 
101.0 964.0 0.0301600000003 10769.84 
615.0 204.0 0.0577168000004 10742.2832 
458.0 790.0 0.0953027200012 10704.69728 
374.0 679.0 0.04754376 10752.45624 
383.0 365.0 0.0808200000022 10719.18 
458.0 136.0 0.0302400000008 10769.76 
139.0 845.0 0.0834601999998 10716.5398 
640.0 608.0 0.0439563999998 10756.0436 
561.0 70.0 0.0504024000005 10749.5976 
640.0 247.0 0.0185000000005 10781.5 
78.0 159.0 0.0708021200007 10729.19788 
310.0 571.0 0.0306312000008 10769.3688 
250.0 744.0 0.144115040001 10655.88496 
594.0 271.0 0.0958508000013 10704.1492 
138.0 162.0 0.184847360001 10615.15264 
346.0 442.0 0.536832000004 10263.168 
332.0 870.0 0.0301600000003 10769.84 
257.0 771.0 0.0329892800006 10767.01072 
422.0 314.0 0.114381560003 10685.61844 
388.0 511.0 0.129760000004 10670.24 
332.0 361.0 0.505650480001 10294.34952 
803.0 529.0 0.0775370800008 10722.46292 
311.0 380.0 0.271168680006 10528.83132 
331.0 961.0 0.0701816000013 10729.8184 
291.0 455.0 0.144689560003 10655.31044 
279.0 492.0 0.147654080003 10652.34592 
295.0 143.0 0.0301600000003 10769.84 
725.0 428.0 0.152028000002 10647.972 
122.0 587.0 0.00628000000017 10793.72 
494.0 358.0 0.832576560004 9967.42344 
318.0 126.0 0.0780934800004 10721.90652 
332.0 577.0 0.225209600001 10574.7904 
583.0 776.0 0.0732766400009 10726.72336 
323.0 935.0 0.315397800002 10484.6022 
918.0 365.0 0.0301600000003 10769.84 
739.0 328.0 0.0118800000003 10788.12 
702.0 240.0 0.05799312 10742.00688 
981.0 611.0 0.0717984000005 10728.2016 
571.0 718.0 0.117298920001 10682.70108 
101.0 186.0 0.126969280001 10673.03072 
134.0 461.0 0.0301600000003 10769.84 
798.0 458.0 0.0985296800005 10701.47032 
390.0 133.0 0.0932415600004 10706.75844 
707.0 259.0 0.06731068 10732.68932 
795.0 467.0 0.0121800000003 10787.82 
565.0 199.0 0.193499440001 10606.50056 
125.0 337.0 0.162285120002 10637.71488 
202.0 363.0 0.173314720003 10626.68528 
501.0 288.0 0.091793600002 10708.2064 
684.0 830.0 0.0390616000002 10760.9384 
236.0 918.0 0.130064360001 10669.93564 
613.0 627.0 0.0176400000005 10782.36 
776.0 893.0 0.0301600000003 10769.84 
752.0 495.0 0.285506640003 10514.49336 
431.0 757.0 0.186659 10613.341 
202.0 327.0 0.672352480002 10127.64752 
872.0 232.0 0.0301600000003 10769.84 
52.0 476.0 0.0301600000003 10769.84 
