500.0 500.0
397.0 458.0 0.0301600000003 10769.84 
437.0 325.0 0.250241800004 10549.7582 
268.0 497.0 0.0268689599999 10773.13104 
311.0 374.0 0.304551080006 10495.44892 
384.0 392.0 0.541103120003 10258.89688 
266.0 235.0 0.280987600004 10519.0124 
183.0 357.0 0.168325000002 10631.675 
417.0 190.0 0.0301600000003 10769.84 
307.0 516.0 0.0118200000003 10788.18 
236.0 339.0 0.211193600004 10588.8064 
236.0 413.0 0.0667800000019 10733.22 
316.0 258.0 0.163922000003 10636.078 
245.0 295.0 0.180700640003 10619.29936 
449.0 420.0 0.134380000004 10665.62 
610.0 477.0 0.203984000002 10596.016 
264.0 285.0 0.301425840006 10498.57416 
323.0 580.0 0.0954861600008 10704.51384 
338.0 409.0 0.375686240008 10424.31376 
153.0 440.0 0.0685860000007 10731.414 
410.0 692.0 0.0121400000003 10787.86 
186.0 308.0 0.132602560002 10667.39744 
409.0 301.0 0.219476000004 10580.524 
404.0 309.0 0.198703720004 10601.29628 
367.0 301.0 0.731345520006 10068.65448 
521.0 196.0 0.0337523200001 10766.24768 
340.0 413.0 0.0301600000003 10769.84 
283.0 271.0 0.754879520003 10045.12048 
220.0 260.0 0.453076000004 10346.924 
623.0 210.0 0.0721885200002 10727.81148 
469.0 364.0 0.336831680002 10463.16832 
467.0 121.0 0.0123800000003 10787.62 
198.0 615.0 0.0301600000003 10769.84 
599.0 37.0 0.0413247200001 10758.67528 
307.0 347.0 0.0301600000003 10769.84 
362.0 228.0 0.113852880002 10686.14712 
481.0 314.0 0.0732485600009 10726.75144 
159.0 232.0 0.375393200001 10424.6068 
337.0 608.0 0.0237204800004 10776.27952 
338.0 712.0 0.0301600000003 10769.84 
332.0 370.0 0.386741440009 10413.25856 
383.0 345.0 0.307634400006 10492.3656 
128.0 553.0 0.0126200000003 10787.38 
284.0 738.0 0.0301600000003 10769.84 
472.0 737.0 0.07438992 10725.61008 
202.0 724.0 0.00664000000018 10793.36 
231.0 359.0 0.395042400004 10404.9576 
730.0 388.0 0.0447577600001 10755.24224 
102.0 349.0 0.00624000000017 10793.76 
85.0 543.0 0.0374892399999 10762.51076 
596.0 490.0 0.121462000001 10678.538 
602.0 290.0 0.0519737600011 10748.02624 
339.0 686.0 0.0911668000002 10708.8332 
119.0 220.0 0.133037280002 10666.96272 
182.0 496.0 0.094020160001 10705.97984 
348.0 843.0 0.00604000000017 10793.96 
321.0 257.0 0.287550560002 10512.44944 
337.0 304.0 0.174280240003 10625.71976 
600.0 345.0 0.0243600000007 10775.64 
414.0 305.0 0.229811120004 10570.18888 
624.0 86.0 0.0121200000003 10787.88 
750.0 101.0 0.0120600000003 10787.94 
171.0 474.0 0.0848508000004 10715.1492 
206.0 431.0 0.111783000002 10688.217 
759.0 272.0 0.0301600000003 10769.84 
544.0 439.0 0.406413999999 10393.586 
531.0 588.0 0.0934972000008 10706.5028 
264.0 841.0 0.00808600000028 10791.914 
429.0 964.0 0.0301600000003 10769.84 
811.0 242.0 0.00656000000018 10793.44 
398.0 589.0 0.0919700000011 10708.03 
547.0 794.0 0.0655771600007 10734.42284 
404.0 72.0 0.0923872 10707.6128 
488.0 536.0 0.249139200005 10550.8608 
716.0 444.0 0.00584000000016 10794.16 
715.0 61.0 0.0448300000002 10755.17 
529.0 236.0 0.0123200000003 10787.68 
220.0 426.0 0.0526810000009 10747.319 
617.0 774.0 0.119618640001 10680.38136 
613.0 301.0 0.151315600001 10648.6844 
687.0 493.0 0.0967384000005 10703.2616 
290.0 132.0 0.0896960000001 10710.304 
396.0 372.0 0.800719000002 9999.281 
937.0 220.0 0.0301600000003 10769.84 
543.0 232.0 0.0123200000003 10787.68 
565.0 453.0 0.0636297600017 10736.37024 
669.0 261.0 0.161187360001 10638.81264 
689.0 54.0 0.0777774800003 10722.22252 
435.0 413.0 0.236144000006 10563.856 
628.0 831.0 0.123013600001 10676.9864 
437.0 562.0 0.286711440004 10513.28856 
712.0 609.0 0.0301600000003 10769.84 
489.0 46.0 0.0301600000003 10769.84 
106.0 639.0 0.0301600000003 10769.84 
130.0 227.0 0.0665998400015 10733.40016 
504.0 278.0 0.00588000000016 10794.12 
62.0 305.0 0.0503692799999 10749.63072 
164.0 725.0 0.0258295999997 10774.1704 
405.0 285.0 0.153626080002 10646.37392 
356.0 609.0 0.0190000000005 10781.0 
818.0 197.0 0.0301600000003 10769.84 
337.0 375.0 0.300037440007 10499.96256 
571.0 237.0 0.115879200001 10684.1208 
218.0 86.0 0.0301600000003 10769.84 
823.0 337.0 0.00656000000018 10793.44 
915.0 326.0 0.0301600000003 10769.84 
143.0 837.0 0.0301600000003 10769.84 
233.0 417.0 0.074095000002 10725.905 
764.0 671.0 0.1386352 10661.3648 
430.0 508.0 1.29478576 9505.21424 
715.0 782.0 0.0641743199997 10735.82568 
78.0 129.0 0.0520296000004 10747.9704 
419.0 110.0 0.0419650000001 10758.035 
579.0 747.0 0.0251000000007 10774.9 
181.0 973.0 0.0301600000003 10769.84 
233.0 181.0 0.132279600001 10667.7204 
265.0 957.0 0.0301600000003 10769.84 
265.0 830.0 0.00650000000018 10793.5 
961.0 90.0 0.0301600000003 10769.84 
855.0 272.0 0.0754268800002 10724.57312 
689.0 875.0 0.0907107600001 10709.28924 
712.0 715.0 0.0192600000005 10780.74 
112.0 558.0 0.0161268800003 10783.87312 
58.0 177.0 0.174082000001 10625.918 
408.0 870.0 0.0583343200002 10741.66568 
834.0 686.0 0.0875400000004 10712.46 
