500.0 500.0
639.0 531.0 0.120800000002 10679.2 
540.0 536.0 0.0642720000009 10735.728 
591.0 380.0 0.555340000014 10244.66 
576.0 265.0 0.215797280004 10584.20272 
688.0 440.0 0.129428400002 10670.5716 
624.0 295.0 0.553654520003 10246.34548 
679.0 538.0 0.183987920003 10616.01208 
606.0 644.0 0.00578000000016 10794.22 
681.0 462.0 0.175614000002 10624.386 
488.0 143.0 0.0490083200006 10750.99168 
549.0 429.0  0.0490083200006 10750.99168 
620.0 170.0 0.199725600001 10600.2744 
387.0 540.0 0.240773000005 10559.227 
556.0 302.0 0.841315400007 9958.68459999 
557.0 372.0 0.360128480006 10439.87152 
620.0 246.0 0.237530560001 10562.46944 
750.0 486.0 0.227079280003 10572.92072 
613.0 262.0 0.296549040004 10503.45096 
648.0 257.0 0.096060000002 10703.94 
639.0 442.0 0.268400880005 10531.59912 
719.0 284.0 0.140314360001 10659.68564 
578.0 245.0 0.189594640004 10610.40536 
589.0 157.0 0.0409360000003 10759.064 
759.0 220.0 0.0977931200004 10702.20688 
648.0 406.0 0.295819840006 10504.18016 
583.0 675.0 0.0230043999998 10776.9956 
481.0 675.0 0.0941577600006 10705.84224 
776.0 477.0 0.356364000003 10443.636 
770.0 400.0 0.201213400001 10598.7866 
787.0 421.0 0.0795103600009 10720.48964 
482.0 31.0 0.0174163200002 10782.58368 
449.0 476.0 0.478955680012 10321.04432 
504.0 183.0 0.0996842000008 10700.3158 
397.0 541.0 0.499666800004 10300.3332 
416.0 154.0 0.0797808800003 10720.21912 
642.0 495.0 0.0976800000027 10702.32 
464.0 682.0 0.0947800000011 10705.22 
786.0 468.0 0.0720136000015 10727.9864 
447.0 529.0 0.482622000004 10317.378 
787.0 340.0 0.0629412800003 10737.05872 
682.0 441.0 0.0688300800007 10731.16992 
267.0 537.0 0.0619164800003 10738.08352 
724.0 263.0 0.134525200002 10665.4748 
385.0 638.0 0.0763880000005 10723.612 
166.0 571.0 0.122613 10677.387 
472.0 471.0 0.40749500001 10392.505 
433.0 442.0 0.546192000008 10253.808 
540.0 590.0 0.0916999200004 10708.30008 
441.0 532.0 0.203600400004 10596.3996 
606.0 337.0 0.404631920005 10395.36808 
629.0 781.0 0.15422428 10645.77572 
687.0 570.0 0.144965000003 10655.035 
461.0 258.0 0.0580152000009 10741.9848 
605.0 509.0 0.0431000000012 10756.9 
452.0 43.0 0.00564000000016 10794.36 
457.0 442.0 0.397466400009 10402.5336 
381.0 553.0 0.249990400005 10550.0096 
687.0 421.0 0.173661600004 10626.3384 
881.0 469.0 0.0116000000003 10788.4 
683.0 288.0 0.190616320003 10609.38368 
201.0 400.0 0.0116000000003 10788.4 
498.0 358.0 0.363414880008 10436.58512 
850.0 136.0 0.0404000000004 10759.6 
733.0 107.0 0.0116000000003 10788.4 
142.0 290.0 0.0116000000003 10788.4 
416.0 572.0 0.334174800004 10465.8252 
519.0 374.0 0.960922720011 9839.07727999 
514.0 843.0 0.00632000000017 10793.68 
551.0 516.0 0.302078360007 10497.92164 
701.0 337.0 0.178370000003 10621.63 
754.0 551.0 0.198132760003 10601.86724 
300.0 504.0 0.0979675200012 10702.03248 
274.0 222.0 0.0116000000003 10788.4 
601.0 393.0 0.0116000000003 10788.4 
613.0 587.0 0.126764800001 10673.2352 
452.0 530.0 0.566727520006 10233.27248 
760.0 636.0 0.0116000000003 10788.4 
928.0 327.0 0.0116000000003 10788.4 
665.0 360.0 0.625094400005 10174.9056 
145.0 146.0 0.00596000000017 10794.04 
879.0 168.0 0.13307544 10666.92456 
380.0 380.0 0.0787508400003 10721.24916 
732.0 519.0 0.134506200002 10665.4938 
678.0 536.0 0.278276720001 10521.72328 
320.0 535.0 0.254665000002 10545.335 
502.0 464.0 0.0490083200006 10750.99168 
441.0 621.0 0.230807040002 10569.19296 
660.0 182.0 0.133155040001 10666.84496 
356.0 480.0 0.375017600003 10424.9824 
874.0 237.0 0.0120200000003 10787.98 
375.0 215.0 0.0123800000003 10787.62 
611.0 914.0 0.00634000000017 10793.66 
284.0 675.0 0.00632000000017 10793.68 
379.0 395.0 0.175680000001 10624.32 
178.0 101.0 0.04588008 10754.11992 
493.0 535.0 0.41736832001 10382.63168 
462.0 427.0 0.74287720001 10057.1228 
869.0 559.0 0.0372591999999 10762.7408 
630.0 380.0 0.244504640005 10555.49536 
847.0 603.0 0.00638000000018 10793.62 
661.0 716.0 0.0128600000004 10787.14 
521.0 856.0 0.00907551999999 10790.92448 
728.0 534.0 0.291440680003 10508.55932 
243.0 634.0 0.0488156799998 10751.18432 
229.0 587.0 0.0186600000005 10781.34 
169.0 738.0 0.0116000000003 10788.4 
238.0 98.0 0.0116000000003 10788.4 
643.0 369.0 0.402939200006 10397.0608 
776.0 85.0 0.0116000000003 10788.4 
499.0 264.0 0.405134800003 10394.8652 
404.0 180.0 0.0316131199998 10768.38688 
459.0 351.0 0.321306200007 10478.6938 
623.0 913.0 0.00817859999986 10791.8214 
345.0 436.0 0.111986760001 10688.01324 
529.0 376.0 1.41180056001 9388.19943999 
988.0 500.0 0.0116000000003 10788.4 
729.0 658.0 0.0116000000003 10788.4 
150.0 544.0 0.0301600000003 10769.84 
677.0 554.0 0.457522800001 10342.4772 
521.0 229.0 0.139355120002 10660.64488 
645.0 811.0 0.0339243200004 10766.07568 
384.0 368.0 0.045777520001 10754.22248 
235.0 111.0 0.00596000000017 10794.04 
968.0 289.0 0.0301600000003 10769.84 
764.0 934.0 0.0301600000003 10769.84 
