500.0 500.0
656.0 527.0 0.0404848000006 10759.5152 
783.0 449.0 0.121972000002 10678.028 
782.0 623.0 0.119053600002 10680.9464 
780.0 769.0 0.103504000002 10696.496 
771.0 465.0 0.142282840003 10657.71716 
927.0 743.0 0.175828680001 10624.17132 
694.0 640.0 0.150760800003 10649.2392 
671.0 450.0 0.283896640004 10516.10336 
895.0 447.0 0.0404848000006 10759.5152 
532.0 518.0 0.0842977600019 10715.70224 
692.0 685.0 0.124486080001 10675.51392 
859.0 465.0 0.216341760002 10583.65824 
365.0 461.0 0.0521840000006 10747.816 
911.0 674.0 0.13726 10662.74 
618.0 506.0 0.953945120012 9846.05487999 
828.0 772.0 0.145429960002 10654.57004 
347.0 318.0 0.0898000000004 10710.2 
687.0 312.0 0.152682080001 10647.31792 
754.0 485.0 0.0611600000017 10738.84 
884.0 460.0 0.0404848000006 10759.5152 
420.0 388.0 0.0324000000009 10767.6 
808.0 409.0 0.0795020000014 10720.498 
796.0 571.0 0.113139360002 10686.86064 
834.0 529.0 0.101437280002 10698.56272 
320.0 399.0 0.0970160400004 10702.98396 
844.0 768.0 0.0700864000007 10729.9136 
590.0 390.0 0.207005280002 10592.99472 
825.0 587.0 0.135366000002 10664.634 
785.0 559.0 0.182023200003 10617.9768 
394.0 474.0 0.0189400000005 10781.06 
657.0 559.0 0.302066400007 10497.9336 
392.0 470.0 0.0191696000004 10780.8304 
711.0 531.0 0.416549200005 10383.4508 
690.0 530.0 0.334605600007 10465.3944 
605.0 476.0 0.909645440008 9890.35455999 
215.0 454.0 0.0127400000004 10787.26 
307.0 599.0 0.0670424000002 10732.9576 
776.0 582.0 0.146584000002 10653.416 
690.0 616.0 0.234611200004 10565.3888 
808.0 725.0 0.0313400000009 10768.66 
430.0 276.0 0.0538059200009 10746.19408 
691.0 874.0 0.0404848000006 10759.5152 
293.0 555.0 0.0116000000003 10788.4 
418.0 296.0 0.213315200002 10586.6848 
319.0 638.0 0.0374934000004 10762.5066 
529.0 237.0 0.0188200000005 10781.18 
441.0 367.0 0.115853600001 10684.1464 
687.0 606.0 0.326062800004 10473.9372 
228.0 250.0 0.0404848000006 10759.5152 
551.0 905.0 0.0404848000006 10759.5152 
702.0 415.0 0.0537905600004 10746.20944 
641.0 916.0 0.0404848000006 10759.5152 
91.0 448.0 0.0404848000006 10759.5152 
986.0 721.0 0.0772856000005 10722.7144 
617.0 411.0 0.157867200002 10642.1328 
667.0 542.0 0.303913120007 10496.08688 
884.0 293.0 0.0583039999999 10741.696 
635.0 354.0 0.202103680002 10597.89632 
777.0 526.0 0.283184600002 10516.8154 
741.0 592.0 0.220186000003 10579.814 
498.0 809.0 0.0404848000006 10759.5152 
753.0 766.0 0.3039746 10496.0254 
740.0 299.0 0.0591069600003 10740.89304 
192.0 418.0 0.0362460000004 10763.754 
144.0 159.0 0.0116000000003 10788.4 
713.0 223.0 0.0153882000002 10784.6118 
916.0 634.0 0.037280000001 10762.72 
688.0 93.0 0.0404848000006 10759.5152 
858.0 325.0 0.0119600000003 10788.04 
598.0 57.0 0.0404848000006 10759.5152 
457.0 579.0 0.0404848000006 10759.5152 
722.0 664.0 0.134855960002 10665.14404 
807.0 515.0 0.167781440003 10632.21856 
802.0 922.0 0.0404848000006 10759.5152 
545.0 377.0 0.037600000001 10762.4 
936.0 741.0 0.114160960001 10685.83904 
267.0 130.0 0.0 10800.0 
459.0 988.0 0.0404848000006 10759.5152 
307.0 961.0 0.0116000000003 10788.4 
671.0 496.0 0.332845120007 10467.15488 
802.0 835.0 0.175772000001 10624.228 
933.0 571.0 0.0404848000006 10759.5152 
725.0 832.0 0.0781788800003 10721.82112 
779.0 376.0 0.105204800001 10694.7952 
528.0 649.0 0.0116000000003 10788.4 
906.0 706.0 0.113793440001 10686.20656 
226.0 384.0 0.0760046000002 10723.9954 
346.0 788.0 0.0116000000003 10788.4 
249.0 695.0 0.00620000000017 10793.8 
571.0 510.0 1.55770576001 9242.29423999 
657.0 411.0 0.143429200002 10656.5708 
487.0 533.0 0.0836992000019 10716.3008 
714.0 783.0 0.0208518000004 10779.1482 
861.0 218.0 0.08754944 10712.45056 
257.0 818.0 0.0116000000003 10788.4 
718.0 626.0 0.205955520003 10594.04448 
554.0 500.0 0.608920800007 10191.0792 
773.0 157.0 0.00640000000018 10793.6 
519.0 189.0 0.0498796800002 10750.12032 
640.0 452.0 0.331787320008 10468.21268 
849.0 851.0 0.0519194000003 10748.0806 
27.0 540.0 0.0116000000003 10788.4 
680.0 594.0 0.719765000004 10080.235 
979.0 390.0 0.0116000000003 10788.4 
658.0 550.0 0.475837760006 10324.16224 
602.0 737.0 0.085824 10714.176 
445.0 659.0 0.0116000000003 10788.4 
965.0 833.0 0.0116000000003 10788.4 
640.0 668.0 0.0195400000005 10780.46 
229.0 880.0 0.0116000000003 10788.4 
236.0 708.0 0.0103912000002 10789.6088 
518.0 170.0 0.139139200001 10660.8608 
686.0 219.0 0.0127000000003 10787.3 
512.0 95.0 0.0907279200005 10709.27208 
977.0 684.0 0.131107360002 10668.89264 
880.0 305.0 0.0119600000003 10788.04 
454.0 306.0 0.171623600002 10628.3764 
787.0 134.0 0.0156800000003 10784.32 
673.0 143.0 0.0840427999998 10715.9572 
360.0 118.0 0.0443200000012 10755.68 
971.0 969.0 0.0116000000003 10788.4 
834.0 41.0 0.0840427999998 10715.9572 
598.0 834.0 0.0443200000012 10755.68 
34.0 183.0 0.0116000000003 10788.4 
691.0 777.0 0.0443200000012 10755.68 
