500.0 500.0
552.0 394.0 0.770896800009 10029.1032 
643.0 270.0 0.488918160006 10311.08184 
641.0 309.0 0.301223200006 10498.7768 
629.0 175.0 0.112742400001 10687.2576 
525.0 214.0 0.142383040002 10657.61696 
621.0 295.0 0.227944320004 10572.05568 
545.0 372.0 0.514872280013 10285.12772 
408.0 401.0 0.403854800005 10396.1452 
647.0 243.0 0.267419760006 10532.58024 
542.0 286.0 0.60704040001 10192.9596 
401.0 359.0 0.106201520002 10693.79848 
638.0 411.0 0.123071000002 10676.929 
476.0 525.0 0.232668280006 10567.33172 
559.0 198.0 0.0781900000007 10721.81 
413.0 218.0 0.190478160002 10609.52184 
260.0 347.0 0.0129200000004 10787.08 
528.0 382.0 0.0490083200006 10750.99168 
730.0 264.0 0.108436480003 10691.56352 
637.0 241.0 0.467588640007 10332.41136 
399.0 166.0 0.194194400002 10605.8056 
700.0 205.0 0.246135600005 10553.8644 
473.0 245.0 0.297568400004 10502.4316 
661.0 371.0 0.234955520002 10565.04448 
610.0 177.0 0.102826000001 10697.174 
484.0 447.0 0.0490083200006 10750.99168 
708.0 262.0 0.731286600003 10068.7134 
630.0 460.0 0.308227200003 10491.7728 
539.0 201.0 0.136964000002 10663.036 
671.0 483.0 0.160256000004 10639.744 
553.0 281.0 0.272843440005 10527.15656 
602.0 621.0 0.127848120003 10672.15188 
482.0 292.0 0.762051720012 10037.94828 
791.0 256.0 0.0854004000013 10714.5996 
308.0 346.0 0.0967697600004 10703.23024 
486.0 343.0 0.0490083200006 10750.99168 
181.0 423.0 0.0408417600004 10759.15824 
533.0 318.0 0.0490083200006 10750.99168 
348.0 372.0 0.294036880003 10505.96312 
442.0 225.0 0.397635400004 10402.3646 
608.0 292.0 0.0490083200006 10750.99168 
406.0 344.0 0.127616000002 10672.384 
271.0 301.0 0.0628789600002 10737.12104 
598.0 707.0 0.210540640001 10589.45936 
515.0 738.0 0.0684360000013 10731.564 
631.0 419.0 0.325944400004 10474.0556 
287.0 431.0 0.263810800001 10536.1892 
743.0 237.0 0.162632000002 10637.368 
133.0 235.0 0.0765794 10723.4206 
380.0 132.0 0.0443714800002 10755.62852 
12.0 337.0 0.0561544000005 10743.8456 
596.0 576.0 0.463903600003 10336.0964 
774.0 500.0 0.0588092800008 10741.19072 
574.0 515.0 0.992517040004 9807.48296 
621.0 503.0 0.277954160003 10522.04584 
506.0 219.0 0.295327800004 10504.6722 
388.0 833.0 0.0490083200006 10750.99168 
113.0 447.0 0.168467000001 10631.533 
616.0 821.0 0.0490083200006 10750.99168 
557.0 384.0 0.39755800001 10402.442 
480.0 71.0 0.00598000000017 10794.02 
815.0 262.0 0.101062160001 10698.93784 
881.0 603.0 0.0246177600003 10775.38224 
501.0 696.0 0.291364640001 10508.63536 
444.0 732.0 0.0373826800008 10762.61732 
263.0 427.0 0.0507819200012 10749.21808 
117.0 494.0 0.0557800000015 10744.22 
904.0 542.0 0.0201350800003 10779.86492 
401.0 361.0 0.143878240003 10656.12176 
654.0 623.0 0.211347200002 10588.6528 
109.0 530.0 0.0529919999998 10747.008 
524.0 538.0 0.0379928000002 10762.0072 
654.0 719.0 0.0643936000006 10735.6064 
574.0 428.0 0.314340000009 10485.66 
662.0 506.0 0.173241200003 10626.7588 
466.0 312.0 0.325366440009 10474.63356 
750.0 130.0 0.092272920001 10707.72708 
616.0 63.0 0.0490083200006 10750.99168 
688.0 454.0 0.251816000004 10548.184 
385.0 307.0 0.0724016000007 10727.5984 
896.0 421.0 0.00600000000017 10794.0 
729.0 473.0 0.0897518400007 10710.24816 
759.0 609.0 0.0490083200006 10750.99168 
14.0 191.0 0.00646000000018 10793.54 
80.0 389.0 0.118567800001 10681.4322 
209.0 236.0 0.00610000000017 10793.9 
30.0 438.0 0.0265609600002 10773.43904 
45.0 132.0 0.0638506399998 10736.14936 
522.0 333.0 0.516322960013 10283.67704 
562.0 671.0 0.220988000003 10579.012 
311.0 550.0 0.0198568000006 10780.1432 
528.0 190.0 0.141206000002 10658.794 
861.0 597.0 0.0129400000004 10787.06 
702.0 346.0 0.107545520001 10692.45448 
759.0 135.0 0.0894831600009 10710.51684 
764.0 386.0 0.0871166400003 10712.88336 
888.0 659.0 0.07110856 10728.89144 
297.0 91.0 0.0490083200006 10750.99168 
716.0 506.0 0.132190400002 10667.8096 
585.0 632.0 0.0623400000017 10737.66 
216.0 401.0 0.203655440001 10596.34456 
55.0 369.0 0.169667600001 10630.3324 
435.0 144.0 0.114784800001 10685.2152 
412.0 444.0 0.29157748001 9508.42251999 
120.0 634.0 0.00612000000017 10793.88 
348.0 424.0 0.495949280004 10304.05072 
578.0 639.0 0.214096720003 10585.90328 
436.0 978.0 0.0490083200006 10750.99168 
423.0 51.0 0.04962204 10750.37796 
89.0 598.0 0.0802137600006 10719.78624 
912.0 349.0 0.0712800000001 10728.72 
438.0 701.0 0.143130480001 10656.86952 
948.0 740.0 0.0490083200006 10750.99168 
824.0 177.0 0.102194560001 10697.80544 
752.0 197.0 0.330727200002 10469.2728 
184.0 487.0 0.00632000000017 10793.68 
677.0 683.0 0.0743028000007 10725.6972 
879.0 546.0 0.0125200000003 10787.48 
84.0 432.0 0.251097920001 10548.90208 
744.0 436.0 0.0920732800003 10707.92672 
611.0 429.0 0.244049600006 10555.9504 
372.0 530.0 0.0117400000003 10788.26 
36.0 464.0 0.190257120001 10609.74288 
738.0 267.0 0.182940000004 10617.06 
587.0 718.0 0.154197200002 10645.8028 
325.0 554.0 0.0828318000001 10717.1682 
