500.0 500.0
546.0 352.0 0.57848464001 9721.51535999 
684.0 378.0 0.821218960007 9978.78103999 
457.0 237.0 0.338096200005 10461.9038 
461.0 401.0 0.71705040001 10082.9496 
527.0 155.0 0.145404960003 10654.59504 
437.0 172.0 0.115985000001 10684.015 
499.0 353.0 0.31340396002 9486.59603998 
526.0 176.0 0.422950520002 10377.04948 
791.0 303.0 0.186950760003 10613.04924 
792.0 261.0 0.0611320000008 10738.868 
660.0 99.0 0.0870809600012 10712.91904 
791.0 417.0 0.172782720003 10627.21728 
650.0 491.0 0.859186240005 9940.81375999 
391.0 319.0 0.206483600004 10593.5164 
407.0 212.0 0.172881840003 10627.11816 
560.0 165.0 0.127228800002 10672.7712 
326.0 334.0 0.33856032 9461.43968 
785.0 149.0 0.0124200000003 10787.58 
436.0 361.0 0.154930000002 10645.07 
421.0 240.0 0.166793760001 10633.20624 
551.0 129.0 0.175111600001 10624.8884 
751.0 394.0 0.245448200005 10554.5518 
447.0 140.0 0.116825800003 10683.1742 
823.0 508.0 0.00642000000018 10793.58 
802.0 245.0 0.130349600001 10669.6504 
313.0 287.0 0.525268560005 10274.73144 
883.0 233.0 0.0744640000004 10725.536 
739.0 405.0 0.372609200005 10427.3908 
686.0 447.0 0.339652960008 10460.34704 
526.0 294.0 0.720030560018 10079.96944 
634.0 213.0 0.01027604001 9789.72395999 
449.0 265.0 0.524554320004 10275.44568 
767.0 405.0 0.166458880003 10633.54112 
531.0 296.0 0.24499792001 9555.00207999 
622.0 239.0 0.210840000005 10589.16 
530.0 251.0 0.535477840008 10264.52216 
502.0 274.0 0.17889000001 9621.10999999 
707.0 221.0 0.505406080005 10294.59392 
574.0 343.0 0.992086080013 9807.91391999 
845.0 355.0 0.076521440001 10723.47856 
414.0 347.0 0.152320000002 10647.68 
682.0 151.0 0.529739840003 10270.26016 
502.0 425.0 0.64177812002 9158.22187998 
325.0 333.0 0.290773000006 10509.227 
842.0 461.0 0.0774950800002 10722.50492 
388.0 366.0 0.139780720004 10660.21928 
308.0 244.0 0.320567120004 10479.43288 
368.0 205.0 0.162403760002 10637.59624 
270.0 251.0 0.200023200004 10599.9768 
141.0 236.0 0.111788880002 10688.21112 
479.0 344.0 0.560735000013 10239.265 
239.0 228.0 0.500573640003 10299.42636 
367.0 44.0 0.0485664000006 10751.4336 
592.0 279.0 0.13280800001 9667.19199999 
526.0 472.0 0.489437600013 10310.5624 
803.0 606.0 0.0190600000005 10780.94 
151.0 273.0 0.184761240001 10615.23876 
502.0 295.0 0.960719800007 9839.28019999 
582.0 359.0 0.502704760011 10297.29524 
701.0 436.0 0.593881920007 10206.11808 
808.0 609.0 0.0196845600004 10780.31544 
288.0 340.0 0.284608800004 10515.3912 
313.0 107.0 0.0490083200006 10750.99168 
553.0 209.0 0.205713280004 10594.28672 
319.0 194.0 0.0598996000007 10740.1004 
183.0 159.0 0.0969716000019 10703.0284 
704.0 721.0 0.103437200001 10696.5628 
380.0 383.0 0.129540000004 10670.46 
429.0 225.0 0.112740000002 10687.26 
573.0 544.0 0.194731000001 10605.269 
357.0 527.0 0.00588000000016 10794.12 
405.0 342.0 0.169352480004 10630.64752 
639.0 643.0 0.0245800000007 10775.42 
632.0 290.0 0.491078280007 10308.92172 
439.0 324.0 0.149550880003 10650.44912 
914.0 294.0 0.16419096 10635.80904 
185.0 176.0 0.147396000002 10652.604 
501.0 40.0 0.097188000001 10702.812 
679.0 851.0 0.194760160002 10605.23984 
551.0 447.0 0.39736320001 8402.63679999 
179.0 186.0 0.370491040003 10429.50896 
736.0 524.0 0.108537400001 10691.4626 
764.0 167.0 0.414002000003 10385.998 
547.0 597.0 0.0690704000006 10730.9296 
868.0 591.0 0.0657360000001 10734.264 
577.0 77.0 0.0743536000005 10725.6464 
682.0 832.0 0.139272400001 10660.7276 
570.0 64.0 0.0946436000007 10705.3564 
200.0 299.0 0.205329440002 10594.67056 
641.0 425.0 0.388403800002 10411.5962 
914.0 685.0 0.0490083200006 10750.99168 
165.0 180.0 0.114234880002 10685.76512 
991.0 724.0 0.0490083200006 10750.99168 
620.0 417.0 0.175540000005 10624.46 
763.0 71.0 0.111277200001 10688.7228 
701.0 912.0 0.0763292000006 10723.6708 
718.0 467.0 0.243100000004 10556.9 
773.0 237.0 0.179955840003 10620.04416 
629.0 795.0 0.037460000001 10762.54 
708.0 517.0 0.226126400003 10573.8736 
520.0 406.0 0.47567224002 9324.32775998 
469.0 98.0 0.428966000002 10371.034 
657.0 692.0 0.0696290000011 10730.371 
531.0 654.0 0.0562880000001 10743.712 
747.0 248.0 0.116809520002 10683.19048 
880.0 577.0 0.0985507200001 10701.44928 
339.0 683.0 0.0490083200006 10750.99168 
968.0 192.0 0.00578000000016 10794.22 
860.0 239.0 0.0122800000003 10787.72 
776.0 138.0 0.0810994000017 10718.9006 
591.0 19.0 0.0490083200006 10750.99168 
505.0 463.0 0.589142000009 9910.85799999 
992.0 220.0 0.0215015999998 10778.4984 
191.0 96.0 0.14184876 10658.15124 
704.0 124.0 0.123279080003 10676.72092 
743.0 377.0 0.227887600005 10572.1124 
756.0 150.0 0.158287680002 10641.71232 
313.0 544.0 0.032046 10767.954 
642.0 850.0 0.10946464 10690.53536 
223.0 763.0 0.0490083200006 10750.99168 
675.0 502.0 0.135279440002 10664.72056 
111.0 103.0 0.00642000000018 10793.58 
725.0 502.0 0.236599600004 10563.4004 
740.0 295.0 0.211237600002 10588.7624 
786.0 340.0 0.233803120003 10566.19688 
770.0 511.0 0.0918584000007 10708.1416 
810.0 146.0 0.0764696000009 10723.5304 
681.0 650.0 0.104118560001 10695.88144 
514.0 197.0 0.903438760003 9896.56124 
118.0 340.0 0.0474784000002 10752.5216 
298.0 231.0 0.208973080005 10591.02692 
745.0 813.0 0.0860380000005 10713.962 
813.0 112.0 0.121666160001 10678.33384 
642.0 911.0 0.085215320001 10714.78468 
480.0 170.0 0.321825400003 10478.1746 
723.0 687.0 0.0760451600007 10723.95484 
539.0 594.0 0.0123200000003 10787.68 
135.0 352.0 0.0124000000003 10787.6 
516.0 490.0 0.417833440012 10382.16656 
103.0 277.0 0.102176640001 10697.82336 
234.0 339.0 0.266786800001 10533.2132 
385.0 186.0 0.120408160002 10679.59184 
530.0 274.0 0.525161600012 10274.8384 
720.0 560.0 0.123732480001 10676.26752 
134.0 57.0 0.0805268000006 10719.4732 
415.0 41.0 0.210944800002 10589.0552 
95.0 498.0 0.0490083200006 10750.99168 
458.0 20.0 0.136093200001 10663.9068 
526.0 373.0 0.69755888002 8102.44111998 
747.0 338.0 0.675812680002 10124.18732 
