500.0 500.0
569.0 547.0 0.752999000008 10047.001 
687.0 640.0 0.209544000002 10590.456 
623.0 467.0 0.116056320002 10683.94368 
594.0 592.0 0.438328000004 10361.672 
685.0 463.0 1.20624800001 9593.75199999 
720.0 466.0 0.238322080006 10561.67792 
549.0 381.0 0.0240200000007 10775.98 
646.0 499.0 0.647548920017 10152.45108 
637.0 452.0 1.22320164001 9576.79835999 
545.0 713.0 0.199401040003 10600.59896 
701.0 398.0 0.152444560003 10647.55544 
823.0 471.0 0.111131920003 10688.86808 
697.0 794.0 0.0490083200006 10750.99168 
579.0 538.0 0.498767760013 10301.23224 
808.0 838.0 0.0490083200006 10750.99168 
543.0 521.0 0.0490083200006 10750.99168 
590.0 891.0 0.0879312800004 10712.06872 
883.0 374.0 0.123027520002 10676.97248 
484.0 983.0 0.0490083200006 10750.99168 
835.0 344.0 0.299186080001 10500.81392 
920.0 222.0 0.0129800000004 10787.02 
530.0 650.0 0.530364400005 10269.6356 
694.0 334.0 0.443693760003 10356.30624 
924.0 477.0 0.0719764400015 10728.02356 
592.0 725.0 0.0594044000012 10740.5956 
802.0 490.0 0.681717600003 10118.2824 
500.0 669.0 0.372120240005 10427.87976 
931.0 764.0 0.0646631200002 10735.33688 
876.0 120.0 0.0131600000004 10786.84 
865.0 555.0 0.109437720002 10690.56228 
842.0 355.0 0.259193360001 10540.80664 
564.0 718.0 0.153603200002 10646.3968 
726.0 392.0 0.182226400004 10617.7736 
886.0 401.0 0.182078000003 10617.922 
457.0 584.0 0.0490083200006 10750.99168 
916.0 353.0 0.191345600001 10608.6544 
399.0 563.0 0.142584000003 10657.416 
578.0 530.0 0.481385800012 10318.6142 
260.0 634.0 0.0490083200006 10750.99168 
581.0 610.0 0.166342560003 10633.65744 
741.0 600.0 0.0833500800004 10716.64992 
514.0 887.0 0.0838264000009 10716.1736 
663.0 280.0 0.100968600002 10699.0314 
403.0 816.0 0.0190000000005 10781.0 
511.0 881.0 0.0730692000007 10726.9308 
748.0 561.0 0.508718800003 10291.2812 
807.0 416.0 0.0628200000017 10737.18 
707.0 209.0 0.0254800000007 10774.52 
557.0 467.0 0.604350880013 10195.64912 
968.0 264.0 0.0343186400003 10765.68136 
754.0 238.0 0.15306544 10646.93456 
828.0 484.0 0.0851354 10714.8646 
654.0 650.0 0.064117200002 10735.8828 
479.0 737.0 0.2488624 10551.1376 
263.0 518.0 0.510395000005 10289.605 
763.0 217.0 0.101556 10698.444 
730.0 489.0 0.675698560006 10124.30144 
701.0 500.0 0.591052800007 10208.9472 
391.0 913.0 0.00616000000017 10793.84 
578.0 391.0 0.309191160006 10490.80884 
901.0 115.0 0.0215580000003 10778.442 
515.0 321.0 0.0682910400002 10731.70896 
492.0 523.0 0.595183080008 10204.81692 
471.0 459.0 0.131615440003 10668.38456 
783.0 620.0 0.181825120001 10618.17488 
646.0 643.0 0.360887000002 10439.113 
265.0 630.0 0.0490083200006 10750.99168 
512.0 771.0 0.109056000001 10690.944 
955.0 464.0 0.0969472000017 10703.0528 
303.0 473.0 0.642485760005 10157.51424 
859.0 480.0 0.344900840002 10455.09916 
619.0 821.0 0.00604000000017 10793.96 
473.0 611.0 0.361130000004 10438.87 
174.0 399.0 0.215563400002 10584.4366 
21.0 411.0 0.0490083200006 10750.99168 
592.0 468.0 0.75047280001 8049.52719999 
258.0 852.0 0.0393560000006 10760.644 
957.0 643.0 0.0490083200006 10750.99168 
472.0 844.0 0.24225 10557.75 
868.0 392.0 0.202105600003 10597.8944 
122.0 355.0 0.0805568000004 10719.4432 
692.0 265.0 0.247024000001 10552.976 
576.0 561.0 0.489804000012 10310.196 
186.0 720.0 0.0490083200006 10750.99168 
379.0 311.0 0.0329856800001 10767.01432 
378.0 414.0 0.215837320004 10584.16268 
686.0 374.0 0.134690880003 10665.30912 
256.0 209.0 0.0647948000002 10735.2052 
834.0 661.0 0.0790224800004 10720.97752 
385.0 356.0 0.00644000000018 10793.56 
680.0 706.0 0.120900000001 10679.1 
938.0 416.0 0.119954720001 10680.04528 
143.0 483.0 0.0347796000005 10765.2204 
176.0 932.0 0.00648000000018 10793.52 
567.0 590.0 0.350906640008 10449.09336 
896.0 852.0 0.0120600000003 10787.94 
868.0 737.0 0.00622000000017 10793.78 
155.0 561.0 0.0338872000006 10766.1128 
991.0 857.0 0.0238065600006 10776.19344 
267.0 276.0 0.0123800000003 10787.62 
497.0 757.0 0.0388252800007 10761.17472 
644.0 481.0 0.819450440016 9980.54955998 
959.0 303.0 0.0129800000004 10787.02 
930.0 537.0 0.0740152000008 10725.9848 
970.0 862.0 0.15263312 10647.36688 
343.0 958.0 0.0594932800002 10740.50672 
221.0 922.0 0.19483728 10605.16272 
820.0 277.0 0.115239080001 10684.76092 
809.0 596.0 0.185527200001 10614.4728 
230.0 280.0 0.00634000000017 10793.66 
972.0 396.0 0.0823860000006 10717.614 
526.0 521.0 0.657463120008 10142.53688 
771.0 542.0 0.180491200003 10619.5088 
663.0 565.0 0.319257600004 10480.7424 
950.0 266.0 0.031308 10768.692 
249.0 840.0 0.0184800000005 10781.52 
582.0 342.0 0.0556532000007 10744.3468 
425.0 472.0 0.438907200001 10361.0928 
400.0 653.0 0.0490083200006 10750.99168 
182.0 456.0 0.151552000001 10648.448 
357.0 437.0 0.933516680003 9866.48332 
215.0 457.0 0.649457000003 10150.543 
842.0 507.0 0.129485760003 10670.51424 
722.0 110.0 0.0458640000003 10754.136 
712.0 371.0 0.165739600003 10634.2604 
920.0 121.0 0.0391158000003 10760.8842 
664.0 116.0 0.00588000000016 10794.12 
460.0 630.0 0.250785000006 10549.215 
978.0 604.0 0.0490083200006 10750.99168 
604.0 182.0 0.0490083200006 10750.99168 
731.0 661.0 0.103586000001 10696.414 
664.0 396.0 0.939630400004 9860.3696 
166.0 961.0 0.0186753600002 10781.32464 
462.0 479.0 0.643747200007 10156.2528 
166.0 500.0 0.104263040001 10695.73696 
177.0 577.0 0.0187000000005 10781.3 
771.0 917.0 0.0490083200006 10750.99168 
294.0 754.0 0.0490083200006 10750.99168 
905.0 457.0 0.235160600002 10564.8394 
553.0 263.0 0.0490083200006 10750.99168 
157.0 392.0 0.105372000001 10694.628 
289.0 493.0 0.0490083200006 10750.99168 
701.0 372.0 0.148625000003 10651.375 
584.0 363.0 0.0376174000003 10762.3826 
271.0 959.0 0.0677841600004 10732.21584 
463.0 761.0 0.0417427200006 10758.25728 
212.0 315.0 0.06095568 10739.04432 
579.0 686.0 0.156728040002 10643.27196 
323.0 716.0 0.0490083200006 10750.99168 
815.0 224.0 0.0614092400004 10738.59076 
