500.0 500.0
617.0 443.0 0.304006080006 10495.99392 
673.0 327.0 0.0401542000007 10759.8458 
549.0 486.0 0.06828232 9731.71768 
652.0 301.0 0.0736665600009 10726.33344 
638.0 203.0 0.0490083200006 10750.99168 
599.0 400.0 0.0943112400009 10705.68876 
653.0 498.0 0.389500160008 10410.49984 
780.0 200.0 0.170338880001 10629.66112 
877.0 249.0 0.137894560001 10662.10544 
625.0 576.0 0.0432200000012 10756.78 
554.0 345.0 0.0857500000004 10714.25 
670.0 452.0 0.511087760009 10288.91224 
789.0 427.0 0.212565000002 10587.435 
513.0 686.0 0.136594000002 10663.406 
836.0 85.0 0.0128000000004 10787.2 
691.0 614.0 0.116388000001 10683.612 
481.0 476.0 0.326479720005 10473.52028 
647.0 66.0 0.0751410000001 10724.859 
622.0 433.0 0.279371480007 10520.62852 
736.0 481.0 0.336072640004 10463.92736 
399.0 617.0 0.25039840001 9549.60159999 
732.0 538.0 0.105196600002 10694.8034 
705.0 514.0 0.363092000005 10436.908 
984.0 199.0 0.0455334000002 10754.4666 
399.0 501.0 0.111910400001 10688.0896 
373.0 417.0 0.135391560001 10664.60844 
672.0 355.0 0.0429000000012 10757.1 
725.0 409.0 0.236570480002 10563.42952 
607.0 277.0 0.0176200000005 10782.38 
735.0 120.0 0.0490083200006 10750.99168 
771.0 399.0 0.051134600001 10748.8654 
330.0 628.0 0.309850640004 10490.14936 
910.0 154.0 0.129567040001 10670.43296 
440.0 803.0 0.0716604000016 10728.3396 
319.0 270.0 0.00566000000016 10794.34 
493.0 558.0 0.283440680002 10516.55932 
627.0 479.0 0.78823880012 8721.17611999 
508.0 757.0 0.0124400000003 10787.56 
255.0 538.0 0.0271239999999 10772.876 
336.0 118.0 0.0641484000005 10735.8516 
642.0 718.0 0.179661800001 10620.3382 
756.0 576.0 0.126484000001 10673.516 
816.0 75.0 0.00640000000018 10793.6 
809.0 207.0 0.0555680000004 10744.432 
316.0 730.0 0.0492740000008 10750.726 
449.0 753.0 0.164062480002 10635.93752 
503.0 460.0 0.282639560007 10517.36044 
655.0 481.0 0.264337280007 10535.66272 
379.0 628.0 0.282173960004 10517.82604 
204.0 591.0 0.0910748000004 10708.9252 
582.0 79.0 0.0701942000003 10729.8058 
562.0 178.0 0.0187600000005 10781.24 
797.0 656.0 0.00644000000018 10793.56 
240.0 690.0 0.1671686 10632.8314 
100.0 587.0 0.00622000000017 10793.78 
338.0 819.0 0.00628000000017 10793.72 
889.0 733.0 0.00957000000009 10790.43 
383.0 702.0 0.269540160006 10530.45984 
664.0 346.0 0.0259676000003 10774.0324 
877.0 724.0 0.00660000000018 10793.4 
740.0 548.0 0.126373960002 10673.62604 
431.0 569.0 0.233477600005 10566.5224 
449.0 438.0 0.275580160003 10524.41984 
966.0 722.0 0.0490083200006 10750.99168 
416.0 847.0 0.183402400001 10616.5976 
205.0 839.0 0.0490083200006 10750.99168 
447.0 374.0 0.0954520000009 10704.548 
346.0 856.0 0.0814413600005 10718.55864 
652.0 631.0 0.183364 10616.636 
823.0 625.0 0.0275245599999 10772.47544 
703.0 666.0 0.0975042400014 10702.49576 
192.0 129.0 0.0719580800002 10728.04192 
247.0 115.0 0.0840950000004 10715.905 
151.0 457.0 0.00636000000018 10793.64 
533.0 478.0 0.238586520006 10561.41348 
509.0 349.0 0.00610000000017 10793.9 
210.0 529.0 0.0562803200004 10743.71968 
763.0 372.0 0.0727613600007 10727.23864 
653.0 796.0 0.0960938000004 10703.9062 
646.0 645.0 0.264771760002 10535.22824 
721.0 473.0 0.371292520005 10428.70748 
71.0 884.0 0.0220852799999 10777.91472 
326.0 56.0 0.106586160001 10693.41384 
712.0 604.0 0.117124280002 10682.87572 
829.0 286.0 0.118373600001 10681.6264 
213.0 193.0 0.0182400000005 10781.76 
402.0 277.0 0.00610000000017 10793.9 
414.0 717.0 0.483362880004 10316.63712 
514.0 511.0 0.117570400003 10682.4296 
891.0 291.0 0.0958975200013 10704.10248 
385.0 429.0 0.166062520001 10633.93748 
748.0 423.0 0.143181640002 10656.81836 
587.0 802.0 0.0490083200006 10750.99168 
510.0 500.0 0.0764920000017 10723.508 
166.0 366.0 0.0490083200006 10750.99168 
629.0 950.0 0.0121000000003 10787.9 
398.0 538.0 0.173393440004 10626.60656 
324.0 415.0 0.0741975200007 10725.80248 
519.0 619.0 0.16187264 10638.12736 
368.0 935.0 0.0490083200006 10750.99168 
331.0 634.0 0.316151640007 10483.84836 
661.0 945.0 0.0182162400003 10781.78376 
200.0 169.0 0.0429768000007 10757.0232 
561.0 141.0 0.0582480000006 10741.752 
735.0 786.0 0.0490083200006 10750.99168 
323.0 201.0 0.06583564 10734.16436 
557.0 102.0 0.0948691200001 10705.13088 
678.0 333.0 0.0310016000008 10768.9984 
669.0 294.0 0.0815692000009 10718.4308 
847.0 591.0 0.00606000000017 10793.94 
261.0 530.0 0.0185000000005 10781.5 
431.0 563.0 0.151180000004 10648.82 
165.0 700.0 0.0886540000003 10711.346 
839.0 489.0 0.0928592000003 10707.1408 
308.0 699.0 0.452107000002 10347.893 
467.0 480.0 0.182540680003 10617.45932 
235.0 691.0 0.107006120001 10692.99388 
363.0 643.0 0.256198240006 10543.80176 
369.0 214.0 0.0734676000003 10726.5324 
76.0 634.0 0.0408654 10759.1346 
916.0 41.0 0.0490083200006 10750.99168 
976.0 152.0 0.0804592000006 10719.5408 
377.0 129.0 0.0244800000007 10775.52 
345.0 123.0 0.0546324800007 10745.36752 
417.0 778.0 0.358892400003 10441.1076 
636.0 526.0 0.332831600006 10467.1684 
68.0 847.0 0.00588000000016 10794.12 
577.0 989.0 0.058779 10741.221 
353.0 129.0 0.0452321600008 10754.76784 
452.0 675.0 0.948167400005 9851.8326 
687.0 131.0 0.00594000000017 10794.06 
607.0 270.0 0.0182099600003 10781.79004 
859.0 270.0 0.380004000001 10419.996 
489.0 410.0 0.105878400001 10694.1216 
988.0 851.0 0.0490083200006 10750.99168 
921.0 605.0 0.0748046400001 10725.19536 
447.0 956.0 0.0490083200006 10750.99168 
746.0 220.0 0.0414992 10758.5008 
439.0 845.0 0.111120360001 10688.87964 
392.0 786.0 0.0987652800012 10701.23472 
780.0 263.0 0.0612400000017 10738.76 
933.0 996.0 0.0490083200006 10750.99168 
440.0 572.0 0.220071200005 10579.9288 
964.0 246.0 0.00630000000017 10793.7 
522.0 299.0 0.5447618 10755.2382 
849.0 997.0 0.5490083200006 10750.99168 
88.0 408.0 0.0873863999998 10712.6136 
878.0 206.0 0.229678040002 10570.32196 
718.0 510.0 0.247361600003 10552.6384 
389.0 127.0 0.0119000000003 10788.1 
