500.0 500.0
453.0 582.0 0.547449160011 10252.55084 
546.0 566.0 0.277620800005 10522.3792 
368.0 534.0 0.0894686400015 10710.53136 
496.0 452.0 0.181252800004 10618.7472 
479.0 547.0 0.39968200001 9400.31799999 
679.0 566.0 0.0540626400001 10745.93736 
360.0 657.0 0.179397040003 10620.60296 
300.0 604.0 0.418995000001 10381.005 
421.0 549.0 0.458333920011 10341.66608 
432.0 672.0 0.390613600008 10409.3864 
288.0 486.0 0.0245200000007 10775.48 
532.0 545.0 0.252061720006 10547.93828 
323.0 414.0 0.871256640007 9928.74335999 
383.0 524.0 0.129289080003 10670.71092 
308.0 336.0 0.500342720004 10299.65728 
176.0 681.0 0.377213920002 10422.78608 
380.0 646.0 0.223723760005 10576.27624 
579.0 542.0 0.0851320800013 10714.86792 
436.0 414.0 0.397832000009 10402.168 
400.0 427.0 0.304544000007 10495.456 
440.0 608.0 0.65722784001 9142.77215999 
131.0 478.0 0.184768640001 10615.23136 
403.0 717.0 0.125014040002 10674.98596 
422.0 534.0 0.775342640015 10024.65736 
346.0 611.0 0.0490083200006 10750.99168 
234.0 611.0 0.0620200000017 10737.98 
360.0 524.0 0.109636640002 10690.36336 
587.0 333.0 0.0670955200004 10732.90448 
538.0 441.0 0.127007000002 10672.993 
545.0 239.0 0.333259440002 10466.74056 
241.0 362.0 0.212271200004 10587.7288 
190.0 522.0 0.0382800000011 10761.72 
228.0 797.0 0.147542 10652.458 
697.0 219.0 0.668381360003 10131.61864 
623.0 157.0 0.0980322000016 10701.9678 
470.0 261.0 0.0683200000019 10731.68 
721.0 488.0 0.193084080004 10606.91592 
276.0 233.0 0.0624734000006 10737.5266 
290.0 745.0 0.0950256800002 10704.97432 
431.0 688.0 0.240021680005 10559.97832 
230.0 433.0 0.408663920002 10391.33608 
460.0 489.0 0.0490083200006 10750.99168 
265.0 372.0 0.616224960001 10183.77504 
484.0 539.0 0.423454520011 10376.54548 
144.0 743.0 0.187844800002 10612.1552 
606.0 313.0 0.0807400000022 10719.26 
487.0 569.0 0.383151200009 10416.8488 
753.0 396.0 0.112708400001 10687.2916 
472.0 669.0 0.312452600007 10487.5474 
197.0 875.0 0.0490083200006 10750.99168 
382.0 350.0 0.689942320001 10110.05768 
607.0 585.0 0.0753968000003 10724.6032 
461.0 627.0 0.361421040005 10438.57896 
142.0 992.0 0.0490083200006 10750.99168
307.0 108.0 0.264440000001 10535.56 
528.0 522.0 0.302437600006 10497.5624 
186.0 491.0 0.206408000002 10593.592 
190.0 361.0 0.311129600002 10488.8704 
415.0 649.0 0.721241840008 10078.75816 
362.0 407.0 0.343387640008 10456.61236 
355.0 124.0 0.0444800000012 10755.52 
680.0 296.0 0.6632444 10136.7556 
695.0 206.0 0.0908596800022 10709.14032 
162.0 379.0 0.071297600001 10728.7024 
232.0 661.0 0.529215360003 10270.78464 
461.0 634.0 0.333114560008 10466.88544 
606.0 222.0 0.277809720001 10522.19028 
151.0 232.0 0.04111736 10758.88264 
423.0 441.0 0.841211720005 9958.78827999 
199.0 645.0 0.115368200002 10684.6318 
824.0 376.0 0.0126800000003 10787.32 
816.0 645.0 0.0490083200006 10750.99168 
622.0 541.0 0.00618000000017 10793.82 
200.0 142.0 0.0933968400014 10706.60316 
87.0 85.0 0.00642000000018 10793.58 
337.0 683.0 0.233141600003 10566.8584 
404.0 421.0 0.191013880005 10608.98612 
470.0 246.0 0.0455100000011 10754.49 
180.0 108.0 0.219537200002 10580.4628 
796.0 501.0 0.463056240003 10336.94376 
431.0 673.0 0.208450720005 10591.54928 
224.0 319.0 0.172886400003 10627.1136 
163.0 430.0 0.149795040002 10650.20496 
760.0 169.0 0.0990520000007 10700.948 
694.0 423.0 0.170560000002 10629.44 
599.0 661.0 0.0490083200006 10750.99168 
795.0 468.0 0.0690784000012 10730.9216 
9.0 264.0 0.0490083200006 10750.99168 
393.0 644.0 0.369218040006 10430.78196 
951.0 401.0 0.0490083200006 10750.99168 
300.0 999.0 0.0834300000001 10716.57 
122.0 328.0 0.18749056 10612.50944 
205.0 838.0 0.0476048000002 10752.3952 
406.0 79.0 0.0664329600002 10733.56704 
351.0 784.0 0.0120200000003 10787.98 
602.0 212.0 0.177424240003 10622.57576 
677.0 159.0 0.145660000002 10654.34 
689.0 155.0 0.154538400003 10645.4616 
242.0 282.0 0.0459024000012 10754.0976 
174.0 568.0 0.139790880002 10660.20912 
370.0 492.0 0.239314720005 10560.68528 
730.0 135.0 0.109304320001 10690.69568 
209.0 734.0 0.223382320001 10576.61768 
914.0 535.0 0.0490083200006 10750.99168 
820.0 230.0 0.0240200000007 10775.98 
818.0 220.0 0.0314545600009 10768.54544 
225.0 594.0 0.719952000003 10080.048 
691.0 186.0 0.121645000002 10678.355 
594.0 459.0 0.120352000001 10679.648 
523.0 754.0 0.0490083200006 10750.99168 
845.0 390.0 0.113849360001 10686.15064 
210.0 358.0 0.177544000002 10622.456 
571.0 176.0 0.0970738400016 10702.92616 
851.0 425.0 0.0597928000008 10740.2072 
721.0 489.0 0.510604400004 10289.3956 
855.0 273.0 0.0623835200002 10737.61648 
114.0 471.0 0.119311520001 10680.68848 
70.0 483.0 0.0754868800007 10724.51312 
268.0 284.0 0.225514240002 10574.48576 
522.0 435.0 0.295366400002 10504.6336 
367.0 293.0 0.0918848800015 10708.11512 
575.0 163.0 0.107529520001 10692.47048 
345.0 934.0 0.0118800000003 10788.12 
164.0 47.0 0.139791200001 10660.2088 
275.0 904.0 0.0718200000001 10728.18 
815.0 78.0 0.0490083200006 10750.99168 
568.0 392.0 0.161880800001 10638.1192 
594.0 315.0 0.0312600000009 10768.74 
25.0 678.0 0.0490083200006 10750.99168 
243.0 112.0 0.357401120002 10442.59888 
171.0 465.0 0.0772036000005 10722.7964 
907.0 759.0 0.0490083200006 10750.99168 
727.0 17.0 0.0490083200006 10750.99168 
90.0 798.0 0.0875461600003 10712.45384 
125.0 271.0 0.0128200000004 10787.18 
670.0 425.0 0.0560000000015 10744.0 
135.0 896.0 0.0490083200006 10750.99168 
119.0 49.0 0.0452723600004 10754.72764 
862.0 282.0 0.132106560001 10667.89344 
929.0 239.0 0.0891396800004 10710.86032 
493.0 420.0 0.372400000009 10427.6 
546.0 263.0 0.400400160002 10399.59984 
124.0 255.0 0.0934290800004 10706.57092 
512.0 405.0 0.0916056000016 10708.3944 
610.0 211.0 0.185430400001 10614.5696 
394.0 449.0 0.984739200005 9815.26079999 
830.0 468.0 0.153801000001 10646.199 
488.0 239.0 0.0727654400017 10727.23456 
479.0 201.0 0.080054080001 10719.94592 
355.0 805.0 0.0109863600003 10789.01364 
