500.0 500.0
370.0 507.0 0.217192400004 10582.8076 
257.0 481.0 0.742553280007 10057.44672 
150.0 542.0 0.132090600002 10667.9094 
133.0 474.0 0.202789920003 10597.21008 
111.0 675.0 0.0877737600007 10712.22624 
231.0 371.0 0.598244440001 10201.75556 
183.0 368.0 0.273556080004 10526.44392 
178.0 507.0 0.278113520003 10521.88648 
276.0 336.0 0.126855600001 10673.1444 
353.0 473.0 0.332884600007 10467.1154 
246.0 440.0 0.175732320004 10624.26768 
163.0 420.0 0.139620320002 10660.37968 
364.0 393.0 0.401710000007 10398.29 
16.0 431.0 0.0877180000004 10712.282 
318.0 326.0 0.134518400002 10665.4816 
110.0 423.0 0.116676000001 10683.324 
417.0 419.0 0.369185720007 10430.81428 
264.0 429.0 0.840596000008 9959.40399999 
474.0 588.0 0.214573040006 10585.42696 
366.0 369.0 0.635291840002 10164.70816 
358.0 517.0 0.215334400004 10584.6656 
362.0 293.0 0.189417440003 10610.58256 
473.0 669.0 0.0492000000014 10750.8 
431.0 383.0 0.0748400000021 10725.16 
208.0 344.0 0.130257760003 10669.74224 
107.0 630.0 0.0116800000003 10788.32 
432.0 262.0 0.22266576 10577.33424 
231.0 512.0 0.317808840003 10482.19116 
444.0 225.0 0.0503658800005 10749.63412 
561.0 262.0 0.178296840001 10621.70316 
375.0 775.0 0.103983480001 10696.01652 
203.0 576.0 0.356498320004 10443.50168 
130.0 317.0 0.347494000001 10452.506 
176.0 497.0 0.180710000002 10619.29 
376.0 631.0 0.292801000007 10507.199 
565.0 765.0 0.0457464000004 10754.2536 
344.0 709.0 0.169087040002 10630.91296 
208.0 625.0 0.0609453600005 10739.05464 
59.0 550.0 0.0127600000004 10787.24 
249.0 181.0 0.0779254 10722.0746 
478.0 130.0 0.0490083200006 10750.99168 
265.0 575.0 0.207329640004 10592.67036 
342.0 661.0 0.320418240004 10479.58176 
489.0 805.0 0.273176880001 10526.82312 
552.0 577.0 0.678414840005 10121.58516 
477.0 828.0 0.0561903200012 10743.80968 
331.0 367.0 0.0993110000018 10700.689 
308.0 654.0 0.226517600004 10573.4824 
446.0 566.0 0.376359120009 10423.64088 
332.0 583.0 0.0530436001 9794.69563999 
617.0 419.0 0.037620000001 10762.38 
264.0 563.0 0.186828160003 10613.17184 
688.0 353.0 0.175964000001 10624.036 
396.0 55.0 0.0329459600006 10767.05404 
691.0 746.0 0.0129600000004 10787.04 
55.0 758.0 0.0490083200006 10750.99168 
694.0 537.0 0.04839 10751.61 
807.0 501.0 0.0311202 10768.8798 
412.0 602.0 0.403092800009 10396.9072 
147.0 532.0 0.144072800002 10655.9272 
417.0 448.0 0.236300000007 10563.7 
407.0 589.0 0.82290992001 8977.09007999 
429.0 352.0 0.139250480002 10660.74952 
792.0 251.0 0.0490083200006 10750.99168 
945.0 421.0 0.00826799999991 10791.732 
537.0 400.0 0.0301600000008 10769.84 
511.0 980.0 0.0634149600005 10736.58504 
455.0 325.0 0.261463200003 10538.5368 
178.0 110.0 0.0124000000003 10787.6 
372.0 568.0 0.323828000007 10476.172 
120.0 43.0 0.0528674000006 10747.1326 
518.0 756.0 0.185735360002 10614.26464 
515.0 578.0 0.329604400007 10470.3956 
346.0 309.0 0.309440000003 10490.56 
891.0 267.0 0.0490083200006 10750.99168 
60.0 403.0 0.0572080000005 10742.792 
411.0 384.0 0.313056480004 10486.94352 
290.0 589.0 0.138292000003 10661.708 
425.0 750.0 0.0252600000007 10774.74 
64.0 880.0 0.0490083200006 10750.99168 
74.0 659.0 0.0360752000002 10763.9248 
577.0 331.0 0.36484236 10435.15764 
604.0 761.0 0.0 10800.0 
439.0 688.0 0.241772799998 10558.2272 
610.0 324.0 0.130615000001 10669.385 
579.0 635.0 0.434025200004 10365.9748 
152.0 895.0 0.0391070400003 10760.89296 
359.0 720.0 0.114844800002 10685.1552 
8.0 819.0 0.0490083200006 10750.99168 
460.0 886.0 0.0682379600003 10731.76204 
485.0 577.0 0.6838208 8116.1792 
803.0 747.0 0.0499392000004 10750.0608 
159.0 79.0 0.0512856000001 10748.7144 
828.0 580.0 0.0490083200006 10750.99168 
279.0 240.0 0.114292000001 10685.708 
998.0 290.0 0.0490083200006 10750.99168 
713.0 192.0 0.0490083200006 10750.99168 
179.0 703.0 0.231405680001 10568.59432 
334.0 235.0 0.278408000002 10521.592 
645.0 612.0 0.146587200002 10653.4128 
356.0 896.0 0.0490083200006 10750.99168 
84.0 183.0 0.167245200001 10632.7548 
658.0 591.0 0.084676080001 10715.32392 
184.0 812.0 0.0123800000003 10787.62 
378.0 627.0 0.424855400006 10375.1446 
253.0 694.0 0.0181200000005 10781.88 
686.0 63.0 0.0490083200006 10750.99168 
620.0 266.0 0.0668634000002 10733.1366 
101.0 254.0 0.233177600001 10566.8224 
262.0 605.0 0.468286560004 10331.71344 
385.0 451.0 0.586739840011 10213.26016 
759.0 859.0 0.00614000000017 10793.86 
31.0 502.0 0.09806576 10701.93424 
729.0 702.0 0.275371240002 10524.62876 
536.0 926.0 0.0959634400005 10704.03656 
54.0 157.0 0.0382945600003 10761.70544 
144.0 324.0 0.127892160002 10672.10784 
321.0 471.0 0.43383552 9366.16448 
939.0 431.0 0.00650000000018 10793.5 
552.0 30.0 0.0490083200006 10750.99168 
761.0 772.0 0.192450080001 10607.54992 
207.0 967.0 0.0306558000003 10769.3442 
755.0 354.0 0.0800452000003 10719.9548 
735.0 922.0 0.0619526000002 10738.0474 
135.0 754.0 0.0898439600005 10710.15604 
361.0 123.0 0.090589600001 10709.4104 
194.0 925.0 0.0124800000003 10787.52 
388.0 747.0 0.164543040002 10635.45696 
754.0 271.0 0.0490083200006 10750.99168 
887.0 347.0 0.0490083200006 10750.99168 
394.0 144.0 0.0191600000005 10780.84 
632.0 395.0 0.112762400001 10687.2376 
272.0 803.0 0.0490083200006 10750.99168 
407.0 464.0 0.220700000006 10579.3 
672.0 654.0 0.236254480002 10563.74552 
513.0 326.0 0.124761120001 10675.23888 
770.0 483.0 0.0118200000003 10788.18 
592.0 348.0 0.141451440002 10658.54856 
450.0 746.0 0.374651800003 10425.3482 
410.0 254.0 0.0626275200013 10737.37248 
349.0 357.0 0.240317840003 10559.68216 
553.0 256.0 0.121007680001 10678.99232 
637.0 536.0 0.0176400000005 10782.36 
625.0 629.0 0.235379200001 10564.6208 
575.0 887.0 0.0126600000003 10787.34 
352.0 747.0 0.0578649600006 10742.13504 
366.0 68.0 0.116460000001 10683.54 
657.0 418.0 0.049989440001 10750.01056 
778.0 479.0 0.0127992 10787.2008 
141.0 782.0 0.0444883200002 10755.51168 
