500.0 500.0
438.0 577.0 0.037000000001 10763.0 
501.0 696.0 0.0915200000005 10708.48 
545.0 638.0 0.0945830400009 10705.41696 
567.0 812.0 0.00624000000017 10793.76 
371.0 751.0 0.159447080003 10640.55292 
385.0 601.0 0.5327198 9267.2802 
249.0 840.0 0.108076000001 10691.924 
279.0 827.0 0.0318943600001 10768.10564 
389.0 434.0 0.0497200000014 10750.28 
381.0 345.0 0.105116000002 10694.884 
251.0 414.0 0.0248600000007 10775.14 
200.0 502.0 0.0599601600005 10740.03984 
486.0 904.0 0.0121600000003 10787.84 
354.0 529.0 0.129360000004 10670.64 
292.0 531.0 0.0651177600001 10734.88224 
209.0 871.0 0.05303008 10746.96992 
325.0 610.0 0.312305600005 10487.6944 
511.0 914.0 0.0155820000003 10784.418 
271.0 794.0 0.0493800000014 10750.62 
374.0 833.0 0.483160000003 10316.84 
416.0 268.0 0.0398842400003 10760.11576 
137.0 921.0 0.0193600000005 10780.64 
121.0 934.0 0.0250550000004 10774.945 
349.0 601.0 0.249243880005 10550.75612 
585.0 790.0 0.00614000000017 10793.86 
210.0 446.0 0.0570564000003 10742.9436 
575.0 683.0 0.118767760001 10681.23224 
490.0 516.0 0.128574400004 10671.4256 
90.0 845.0 0.1832802 10616.7198 
450.0 426.0 0.351111680004 10448.88832 
331.0 243.0 0.0489600000014 10751.04 
449.0 495.0 0.109237840002 10690.76216 
302.0 206.0 0.112787200002 10687.2128 
84.0 792.0 0.0245800000007 10775.42 
368.0 634.0 0.177326400004 10622.6736 
455.0 349.0 0.0637752000008 10736.2248 
204.0 202.0 0.0128000000004 10787.2 
415.0 752.0 0.0317800000009 10768.22 
641.0 525.0 1.1225344 9677.4656 
192.0 789.0 0.198220240001 10601.77976 
303.0 149.0 0.441378000003 10358.622 
786.0 568.0 0.111065560001 10688.93444 
584.0 872.0 0.05477472 10745.22528 
271.0 101.0 0.185249280002 10614.75072 
209.0 981.0 0.0490083200006 10750.99168 
264.0 624.0 0.117297440001 10682.70256 
446.0 130.0 0.0426686400003 10757.33136 
619.0 424.0 0.073500000002 10726.5 
302.0 698.0 0.160154360003 10639.84564 
462.0 807.0 0.0810419999999 10718.958 
393.0 749.0 0.181430040003 10618.56996 
205.0 732.0 0.0127600000004 10787.24 
612.0 991.0 0.0418478000003 10758.1522 
400.0 765.0 0.136229000003 10663.771 
582.0 337.0 0.222893600002 10577.1064 
162.0 732.0 0.0489513600005 10751.04864 
488.0 532.0 0.121410720003 10678.58928 
166.0 279.0 0.00582000000016 10794.18 
181.0 90.0 0.105758080001 10694.24192 
578.0 964.0 0.0871520000006 10712.848 
343.0 478.0 0.0686489600004 10731.35104 
377.0 754.0 0.421914240004 10378.08576 
806.0 456.0 0.0855327200005 10714.46728 
737.0 665.0 0.0997251200005 10700.27488 
561.0 483.0 0.338479600005 10461.5204 
540.0 291.0 0.259165600001 10540.8344 
255.0 605.0 0.174153000001 10625.847 
716.0 589.0 0.113804000001 10686.196 
345.0 702.0 0.766282120004 10033.71788 
812.0 335.0 0.0979367200005 10702.06328 
96.0 416.0 0.00620000000017 10793.8 
384.0 395.0 0.135796160002 10664.20384 
309.0 595.0 0.251796320005 10548.20368 
703.0 688.0 0.0242050000004 10775.795 
665.0 527.0 0.174949880003 10625.05012 
530.0 546.0 0.276901120002 10523.09888 
414.0 640.0 0.589350000007 10210.65 
278.0 820.0 0.0446510000011 10755.349 
573.0 606.0 0.352761000002 10447.239 
623.0 307.0 0.281439000004 10518.561 
253.0 338.0 0.0833984000002 10716.6016 
257.0 106.0 0.164061800001 10635.9382 
277.0 340.0 0.00664000000018 10793.36 
409.0 671.0 0.11460336001 9685.39663999 
280.0 820.0 0.0275976400001 10772.40236 
339.0 638.0 0.429062680006 10370.93732 
363.0 733.0 0.353922400006 10446.0776 
665.0 236.0 0.0942548800008 10705.74512 
405.0 154.0 0.00616000000017 10793.84 
589.0 536.0 0.293074800006 10506.9252 
262.0 80.0 0.0481431200011 10751.85688 
139.0 575.0 0.0280260000003 10771.974 
112.0 969.0 0.0502291200006 10749.77088 
381.0 906.0 0.273681600001 10526.3184 
305.0 862.0 0.109156800001 10690.8432 
125.0 749.0 0.0924151200002 10707.58488 
107.0 921.0 0.204145800001 10595.8542 
575.0 215.0 0.0490083200006 10750.99168 
525.0 83.0 0.0490083200006 10750.99168 
960.0 467.0 0.0490083200006 10750.99168 
778.0 536.0 0.0396494000006 10760.3506 
627.0 946.0 0.0125600000003 10787.44 
797.0 542.0 0.0511684000007 10748.8316 
300.0 215.0 0.234932000001 10565.068 
489.0 457.0 0.329623200001 10470.3768 
193.0 103.0 0.118497280001 10681.50272 
189.0 458.0 0.171640800001 10628.3592 
695.0 286.0 0.282910000002 10517.09 
459.0 268.0 0.163369760001 10636.63024 
347.0 990.0 0.0486930400004 10751.30696 
39.0 375.0 0.0673319999998 10732.668 
766.0 519.0 0.277474560002 10522.52544 
610.0 361.0 0.736250000005 10063.75 
343.0 491.0 0.0740394000001 10725.9606 
850.0 652.0 0.0490083200006 10750.99168 
737.0 311.0 0.0982606000007 10701.7394 
446.0 657.0 0.0650560000011 10734.944 
531.0 270.0 0.0731528800013 10726.84712 
238.0 464.0 0.0243800000007 10775.62 
565.0 503.0 0.839544480005 9960.45552 
383.0 908.0 0.132402640002 10667.59736 
427.0 385.0 0.151729600002 10648.2704 
354.0 96.0 0.116248800001 10683.7512 
615.0 143.0 0.0490083200006 10750.99168 
324.0 947.0 0.157432 10642.568 
722.0 426.0 0.268962720002 10531.03728 
244.0 654.0 0.0635598400008 10736.44016 
57.0 808.0 0.0611408800006 10738.85912 
146.0 678.0 0.09515336 10704.84664 
619.0 285.0 0.310056480004 10489.94352 
697.0 494.0 0.493855760004 10306.14424 
491.0 161.0 0.00612000000017 10793.88 
676.0 702.0 0.0121800000003 10787.82 
73.0 621.0 0.00700000000019 10793.0 
148.0 154.0 0.0893048000005 10710.6952 
163.0 187.0 0.0427880800006 10757.21192 
422.0 926.0 0.0837480000006 10716.252 
113.0 222.0 0.0826751200001 10717.32488 
428.0 386.0 0.165421440001 10634.57856 
735.0 455.0 0.0807520000014 10719.248 
721.0 843.0 0.0490083200006 10750.99168 
498.0 545.0 0.158013800004 10641.9862 
455.0 349.0 0.0602648000005 10739.7352 
109.0 574.0 0.0602194400005 10739.78056 
33.0 668.0 0.0603260000001 10739.674 
168.0 598.0 0.0118600000003 10788.14 
127.0 410.0 0.0980721600003 10701.92784 
908.0 473.0 0.0490083200006 10750.99168 
675.0 576.0 0.289552280003 10510.44772 
645.0 796.0 0.0507900800002 10749.20992 
