500.0 500.0
459.0 387.0 0.120722720001 10679.27728 
381.0 248.0 0.0574112000002 10742.5888 
281.0 302.0 0.405490640004 10394.50936 
561.0 410.0 0.487964880002 10312.03512 
475.0 628.0 0.468063920001 10331.93608 
525.0 514.0 0.470302920009 10329.69708 
412.0 116.0 0.409035760001 10390.96424 
227.0 282.0 0.358031840005 10441.96816 
330.0 570.0 0.80610440001 9993.89559999 
475.0 412.0 0.0304800000008 10769.52 
191.0 292.0 0.396897320004 10403.10268 
299.0 279.0 0.0505200000014 10749.48 
367.0 678.0 0.145527440002 10654.47256 
393.0 602.0 0.312290280006 10487.70972 
420.0 25.0 0.097856000001 10702.144 
259.0 642.0 0.171979680004 10628.02032 
588.0 478.0 0.781124400011 10018.8756 
595.0 346.0 0.368191680001 10431.80832 
629.0 499.0 0.318632680008 10481.36732 
77.0 186.0 0.00624000000017 10793.76 
160.0 174.0 0.102977920001 10697.02208 
109.0 351.0 0.00644000000018 10793.56 
350.0 405.0 0.0553800000015 10744.62 
189.0 509.0 0.035640000001 10764.36 
238.0 330.0 0.191617880003 10608.38212 
367.0 524.0 0.65828696 9141.71304 
494.0 62.0 0.0490083200006 10750.99168 
594.0 472.0 0.267620000006 10532.38 
293.0 302.0 0.0812800000022 10718.72 
497.0 556.0 0.331003400008 10468.9966 
519.0 322.0 0.0690200000009 10730.98 
640.0 289.0 0.094938960001 10705.06104 
229.0 43.0 0.0490083200006 10750.99168 
222.0 592.0 0.144140200001 10655.8598 
261.0 402.0 0.107329840003 10692.67016 
437.0 640.0 0.156266240002 10643.73376 
673.0 140.0 0.0914308000005 10708.5692 
462.0 448.0 0.101392960001 10698.60704 
175.0 551.0 0.0682140000005 10731.786 
185.0 465.0 0.136564320001 10663.43568 
294.0 696.0 0.402527400003 10397.4726 
82.0 464.0 0.0454764000008 10754.5236 
467.0 353.0 0.0683344000005 10731.6656 
447.0 177.0 0.391200000003 10408.8 
363.0 529.0 0.325555920009 10474.44408 
275.0 413.0 0.679568800001 10120.4312 
442.0 507.0 0.10389580001 9696.10419999 
304.0 179.0 0.261644800001 10538.3552 
430.0 751.0 0.146816600001 10653.1834 
446.0 570.0 0.282903160006 10517.09684 
232.0 348.0 0.541286560004 10258.71344 
402.0 217.0 0.0429600000012 10757.04 
536.0 835.0 0.00584000000016 10794.16 
87.0 682.0 0.0364174400004 10763.58256 
719.0 431.0 0.370720000004 10429.28 
854.0 402.0 0.0490083200006 10750.99168 
181.0 249.0 0.182408000002 10617.592 
344.0 620.0 0.249429120004 10550.57088 
295.0 752.0 0.110031120002 10689.96888 
407.0 51.0 0.180890000002 10619.11 
467.0 465.0 0.342008240006 10457.99176 
683.0 399.0 0.236533320006 10563.46668 
768.0 268.0 0.107653800001 10692.3462 
650.0 532.0 0.271476560003 10528.52344 
115.0 758.0 0.0490083200006 10750.99168 
904.0 505.0 0.0490083200006 10750.99168 
710.0 200.0 0.179221280002 10620.77872 
33.0 215.0 0.0683432000001 10731.6568 
589.0 497.0 0.688482000008 10111.518 
332.0 268.0 0.626153680001 10173.84632 
500.0 364.0 0.132441800001 10667.5582 
75.0 481.0 0.0525259200005 10747.47408 
488.0 551.0 0.494300000008 10305.7 
635.0 412.0 0.381824120003 10418.17588 
488.0 505.0 0.177371200005 10622.6288 
190.0 246.0 0.277235120003 10522.76488 
67.0 268.0 0.152716760001 10647.28324 
417.0 687.0 0.0425000000012 10757.5 
548.0 259.0 0.0275152000004 10772.4848 
230.0 718.0 0.200376800002 10599.6232 
538.0 731.0 0.0927320000005 10707.268 
573.0 490.0 0.22665080001 9573.34919999 
76.0 646.0 0.0681376000004 10731.8624 
844.0 189.0 0.0490083200006 10750.99168 
423.0 895.0 0.00715008000028 10792.84992 
645.0 495.0 0.03736276 9762.63724 
132.0 250.0 0.281129600001 10518.8704 
230.0 649.0 0.155928400002 10644.0716 
373.0 312.0 0.0746800000021 10725.32 
472.0 709.0 0.287045920001 10512.95408 
258.0 151.0 0.109972000001 10690.028 
287.0 644.0 0.679418800007 10120.5812 
101.0 610.0 0.0128000000004 10787.2 
345.0 51.0 0.0726056000004 10727.3944 
550.0 283.0 0.200984000002 10599.016 
803.0 569.0 0.185825600001 10614.1744 
321.0 154.0 0.0125400000003 10787.46 
566.0 209.0 0.0125600000003 10787.44 
290.0 748.0 0.106106400002 10693.8936 
758.0 325.0 0.0590586000002 10740.9414 
695.0 288.0 0.0438600000012 10756.14 
679.0 411.0 0.278328480003 10521.67152 
146.0 179.0 0.10268 10697.32 
750.0 382.0 0.186518960002 10613.48104 
823.0 572.0 0.0239425200003 10776.05748 
809.0 265.0 0.101925280001 10698.07472 
684.0 439.0 0.822997640006 9977.00235999 
987.0 248.0 0.0490083200006 10750.99168 
347.0 399.0 0.109744200002 10690.2558 
473.0 71.0 0.208422080002 10591.57792 
407.0 747.0 0.0737720000005 10726.228 
430.0 112.0 0.158728000002 10641.272 
820.0 479.0 0.0990502400014 10700.94976 
267.0 242.0 0.211552600004 10588.4474 
172.0 451.0 0.092195560001 10707.80444 
119.0 465.0 0.206849440002 10593.15056 
702.0 562.0 0.0663678400005 10733.63216 
555.0 909.0 0.0740161599998 10725.98384 
187.0 139.0 0.0886718000005 10711.3282 
346.0 647.0 0.17782640001 9622.17359999 
230.0 315.0 0.291222400005 10508.7776 
203.0 793.0 0.101307840001 10698.69216 
102.0 846.0 0.0490083200006 10750.99168 
748.0 63.0 0.0490083200006 10750.99168 
534.0 721.0 0.0787955200006 10721.20448 
920.0 368.0 0.0490083200006 10750.99168 
421.0 178.0 0.0307800000009 10769.22 
839.0 101.0 0.0490083200006 10750.99168 
199.0 246.0 0.161457120002 10638.54288 
958.0 290.0 0.0490083200006 10750.99168 
668.0 390.0 0.224788560006 10575.21144 
296.0 253.0 0.224785800004 10575.2142 
985.0 486.0 0.0490083200006 10750.99168 
771.0 453.0 0.329177440003 10470.82256 
651.0 948.0 0.0490083200006 10750.99168 
288.0 738.0 0.0940920000021 10705.908 
105.0 97.0 0.00644000000018 10793.56 
427.0 891.0 0.00672000000018 10793.28 
443.0 778.0 0.0352115200007 10764.78848 
739.0 918.0 0.0490083200006 10750.99168 
741.0 245.0 0.3144238 10485.5762 
554.0 166.0 0.0691241600002 10730.87584 
699.0 138.0 0.0801426000003 10719.8574 
57.0 411.0 0.0988755200005 10701.12448 
506.0 149.0 0.0527690000001 10747.231 
441.0 408.0 0.093460000001 10706.54 
60.0 188.0 0.00624000000017 10793.76 
779.0 497.0 0.150180000002 10649.82 
320.0 876.0 0.0490083200006 10750.99168 
61.0 66.0 0.0437533599999 10756.24664 
