500.0 500.0
376.0 582.0 0.293004400006 10506.9956 
348.0 723.0 0.04064504001 9759.35495999 
442.0 451.0 0.300609800006 10499.3902 
528.0 437.0 0.122965160002 10677.03484 
408.0 680.0 0.11316684 9686.83316 
393.0 535.0 0.355268600005 10444.7314 
416.0 407.0 0.57869820001 10221.3018 
344.0 307.0 0.277009640004 10522.99036 
328.0 763.0 0.497020000006 10302.98 
415.0 457.0 0.400824800009 10399.1752 
310.0 486.0 0.289795840002 10510.20416 
320.0 556.0 0.178338400003 10621.6616 
386.0 315.0 0.160629200003 10639.3708 
384.0 510.0 0.360229280006 10439.77072 
429.0 708.0 0.430657600007 10369.3424 
432.0 693.0 0.324830320007 10475.16968 
473.0 618.0 0.293533200006 10506.4668 
406.0 462.0 0.527803600006 10272.1964 
236.0 513.0 0.0976518000005 10702.3482 
491.0 622.0 0.160268000003 10639.732 
414.0 544.0 0.16993240001 9630.06759999 
543.0 630.0 0.250482040005 10549.51796 
248.0 701.0 0.0837712400015 10716.22876 
383.0 553.0 0.325939200004 10474.0608 
455.0 584.0 0.278200000008 10521.8 
339.0 584.0 0.126111320001 10673.88868 
459.0 594.0 0.328540160007 10471.45984 
640.0 503.0 0.0126400000003 10787.36 
177.0 416.0 0.0490083200006 10750.99168 
246.0 842.0 0.257626000003 10542.374 
321.0 237.0 0.430846640002 10369.15336 
178.0 915.0 0.101646400001 10698.3536 
510.0 524.0 0.137246080003 10662.75392 
482.0 767.0 0.1032676 10696.7324 
495.0 764.0 0.073080000002 10726.92 
445.0 343.0 0.206112720001 10593.88728 
485.0 346.0 0.458743360001 10341.25664 
629.0 439.0 0.0661115599999 10733.88844 
555.0 495.0 0.185326000004 10614.674 
279.0 773.0 0.502382320003 10297.61768 
327.0 585.0 0.087365600001 10712.6344 
455.0 336.0 0.0733400000013 10726.66 
461.0 249.0 0.0992368000009 10700.7632 
487.0 656.0 0.237794240004 10562.20576 
509.0 217.0 0.0857464000006 10714.2536 
547.0 370.0 0.157683040002 10642.31696 
439.0 867.0 0.708204600002 10091.7954 
279.0 899.0 0.479804000001 10320.196 
392.0 474.0 0.306484480008 10493.51552 
133.0 949.0 0.0490083200006 10750.99168 
491.0 478.0 0.292538400008 10507.4616 
373.0 713.0 0.215597280003 10584.40272 
298.0 323.0 0.152194040002 10647.80596 
533.0 420.0 0.138014560002 10661.98544 
428.0 601.0 0.537743600009 10262.2564 
758.0 396.0 0.0495474000002 10750.4526 
261.0 823.0 0.339514240004 10460.48576 
437.0 475.0 0.33104872001 8768.95127999 
536.0 924.0 0.178052800003 10621.9472 
656.0 251.0 0.145031600001 10654.9684 
314.0 174.0 0.0979160000014 10702.084 
275.0 909.0 0.111410800001 10688.5892 
376.0 172.0 0.0617446400001 10738.25536 
644.0 677.0 0.0316263200003 10768.37368 
536.0 777.0 0.035172 10764.828 
465.0 640.0 0.10942848 9690.57152 
460.0 104.0 0.0607681999998 10739.2318 
588.0 565.0 0.114930400001 10685.0696 
372.0 801.0 0.125490400003 10674.5096 
150.0 418.0 0.0490083200006 10750.99168 
257.0 470.0 0.0569602000003 10743.0398 
368.0 626.0 0.248847000005 10551.153 
740.0 287.0 0.0574296000005 10742.5704 
184.0 224.0 0.0490083200006 10750.99168 
199.0 749.0 0.00568000000016 10794.32 
255.0 823.0 0.172059360004 10627.94064 
154.0 565.0 0.0490083200006 10750.99168 
345.0 221.0 0.0831996800013 10716.80032 
411.0 684.0 0.483904320007 10316.09568 
746.0 799.0 0.0689759999999 10731.024 
229.0 671.0 0.00642000000018 10793.58 
385.0 557.0 0.337019240005 10462.98076 
524.0 543.0 0.195757000003 10604.243 
607.0 961.0 0.0690798400008 10730.92016 
498.0 910.0 0.590944800004 10209.0552 
662.0 853.0 0.0104958000002 10789.5042 
612.0 924.0 0.130665920001 10669.33408 
144.0 759.0 0.0411800000001 10758.82 
222.0 951.0 0.0431524000005 10756.8476 
652.0 255.0 0.166054640002 10633.94536 
595.0 959.0 0.102175440001 10697.82456 
311.0 946.0 0.101746480002 10698.25352 
324.0 405.0 0.0935120000016 10706.488 
674.0 791.0 0.00600000000017 10794.0 
573.0 988.0 0.120745600001 10679.2544 
97.0 974.0 0.0490083200006 10750.99168 
813.0 261.0 0.00618000000017 10793.82 
81.0 689.0 0.0266392000001 10773.3608 
341.0 781.0 0.302261760006 10497.73824 
515.0 287.0 0.184091680001 10615.90832 
331.0 547.0 0.107768160002 10692.23184 
376.0 753.0 0.355174320005 10444.82568 
876.0 449.0 0.0125600000003 10787.44 
68.0 196.0 0.0490083200006 10750.99168 
457.0 794.0 0.367452480002 10432.54752 
467.0 323.0 0.105953160003 10694.04684 
591.0 41.0 0.0490083200006 10750.99168 
435.0 797.0 0.176689720003 10623.31028 
489.0 483.0 0.374485200011 10425.5148 
636.0 640.0 0.0129400000004 10787.06 
489.0 412.0 0.700469160004 10099.53084 
893.0 749.0 0.0490083200006 10750.99168 
364.0 395.0 0.05160208 9794.39792 
644.0 856.0 0.00630000000017 10793.7 
751.0 754.0 0.0118000000003 10788.2 
615.0 220.0 0.0756980800012 10724.30192 
652.0 172.0 0.101765680001 10698.23432 
393.0 118.0 0.00586000000016 10794.14 
347.0 520.0 0.232112800004 10567.8872 
876.0 124.0 0.0490083200006 10750.99168 
869.0 367.0 0.0490083200006 10750.99168 
814.0 731.0 0.0579767999997 10742.0232 
291.0 201.0 0.0768068800014 10723.19312 
866.0 274.0 0.04298808 10757.01192 
72.0 647.0 0.00568000000016 10794.32 
526.0 562.0 0.365492800002 10434.5072 
754.0 453.0 0.0136000000004 10786.4 
382.0 644.0 0.352329000004 10447.671 
759.0 138.0 0.0490083200006 10750.99168 
883.0 833.0 0.0490083200006 10750.99168 
773.0 907.0 0.0490083200006 10750.99168 
474.0 613.0 0.207656720005 10592.34328 
758.0 635.0 0.0490083200006 10750.99168 
914.0 501.0 0.0628337600002 10737.16624 
772.0 479.0 0.0210599999998 10778.94 
774.0 64.0 0.0490083200006 10750.99168 
644.0 490.0 0.0149710000004 10785.029 
405.0 525.0 0.262215280005 10537.78472 
991.0 823.0 0.0490083200006 10750.99168 
902.0 661.0 0.0490083200006 10750.99168 
573.0 925.0 0.256338000003 10543.662 
673.0 305.0 0.0446600000012 10755.34 
590.0 209.0 0.124956000001 10675.044 
126.0 849.0 0.0490083200006 10750.99168 
696.0 259.0 0.122280200001 10677.7198 
658.0 700.0 0.0653785600004 10734.62144 
884.0 482.0 0.0275489999999 10772.451 
72.0 437.0 0.0490083200006 10750.99168 
357.0 349.0 0.384270800001 10415.7292 
251.0 934.0 0.146126880002 10653.87312 
