500.0 500.0
356.0 546.0 0.204602080005 10595.39792 
331.0 470.0 0.623586400002 10176.4136 
383.0 636.0 0.427481760004 10372.51824 
346.0 777.0 0.0940448800016 10705.95512 
406.0 483.0 0.615766000006 10184.234 
215.0 598.0 0.0571000000016 10742.9 
464.0 715.0 0.0875398400006 10712.46016 
442.0 576.0 0.42266108002 8377.33891998 
253.0 488.0 0.132993920001 10667.00608 
352.0 386.0 0.197560080001 10602.43992 
474.0 706.0 0.0985240000014 10701.476 
383.0 647.0 0.205948000005 10594.052 
306.0 558.0 0.0604619200008 10739.53808 
191.0 661.0 0.122790400002 10677.2096 
466.0 650.0 0.529827360008 10270.17264 
446.0 508.0 0.16951920001 9630.48079999 
427.0 261.0 0.706456160004 10093.54384 
163.0 624.0 0.115888800002 10684.1112 
528.0 305.0 0.121864160001 10678.13584 
317.0 528.0 0.216305000004 10583.695 
500.0 593.0 0.34370512001 9456.29487999 
346.0 930.0 0.1230092 10676.9908 
259.0 387.0 0.10140512 10698.59488 
389.0 484.0 0.288371000005 10511.629 
350.0 600.0 0.38556852001 10414.43148 
320.0 778.0 0.0958959600011 10704.10404 
368.0 683.0 0.121314400003 10678.6856 
44.0 692.0 0.00654000000018 10793.46 
390.0 571.0 0.08783904001 9712.16095999 
461.0 559.0 0.255783360005 10544.21664 
324.0 763.0 0.154931200003 10645.0688 
384.0 147.0 0.203895680002 10596.10432 
539.0 162.0 0.0325113200003 10767.48868 
251.0 493.0 0.130661160001 10669.33884 
366.0 540.0 0.542513480007 10257.48652 
477.0 256.0 0.172466640002 10627.53336 
59.0 735.0 0.0336679200001 10766.33208 
234.0 751.0 0.089666560001 10710.33344 
220.0 664.0 0.0954482400005 10704.55176 
406.0 419.0 0.146908960003 10653.09104 
508.0 631.0 0.192965280002 10607.03472 
572.0 735.0 0.096028000001 10703.972 
485.0 433.0 0.14940144 10650.59856 
243.0 972.0 0.112644000001 10687.356 
274.0 464.0 0.180072800003 10619.9272 
470.0 894.0 0.181238280001 10618.76172 
357.0 354.0 0.0327389600007 10767.26104 
121.0 554.0 0.0705818800009 10729.41812 
342.0 697.0 0.619048160004 10180.95184 
445.0 706.0 0.0975240000014 10702.476 
401.0 202.0 0.532514360003 10267.48564 
492.0 515.0 0.701558560006 10098.44144 
160.0 588.0 0.180395000001 10619.605 
261.0 487.0 0.303682760002 10496.31724 
402.0 782.0 0.0306000000008 10769.4 
47.0 805.0 0.0490083200006 10750.99168 
477.0 19.0 0.0822249600003 10717.77504 
554.0 198.0 0.0128600000004 10787.14 
127.0 594.0 0.0581550000012 10741.845 
302.0 270.0 0.0155080000003 10784.492 
351.0 569.0 0.299470000007 10500.53 
273.0 981.0 0.0882977600003 10711.70224 
168.0 520.0 0.0881342000006 10711.8658 
574.0 421.0 0.163050240002 10636.94976 
294.0 203.0 0.0948080000008 10705.192 
597.0 604.0 0.0816018400005 10718.39816 
87.0 395.0 0.0490083200006 10750.99168 
343.0 641.0 0.125180000002 10674.82 
532.0 416.0 0.142352360002 10657.64764 
365.0 540.0 0.289512480007 10510.48752 
81.0 910.0 0.0703078000001 10729.6922 
495.0 858.0 0.0933436000009 10706.6564 
706.0 777.0 0.0490083200006 10750.99168 
144.0 211.0 0.0490083200006 10750.99168 
489.0 382.0 0.0593856800009 10740.61432 
328.0 895.0 0.0254000000007 10774.6 
186.0 797.0 0.037500000001 10762.5 
356.0 390.0 0.108044800001 10691.9552 
1.0 266.0 0.0275470000004 10772.453 
533.0 713.0 0.110513280002 10689.48672 
204.0 874.0 0.537795 10262.205 
288.0 725.0 0.344216000001 10455.784 
98.0 364.0 0.0490083200006 10750.99168 
358.0 617.0 0.371560800009 10428.4392 
688.0 512.0 0.0847736000008 10715.2264 
486.0 477.0 0.311335000008 10488.665 
555.0 281.0 0.0503902400002 10749.60976 
164.0 310.0 0.0490083200006 10750.99168 
37.0 257.0 0.0148902400003 10785.10976 
435.0 56.0 0.0790625200003 10720.93748 
497.0 91.0 0.0127600000004 10787.24 
490.0 527.0 0.583332240016 10216.66776 
319.0 104.0 0.189824880001 10610.17512 
350.0 245.0 0.295233800004 10504.7662 
663.0 679.0 0.0490083200006 10750.99168 
185.0 956.0 0.123408960002 10676.59104 
133.0 905.0 0.116008400001 10683.9916 
816.0 435.0 0.00596000000017 10794.04 
506.0 472.0 0.424001600011 10375.9984 
529.0 288.0 0.0789848000009 10721.0152 
372.0 194.0 0.0668380000016 10733.162 
628.0 405.0 0.0564377600003 10743.56224 
419.0 620.0 0.830132960007 9969.86703999 
566.0 327.0 0.036300000001 10763.7 
318.0 574.0 0.257120560006 10542.87944 
146.0 615.0 0.108088160001 10691.91184 
539.0 679.0 0.198603800003 10601.3962 
520.0 299.0 0.0753960000012 10724.604 
805.0 858.0 0.0120800000003 10787.92 
744.0 358.0 0.0490083200006 10750.99168 
499.0 663.0 0.346811640004 10453.18836 
685.0 130.0 0.0490083200006 10750.99168 
38.0 503.0 0.00582000000016 10794.18 
945.0 457.0 0.0490083200006 10750.99168 
539.0 627.0 0.257937080003 10542.06292 
564.0 479.0 0.551219320001 10248.78068 
560.0 697.0 0.217955880002 10582.04412 
134.0 944.0 0.0831952800007 10716.80472 
520.0 762.0 0.116908000001 10683.092 
222.0 469.0 0.0949408000013 10705.0592 
524.0 951.0 0.0919734000005 10708.0266 
403.0 441.0 0.570584480007 10229.41552 
23.0 467.0 0.0235244400001 10776.47556 
480.0 251.0 0.169879200003 10630.1208 
370.0 216.0 0.201560880004 10598.43912 
377.0 663.0 0.224036680005 10575.96332 
214.0 627.0 0.0770080000018 10722.992 
167.0 898.0 0.216354800001 10583.6452 
311.0 282.0 0.0189800000005 10781.02 
567.0 417.0 0.118014800002 10681.9852 
625.0 501.0 0.239569000002 10560.431 
598.0 600.0 0.00644000000018 10793.56 
426.0 325.0 0.0686400000019 10731.36 
384.0 144.0 0.135315120002 10664.68488 
303.0 922.0 0.12930792 10670.69208 
314.0 777.0 0.103291200001 10696.7088 
298.0 794.0 0.118889680001 10681.11032 
830.0 152.0 0.0139776000002 10786.0224 
682.0 479.0 0.076385320001 10723.61468 
806.0 148.0 0.00640000000018 10793.6 
764.0 919.0 0.0705879200001 10729.41208 
299.0 31.0 0.0890504400002 10710.94956 
531.0 165.0 0.0335704000004 10766.4296 
829.0 459.0 0.0148404000002 10785.1596 
397.0 132.0 0.129717600002 10670.2824 
805.0 733.0 0.0490083200006 10750.99168 
191.0 649.0 0.0915714400015 10708.42856 
440.0 827.0 0.213517280001 10586.48272 
816.0 870.0 0.00933299999992 10790.667 
34.0 270.0 0.0127400000004 10787.26 
