500.0 500.0
600.0 545.0 0.0127559200003 10787.24408 
374.0 453.0 0.0652525200014 10734.74748 
303.0 318.0 0.473806240005 10326.19376 
369.0 364.0 0.105051840001 10694.94816 
441.0 505.0 0.16087336 10639.12664 
292.0 475.0 0.374778000002 10425.222 
384.0 427.0 0.243548480002 10556.45152 
299.0 166.0 0.0893467200019 10710.65328 
225.0 484.0 0.449555840002 10350.44416 
609.0 573.0 0.0276600000002 10772.34 
305.0 563.0 0.0517256800004 10748.27432 
162.0 322.0 0.0922605600009 10707.73944 
215.0 267.0 0.194026800002 10605.9732 
470.0 295.0 0.0434600000012 10756.54 
202.0 192.0 0.143350000002 10656.65 
359.0 648.0 0.0490083200006 10750.99168 
85.0 537.0 0.075624560001 10724.37544 
404.0 734.0 0.0490083200006 10750.99168 
319.0 244.0 0.607126240004 10192.87376 
587.0 197.0 0.116432480001 10683.56752 
137.0 387.0 0.0676600000019 10732.34 
277.0 188.0 0.441744000003 10358.256 
379.0 189.0 0.0490083200006 10750.99168 
29.0 677.0 0.090128240001 10709.87176 
726.0 527.0 0.0636921600001 10736.30784 
591.0 539.0 0.0113800000003 10788.62 
510.0 772.0 0.0626550400008 10737.34496 
367.0 65.0 0.126003200002 10673.9968 
429.0 109.0 0.224413440002 10575.58656 
14.0 423.0 0.0698982000007 10730.1018 
243.0 421.0 0.288780480006 10511.21952 
561.0 866.0 0.0490083200006 10750.99168 
49.0 348.0 0.239743240002 10560.25676 
307.0 93.0 0.113984720001 10686.01528 
372.0 37.0 0.0486964000003 10751.3036 
416.0 387.0 0.230649040002 10569.35096 
513.0 217.0 0.352331840001 10447.66816 
398.0 826.0 0.00588000000016 10794.12 
307.0 374.0 0.144360000004 10655.64 
435.0 103.0 0.122748880002 10677.25112 
493.0 21.0 0.0490083200006 10750.99168 
450.0 528.0 0.119467840002 10680.53216 
217.0 669.0 0.0994991200015 10700.50088 
378.0 90.0 0.127786000001 10672.214 
397.0 330.0 0.125665200001 10674.3348 
855.0 570.0 0.199005760001 10600.99424 
84.0 633.0 0.386667840002 10413.33216 
58.0 757.0 0.0894365600006 10710.56344 
176.0 218.0 0.119834400001 10680.1656 
276.0 147.0 0.0856696000016 10714.3304 
143.0 487.0 0.190738640002 10609.26136 
147.0 114.0 0.00622000000017 10793.78 
520.0 684.0 0.00832032000009 10791.67968 
320.0 506.0 0.0931000000026 10706.9 
458.0 976.0 0.0317046000003 10768.2954 
122.0 500.0 0.0584284000014 10741.5716 
114.0 519.0 0.0500449600011 10749.95504 
845.0 498.0 0.265707040001 10534.29296 
208.0 757.0 0.0181600000005 10781.84 
104.0 380.0 0.0769649600017 10723.03504 
923.0 423.0 0.0124600000003 10787.54 
609.0 44.0 0.0490083200006 10750.99168 
722.0 457.0 0.037820000001 10762.18 
583.0 820.0 0.0727572000002 10727.2428 
259.0 420.0 0.516269280004 10283.73072 
772.0 496.0 0.257255200002 10542.7448 
809.0 656.0 0.0249200000007 10775.08 
109.0 130.0 0.0273679999999 10772.632 
186.0 606.0 0.264464000004 10535.536 
498.0 720.0 0.181707200001 10618.2928 
670.0 256.0 0.0490083200006 10750.99168 
936.0 498.0 0.0845913599997 10715.40864 
271.0 361.0 0.355727600006 10444.2724 
443.0 940.0 0.0247800000007 10775.22 
73.0 399.0 0.151050400001 10648.9496 
141.0 605.0 0.290932400002 10509.0676 
982.0 316.0 0.0585685600002 10741.43144 
75.0 694.0 0.239419200002 10560.5808 
83.0 738.0 0.115896960001 10684.10304 
313.0 571.0 0.101062 10698.938 
446.0 162.0 0.0298600000008 10770.14 
106.0 413.0 0.0722648400011 10727.73516 
439.0 843.0 0.0290471999999 10770.9528 
388.0 566.0 0.00674000000018 10793.26 
332.0 999.0 0.0490083200006 10750.99168 
522.0 672.0 0.0306400000009 10769.36 
218.0 486.0 0.281117560004 10518.88244 
8.0 336.0 0.0490750000007 10750.925 
495.0 141.0 0.409192000002 10390.808 
487.0 491.0 0.108600000003 10691.4 
263.0 286.0 0.791067840005 10008.93216 
846.0 593.0 0.16884576 10631.15424 
93.0 584.0 0.265247920002 10534.75208 
852.0 596.0 0.0332086000008 10766.7914 
797.0 681.0 0.0369420800001 10763.05792 
109.0 371.0 0.122288800003 10677.7112 
969.0 178.0 0.0490083200006 10750.99168 
47.0 225.0 0.0490083200006 10750.99168 
537.0 769.0 0.138270560001 10661.72944 
650.0 42.0 0.0490083200006 10750.99168 
727.0 625.0 0.0490083200006 10750.99168 
687.0 947.0 0.0170430000002 10782.957 
358.0 264.0 0.165547320003 10634.45268 
921.0 307.0 0.00614000000017 10793.86 
532.0 125.0 0.0248184400005 10775.18156 
137.0 792.0 0.169606560001 10630.39344 
228.0 610.0 0.0641400000018 10735.86 
470.0 112.0 0.0958856000019 10704.1144 
966.0 384.0 0.0505676000002 10749.4324 
207.0 669.0 0.110257920002 10689.74208 
139.0 323.0 0.0947680000011 10705.232 
407.0 435.0 0.205792480001 10594.20752 
786.0 198.0 0.034008 10765.992 
57.0 598.0 0.0748822400011 10725.11776 
460.0 428.0 0.458867840003 10341.13216 
538.0 396.0 0.00634000000017 10793.66 
174.0 303.0 0.068744680001 10731.25532 
422.0 963.0 0.0246456000004 10775.3544 
212.0 565.0 0.142259120002 10657.74088 
303.0 570.0 0.0680956000003 10731.9044 
761.0 238.0 0.00624000000017 10793.76 
194.0 456.0 0.175657000002 10624.343 
808.0 757.0 0.0899475200006 10710.05248 
62.0 624.0 0.154402040002 10645.59796 
231.0 206.0 0.0785529600016 10721.44704 
134.0 533.0 0.0750800000021 10724.92 
720.0 793.0 0.00954156000027 10790.45844 
41.0 741.0 0.0869298000011 10713.0702 
711.0 779.0 0.00614000000017 10793.86 
649.0 712.0 0.0490083200006 10750.99168 
307.0 505.0 0.0832748000019 10716.7252 
239.0 241.0 0.256126160003 10543.87384 
219.0 828.0 0.0688499199998 10731.15008 
928.0 553.0 0.0889384800005 10711.06152 
479.0 263.0 0.176366600002 10623.6334 
150.0 923.0 0.0490083200006 10750.99168 
518.0 959.0 0.0871847200002 10712.81528 
673.0 920.0 0.00598000000017 10794.02 
277.0 131.0 0.0973877600016 10702.61224 
26.0 312.0 0.0500980000008 10749.902 
220.0 445.0 0.224728160004 10575.27184 
226.0 42.0 0.0490083200006 10750.99168 
844.0 61.0 0.0490083200006 10750.99168 
512.0 973.0 0.0822060000005 10717.794 
155.0 325.0 0.094743040001 10705.25696 
487.0 576.0 0.090665 10709.335 
996.0 16.0 0.0490083200006 10750.99168 
537.0 127.0 0.0979416000016 10702.0584 
778.0 500.0 0.0951498000007 10704.8502 
586.0 391.0 0.0358717200003 10764.12828 
