500.0 500.0
488.0 410.0 0.137191600003 10662.8084 
594.0 500.0 0.202040520004 10597.95948 
562.0 342.0 0.453744800003 10346.2552 
618.0 253.0 0.188702440001 10611.29756 
540.0 641.0 0.0929400000026 10707.06 
671.0 431.0 0.281010560006 10518.98944 
540.0 246.0 0.281813320001 10518.18668 
704.0 577.0 0.305878640003 10494.12136 
445.0 764.0 0.0726768000003 10727.3232 
682.0 396.0 0.590484320005 10209.51568 
555.0 794.0 0.172873600001 10627.1264 
695.0 513.0 0.235844800004 10564.1552 
641.0 678.0 0.109408800001 10690.5912 
764.0 659.0 0.157128000001 10642.872 
694.0 552.0 0.101240000002 10698.76 
469.0 267.0 0.0802200000022 10719.78 
740.0 717.0 0.0119200000003 10788.08 
621.0 692.0 0.147374800002 10652.6252 
567.0 858.0 0.0818568000004 10718.1432 
617.0 694.0 0.180548000003 10619.452 
780.0 316.0 0.163816880004 10636.18312 
847.0 655.0 0.272072600001 10527.9274 
540.0 919.0 0.0726768000003 10727.3232 
591.0 705.0 0.153323080003 10646.67692 
881.0 798.0 0.0726768000003 10727.3232 
685.0 829.0 0.101084 10698.916 
376.0 493.0 0.0683800000019 10731.62 
779.0 213.0 0.110417200001 10689.5828 
674.0 634.0 0.105388800002 10694.6112 
735.0 347.0 0.694978000003 10105.022 
275.0 423.0 0.327198880001 10472.80112 
642.0 390.0 0.425761920008 10374.23808 
328.0 776.0 0.12753748 10672.46252 
607.0 451.0 0.64097516001 9159.02483999 
579.0 809.0 0.114242240002 10685.75776 
743.0 969.0 0.0647888000005 10735.2112 
598.0 190.0 0.0732998800004 10726.70012 
451.0 929.0 0.16019088 10639.80912 
490.0 366.0 0.519817600001 10280.1824 
908.0 615.0 0.0944920000002 10705.508 
541.0 419.0 0.578556800009 10221.4432 
621.0 939.0 0.0122000000003 10787.8 
779.0 660.0 0.116963600002 10683.0364 
447.0 595.0 0.0915364000003 10708.4636 
310.0 321.0 0.210872000001 10589.128 
668.0 452.0 0.870758080004 9929.24192 
548.0 497.0 0.907723280011 9892.27671999 
429.0 861.0 0.261460000001 10538.54 
496.0 112.0 0.198471200002 10601.5288 
334.0 960.0 0.0123000000003 10787.7 
706.0 870.0 0.249058240001 10550.94176 
703.0 807.0 0.0250400000007 10774.96 
570.0 651.0 0.0971600000013 10702.84 
278.0 298.0 0.0376108400001 10762.38916 
197.0 789.0 0.179084320001 10620.91568 
141.0 435.0 0.0257000000007 10774.3 
358.0 668.0 0.0424116 10757.5884 
328.0 269.0 0.0125400000003 10787.46 
774.0 320.0 0.0770104000022 10722.9896 
731.0 768.0 0.00600000000017 10794.0 
749.0 465.0 0.207305600002 10592.6944 
281.0 704.0 0.0250105600004 10774.98944 
675.0 510.0 0.298525000004 10501.475 
707.0 386.0 0.150101920003 10649.89808 
846.0 196.0 0.0777272000004 10722.2728 
505.0 935.0 0.0507043200005 10749.29568 
232.0 550.0 0.18114116 10618.85884 
40.0 545.0 0.0726768000003 10727.3232 
244.0 404.0 0.141815920001 10658.18408 
690.0 119.0 0.223896000002 10576.104 
545.0 318.0 0.118066200001 10681.9338 
136.0 431.0 0.0262264400007 10773.77356 
653.0 577.0 0.0815800000023 10718.42 
556.0 777.0 0.101566000002 10698.434 
463.0 461.0 0.109691600002 10690.3084 
256.0 929.0 0.037080000001 10762.92 
871.0 999.0 0.0726768000003 10727.3232 
871.0 684.0 0.078281520001 10721.71848 
191.0 608.0 0.1490206 10650.9794 
215.0 740.0 0.121361440002 10678.63856 
632.0 86.0 0.0532509200007 10746.74908 
582.0 734.0 0.265514400003 10534.4856 
547.0 728.0 0.232609360003 10567.39064 
796.0 743.0 0.0638840000001 10736.116 
631.0 122.0 0.037220000001 10762.78 
690.0 511.0 0.381437000004 10418.563 
753.0 108.0 0.0960948000013 10703.9052 
745.0 232.0 0.0424588000008 10757.5412 
400.0 355.0 0.246320080002 10553.67992 
292.0 202.0 0.1637678 10636.2322 
381.0 431.0 0.659784440002 10140.21556 
329.0 849.0 0.0914648000007 10708.5352 
915.0 915.0 0.0726768000003 10727.3232 
204.0 923.0 0.146018400001 10653.9816 
941.0 142.0 0.0726768000003 10727.3232 
399.0 80.0 0.0918652800006 10708.13472 
877.0 366.0 0.00612000000017 10793.88 
175.0 212.0 0.0726768000003 10727.3232 
130.0 323.0 0.107788000001 10692.212 
767.0 724.0 0.086730560001 10713.26944 
264.0 996.0 0.0689972000001 10731.0028 
631.0 665.0 0.145623040002 10654.37696 
501.0 79.0 0.0423578400008 10757.64216 
71.0 986.0 0.0726768000003 10727.3232 
639.0 974.0 0.0314695600001 10768.53044 
839.0 572.0 0.103776800001 10696.2232 
180.0 575.0 0.0311760000004 10768.824 
538.0 519.0 0.286294400005 10513.7056 
50.0 688.0 0.0726768000003 10727.3232 
776.0 539.0 0.126077400001 10673.9226 
417.0 283.0 0.0898522400002 10710.14776 
46.0 267.0 0.00628000000017 10793.72 
327.0 395.0 0.576828640005 10223.17136 
625.0 959.0 0.0171753600002 10782.82464 
721.0 635.0 0.323588080001 10476.41192 
39.0 273.0 0.00734759999992 10792.6524 
642.0 113.0 0.0399833600008 10760.01664 
469.0 189.0 0.486574560004 10313.42544 
399.0 154.0 0.215915000001 10584.085 
562.0 649.0 0.151139520002 10648.86048 
780.0 116.0 0.0669136000005 10733.0864 
452.0 148.0 0.153721600002 10646.2784 
560.0 1.0 0.0726768000003 10727.3232 
200.0 353.0 0.230679320001 10569.32068 
494.0 514.0 0.0956275200026 10704.37248 
954.0 783.0 0.0554460800005 10744.55392 
782.0 920.0 0.0828587600003 10717.14124 
87.0 383.0 0.182891200001 10617.1088 
261.0 932.0 0.114592840001 10685.40716 
391.0 852.0 0.113207000001 10686.793 
19.0 410.0 0.0929808000001 10707.0192 
509.0 703.0 0.607958600002 10192.0414 
715.0 920.0 0.153545600002 10646.4544 
282.0 483.0 0.084062320001 10715.93768 
291.0 963.0 0.0344473600003 10765.55264 
130.0 920.0 0.177338400001 10622.6616 
142.0 701.0 0.0762346400007 10723.76536 
412.0 675.0 0.00612000000017 10793.88 
770.0 550.0 0.0313400000009 10768.66 
782.0 417.0 0.0957582000009 10704.2418 
393.0 768.0 0.0421600000012 10757.84 
529.0 217.0 0.477212000001 10322.788 
707.0 399.0 0.226000880005 10573.99912 
825.0 704.0 0.139440240002 10660.55976 
418.0 788.0 0.113555 10686.445 
550.0 557.0 0.224568080004 10575.43192 
933.0 415.0 0.0738928800002 10726.10712 
945.0 732.0 0.0423508000007 10757.6492 
568.0 755.0 0.201451600003 10598.5484 
660.0 432.0 0.317457600007 10482.5424 
366.0 156.0 0.00642000000018 10793.58 
101.0 432.0 0.0446862000008 10755.3138 
576.0 450.0 0.318925600007 10481.0744 
480.0 76.0 0.0480419200006 10751.95808 
758.0 261.0 0.347352400002 10452.6476 
499.0 173.0 0.253035520002 10546.96448 
269.0 502.0 0.145806399999 10654.1936 
953.0 703.0 0.0126800000003 10787.32 
378.0 119.0 0.118370280001 10681.62972 
331.0 618.0 0.00612000000017 10793.88 
722.0 126.0 0.0736974000012 10726.3026 
400.0 851.0 0.0242800000007 10775.72 
770.0 332.0 0.232292000001 10567.708 
679.0 295.0 0.0622400000017 10737.76 
272.0 689.0 0.036500000001 10763.5 
202.0 718.0 0.331806840001 10468.19316 
265.0 153.0 0.0571164000007 10742.8836 
831.0 582.0 0.293699800001 10506.3002 
193.0 339.0 0.0342530000007 10765.747 
139.0 937.0 0.0240300000001 10775.97 
507.0 453.0 0.510425760005 10289.57424 
291.0 543.0 0.0304400000008 10769.56 
159.0 857.0 0.117512160001 10682.48784 
453.0 522.0 0.0908474800005 10709.15252 
712.0 410.0 0.327652000006 10472.348 
