500.0 500.0
533.0 593.0 0.90688368002 8893.11631998 
646.0 653.0 0.248951200003 10551.0488 
572.0 712.0 0.190307120001 10609.69288 
418.0 593.0 0.17595888002 9624.04111998 
338.0 660.0 0.75402248 9045.97752 
692.0 652.0 0.109398600002 10690.6014 
333.0 528.0 0.541015800013 10258.9842 
355.0 809.0 0.0809185200022 10719.08148 
207.0 660.0 0.153488000002 10646.512 
523.0 632.0 0.924436000016 9875.56399998 
255.0 591.0 0.404563040009 10395.43696 
436.0 704.0 0.211004800003 10588.9952 
521.0 748.0 0.148867400002 10651.1326 
508.0 776.0 0.110052800002 10689.9472 
407.0 841.0 0.104872000002 10695.128 
286.0 523.0 0.500795520013 10299.20448 
774.0 699.0 0.0868763200006 10713.12368 
520.0 777.0 0.160860480003 10639.13952 
354.0 719.0 0.323182040008 10476.81796 
678.0 802.0 0.0179200000005 10782.08 
190.0 722.0 0.337825000002 10462.175 
762.0 666.0 0.139522400001 10660.4776 
287.0 674.0 0.330775440008 10469.22456 
714.0 822.0 0.0396966400003 10760.30336 
575.0 627.0 0.551222400011 10248.7776 
200.0 749.0 0.0674168000015 10732.5832 
418.0 651.0 0.461427680006 10338.57232 
415.0 716.0 0.266462480006 10533.53752 
150.0 530.0 0.144980200003 10655.0198 
330.0 803.0 0.203916800004 10596.0832 
797.0 632.0 0.0728998800006 10727.10012 
182.0 639.0 0.0703946000009 10729.6054 
281.0 552.0 0.51173520001 10288.2648 
139.0 842.0 0.00602000000017 10793.98 
742.0 608.0 0.227931200003 10572.0688 
329.0 506.0 0.164435200004 10635.5648 
597.0 579.0 0.320837440007 10479.16256 
246.0 799.0 0.104743200001 10695.2568 
346.0 728.0 0.759374080007 10040.62592 
255.0 854.0 0.157830920001 10642.16908 
599.0 470.0 0.0248600000007 10775.14 
309.0 506.0 0.259585760004 10540.41424 
233.0 758.0 0.036020000001 10763.98 
235.0 482.0 0.557578080003 10242.42192 
367.0 698.0 0.375710000009 10424.29 
348.0 711.0 0.349792880006 10450.20712 
697.0 470.0 0.0539856000006 10746.0144 
541.0 875.0 0.0347748000005 10765.2252 
440.0 430.0 0.165339680002 10634.66032 
249.0 684.0 0.290509760004 10509.49024 
698.0 556.0 0.527511120002 10272.48888 
418.0 595.0 0.421068480012 10378.93152 
651.0 689.0 0.054595960001 10745.40404 
252.0 913.0 0.0644500000007 10735.55 
660.0 475.0 0.139328080001 10660.67192 
572.0 587.0 0.764802960013 10035.19704 
615.0 573.0 0.730260400007 10069.7396 
586.0 724.0 0.0221200000006 10777.88 
369.0 701.0 0.344292600007 10455.7074 
377.0 357.0 0.0670536000005 10732.9464 
655.0 434.0 0.150331680001 10649.66832 
684.0 647.0 0.0985099200017 10701.49008 
700.0 568.0 0.246492000005 10553.508 
319.0 833.0 0.259954000001 10540.046 
202.0 557.0 0.301364880004 10498.63512 
377.0 796.0 0.532859000001 10267.141 
872.0 779.0 0.166226400001 10633.7736 
325.0 649.0 0.547846400012 10252.1536 
564.0 846.0 0.192743240001 10607.25676 
991.0 744.0 0.0444582400003 10755.54176 
93.0 384.0 0.0905060000003 10709.494 
459.0 548.0 0.08080320003 6719.19679997 
166.0 535.0 0.089464000002 10710.536 
948.0 901.0 0.0347748000005 10765.2252 
445.0 883.0 0.0445153600004 10755.48464 
528.0 336.0 0.142230440001 10657.76956 
489.0 372.0 0.0438400000012 10756.16 
685.0 598.0 0.637339000008 10162.661 
161.0 382.0 0.0412800000002 10758.72 
260.0 575.0 0.57945828001 10220.54172 
822.0 528.0 0.12885676 10671.14324 
484.0 356.0 0.0474143200012 10752.58568 
204.0 507.0 0.449660600003 10350.3394 
325.0 702.0 0.238987120005 10561.01288 
869.0 707.0 0.037120000001 10762.88 
234.0 312.0 0.0176400000005 10782.36 
323.0 593.0 0.09209120001 7707.90879999 
651.0 359.0 0.0775934400004 10722.40656 
231.0 641.0 0.349725400004 10450.2746 
467.0 740.0 0.158580440004 10641.41956 
275.0 646.0 0.624619800013 10175.3802 
776.0 533.0 0.0251364800007 10774.86352 
898.0 430.0 0.0347748000005 10765.2252 
689.0 924.0 0.0662104000002 10733.7896 
537.0 496.0 0.059801400001 10740.1986 
481.0 507.0 0.314686000009 10485.314 
95.0 976.0 0.0347748000005 10765.2252 
695.0 482.0 0.0964389600018 10703.56104 
772.0 527.0 0.0245000000007 10775.5 
310.0 940.0 0.00650000000018 10793.5 
452.0 514.0 0.681440000018 10118.56 
870.0 739.0 0.0878520000007 10712.148 
151.0 227.0 0.0808452000003 10719.1548 
136.0 714.0 0.171340800001 10628.6592 
142.0 460.0 0.175951480003 10624.04852 
30.0 707.0 0.0888811200003 10711.11888 
503.0 800.0 0.464672600004 10335.3274 
189.0 649.0 0.117718400002 10682.2816 
438.0 618.0 0.924822040024 9875.17795998 
408.0 438.0 0.138922400002 10661.0776 
681.0 858.0 0.0958150000003 10704.185 
302.0 744.0 0.170356400002 10629.6436 
922.0 823.0 0.0755808000002 10724.4192 
440.0 846.0 0.212165800001 10587.8342 
528.0 187.0 0.12984752 10670.15248 
478.0 658.0 0.749044000005 10050.956 
445.0 758.0 0.203372600004 10596.6274 
470.0 471.0 0.184571920002 10615.42808 
389.0 571.0 0.55923752002 6240.76247998 
103.0 459.0 0.156752000001 10643.248 
376.0 406.0 0.161266880001 10638.73312 
532.0 615.0 0.08021760001 9719.78239999 
500.0 247.0 0.0126400000003 10787.36 
162.0 549.0 0.132614880002 10667.38512 
478.0 694.0 0.371767760004 10428.23224 
669.0 513.0 0.222984000004 10577.016 
900.0 522.0 0.189060800001 10610.9392 
947.0 750.0 0.189112000001 10610.888 
540.0 905.0 0.0347748000005 10765.2252 
902.0 411.0 0.0347748000005 10765.2252 
163.0 426.0 0.140096000002 10659.904 
280.0 684.0 0.378516000009 10421.484 
72.0 141.0 0.0347748000005 10765.2252 
333.0 526.0 0.52820680002 9271.79319998 
305.0 403.0 0.0871120000002 10712.888 
589.0 357.0 0.137433920001 10662.56608 
716.0 667.0 0.248186000002 10551.814 
749.0 258.0 0.0662707200002 10733.72928 
146.0 498.0 0.124435400002 10675.5646 
435.0 479.0 0.476531120011 10323.46888 
499.0 344.0 0.0366366400007 10763.36336 
470.0 734.0 0.754671200003 10045.3288 
592.0 596.0 0.613110800014 10186.8892 
703.0 618.0 0.274604880003 10525.39512 
749.0 321.0 0.0252513600001 10774.74864 
218.0 248.0 0.12285968 10677.14032 
906.0 673.0 0.0554240000003 10744.576 
216.0 346.0 0.0347748000005 10765.2252 
435.0 535.0 0.751224000019 10048.776 
723.0 690.0 0.130644960002 10669.35504 
131.0 835.0 0.00738052000031 10792.61948 
717.0 313.0 0.0125000000003 10787.5 
255.0 232.0 0.00622000000017 10793.78 
799.0 207.0 0.0347748000005 10765.2252 
665.0 231.0 0.0742344800002 10725.76552 
188.0 146.0 0.0347748000005 10765.2252 
588.0 186.0 0.0649687600002 10735.03124 
876.0 301.0 0.0347748000005 10765.2252 
328.0 172.0 0.0347748000005 10765.2252 
141.0 50.0 0.0347748000005 10765.2252 
433.0 335.0 0.1430034 10656.9966 
936.0 557.0 0.0501220800002 10749.87792 
817.0 884.0 0.0347748000005 10765.2252 
473.0 572.0 0.89629972003 6903.70027997 
517.0 654.0 0.206606120002 10593.39388 
251.0 563.0 0.77918432001 10020.81568 
297.0 672.0 0.50011100001 10299.889 
627.0 938.0 0.0347748000005 10765.2252 
158.0 479.0 0.505120320002 10294.87968 
735.0 552.0 0.180665600003 10619.3344 
102.0 679.0 0.0952726000001 10704.7274 
202.0 266.0 0.0625216000004 10737.4784 
718.0 286.0 0.0183600000005 10781.64 
963.0 197.0 0.0347748000005 10765.2252 
631.0 553.0 0.330967520003 10469.03248 
