500.0 500.0
520.0 398.0 0.119257520001 10680.74248 
408.0 454.0 0.550421120014 10249.57888 
560.0 304.0 0.0718124800002 10728.18752 
344.0 556.0 0.387817480009 10412.18252 
386.0 571.0 0.23466336001 8565.33663999 
405.0 549.0 0.277798200007 10522.2018 
369.0 448.0 0.813392000014 9986.60799999 
388.0 383.0 0.144519080002 10655.48092 
287.0 413.0 0.300921000002 10499.079 
348.0 511.0 0.49314860002 9306.85139998 
358.0 525.0 0.591299120015 10208.70088 
512.0 431.0 0.180530800002 10619.4692 
294.0 644.0 0.800755800004 9999.2442 
501.0 510.0 0.0825449200022 10717.45508 
371.0 415.0 0.667383760011 10132.61624 
621.0 554.0 0.150216560001 10649.78344 
544.0 607.0 0.109754400002 10690.2456 
394.0 688.0 0.117658440002 10682.34156 
452.0 383.0 0.119015040001 10680.98496 
218.0 751.0 0.0119800000003 10788.02 
248.0 537.0 0.368358800003 10431.6412 
414.0 478.0 0.31997000001 8480.02999999 
568.0 521.0 0.3279874 10472.0126 
306.0 412.0 0.634965200005 10165.0348 
651.0 432.0 0.0565400000016 10743.46 
403.0 463.0 0.573813600016 10226.1864 
168.0 638.0 0.159421000002 10640.579 
531.0 714.0 0.0649470000008 10735.053 
208.0 603.0 0.157612800004 10642.3872 
242.0 894.0 0.142124520003 10657.87548 
770.0 469.0 0.261068000001 10538.932 
294.0 395.0 0.228635360004 10571.36464 
517.0 607.0 0.179113040003 10620.88696 
233.0 490.0 0.335865360004 10464.13464 
310.0 602.0 0.169647600004 10630.3524 
550.0 483.0 0.107558640002 10692.44136 
912.0 441.0 0.0247000000007 10775.3 
238.0 829.0 0.0489800000014 10751.02 
783.0 438.0 0.0989254800011 10701.07452 
168.0 990.0 0.0389088000003 10761.0912 
85.0 927.0 0.0536423200004 10746.35768 
565.0 319.0 0.036638880001 10763.36112 
70.0 875.0 0.0999440000005 10700.056 
163.0 895.0 0.245680000001 10554.32 
451.0 759.0 0.152554240002 10647.44576 
188.0 546.0 0.444666120005 10355.33388 
398.0 493.0 0.60089200001 9199.10799999 
574.0 260.0 0.642293280002 10157.70672 
321.0 570.0 0.875961760006 9924.03823999 
818.0 527.0 0.116504960001 10683.49504 
549.0 329.0 0.0810800000022 10718.92 
184.0 541.0 0.195408480004 10604.59152 
215.0 617.0 0.159221000003 10640.779 
17.0 975.0 0.0490083200006 10750.99168 
210.0 972.0 0.0126000000003 10787.4 
357.0 438.0 0.834832280015 9965.16771999 
393.0 642.0 0.837147600005 9962.8524 
208.0 860.0 0.200359840002 10599.64016 
168.0 305.0 0.377717040002 10422.28296 
336.0 611.0 0.382756000009 10417.244 
290.0 890.0 0.037100000001 10762.9 
224.0 869.0 0.125192120002 10674.80788 
599.0 117.0 0.0122400000003 10787.76 
332.0 615.0 0.394603360009 10405.39664 
424.0 406.0 0.173208800003 10626.7912 
221.0 916.0 0.150266040002 10649.73396 
296.0 901.0 0.0391096000009 10760.8904 
566.0 164.0 0.212301200002 10587.6988 
942.0 480.0 0.119308600001 10680.6914 
583.0 226.0 0.165622480002 10634.37752 
309.0 387.0 0.227125120003 10572.87488 
189.0 195.0 0.0433476000005 10756.6524 
369.0 484.0 0.570489560015 10229.51044 
398.0 965.0 0.0129600000004 10787.04 
370.0 814.0 0.0697218400007 10730.27816 
518.0 740.0 0.0860988800013 10713.90112 
64.0 328.0 0.0986376000005 10701.3624 
620.0 644.0 0.0251600000007 10774.84 
497.0 681.0 0.366319680001 10433.68032 
362.0 274.0 0.144003000003 10655.997 
849.0 619.0 0.05816008 10741.83992 
920.0 292.0 0.0119200000003 10788.08 
160.0 720.0 0.121887 10678.113 
66.0 652.0 0.0948156800006 10705.18432 
176.0 495.0 0.137955680003 10662.04432 
350.0 544.0 0.550804800013 10249.1952 
898.0 199.0 0.00608000000017 10793.92 
274.0 385.0 0.288108760005 10511.89124 
87.0 452.0 0.0997265600007 10700.27344 
360.0 757.0 0.0732414400008 10726.75856 
540.0 475.0 0.135668000002 10664.332 
171.0 74.0 0.0490083200006 10750.99168 
535.0 503.0 0.0843420000015 10715.658 
675.0 417.0 0.0671452400015 10732.85476 
703.0 448.0 0.343868000001 10456.132 
414.0 525.0 0.529719280014 10270.28072 
921.0 99.0 0.00596000000017 10794.04 
289.0 207.0 0.216262320001 10583.73768 
826.0 298.0 0.0490083200006 10750.99168 
412.0 779.0 0.105875920001 10694.12408 
314.0 235.0 0.564143520004 10235.85648 
586.0 22.0 0.0219322000003 10778.0678 
561.0 695.0 0.0902028800007 10709.79712 
108.0 841.0 0.270499480001 10529.50052 
593.0 38.0 0.17192096 10628.07904 
953.0 175.0 0.0498681599999 10750.13184 
108.0 350.0 0.265500000002 10534.5 
815.0 21.0 0.0490083200006 10750.99168 
289.0 104.0 0.100951840001 10699.04816 
903.0 366.0 0.0794368000003 10720.5632 
264.0 889.0 0.115921760002 10684.07824 
965.0 435.0 0.0605307200008 10739.46928 
78.0 507.0 0.0891040000013 10710.896 
752.0 488.0 0.228098240001 10571.90176 
507.0 461.0 0.0751428000014 10724.8572 
118.0 170.0 0.0839655200002 10716.03448 
978.0 431.0 0.079204640001 10720.79536 
496.0 149.0 0.0938400000007 10706.16 
293.0 539.0 0.799404440007 10000.59556 
368.0 280.0 0.375128400003 10424.8716 
950.0 338.0 0.0900814400001 10709.91856 
718.0 380.0 0.00610000000017 10793.9 
689.0 673.0 0.23612136 10563.87864 
630.0 613.0 0.0684364000008 10731.5636 
101.0 526.0 0.0634200000012 10736.58 
427.0 540.0 0.392160000011 10407.84 
480.0 950.0 0.00632000000017 10793.68 
234.0 625.0 0.483366160002 10316.63384 
789.0 434.0 0.079206160001 10720.79384 
967.0 136.0 0.0475012000001 10752.4988 
218.0 433.0 0.103734360001 10696.26564 
632.0 384.0 0.0478916000001 10752.1084 
243.0 329.0 0.354289240003 10445.71076 
126.0 521.0 0.209242200002 10590.7578 
335.0 17.0 0.0490083200006 10750.99168 
257.0 171.0 0.234780800003 10565.2192 
499.0 314.0 0.0681370000009 10731.863 
174.0 560.0 0.192309600003 10607.6904 
136.0 628.0 0.225738240002 10574.26176 
570.0 492.0 0.0947348800004 10705.26512 
415.0 388.0 0.128186800003 10671.8132 
623.0 579.0 0.126883560001 10673.11644 
206.0 200.0 0.187800960001 10612.19904 
84.0 726.0 0.0975987200003 10702.40128 
159.0 756.0 0.0490083200006 10750.99168 
898.0 614.0 0.0490083200006 10750.99168 
430.0 982.0 0.0575033599999 10742.49664 
217.0 993.0 0.0187740000002 10781.226 
569.0 196.0 0.153326880003 10646.67312 
318.0 652.0 0.190696000003 10609.304 
232.0 361.0 0.171889520002 10628.11048 
547.0 225.0 0.135751680002 10664.24832 
26.0 277.0 0.0688162000003 10731.1838 
259.0 899.0 0.125665640002 10674.33436 
419.0 687.0 0.336569360002 10463.43064 
802.0 576.0 0.0126200000003 10787.38 
296.0 309.0 0.226610920004 10573.38908 
829.0 402.0 0.04876816 10751.23184 
687.0 266.0 0.0551128000006 10744.8872 
676.0 733.0 0.0712756000008 10728.7244 
983.0 395.0 0.0724917600005 10727.50824 
502.0 262.0 0.214289760001 10585.71024 
488.0 151.0 0.10998804 10690.01196 
512.0 573.0 0.56691588 10233.08412 
137.0 528.0 0.203544000003 10596.456 
782.0 713.0 0.0490083200006 10750.99168 
419.0 268.0 0.0550600000015 10744.94 
413.0 744.0 0.267608600003 10532.3914 
842.0 134.0 0.0490083200006 10750.99168 
404.0 978.0 0.0156824000004 10784.3176 
730.0 367.0 0.00991860000024 10790.0814 
639.0 290.0 0.197945000002 10602.055 
826.0 816.0 0.0490083200006 10750.99168 
729.0 650.0 0.0504138000003 10749.5862 
619.0 860.0 0.0490083200006 10750.99168 
