500.0 500.0
574.0 601.0 0.73162792001 10068.37208 
612.0 705.0 0.207523520004 10592.47648 
605.0 500.0 0.785950000017 10014.05 
631.0 664.0 0.273929600006 10526.0704 
709.0 829.0 0.200485120005 10599.51488 
552.0 707.0 0.0419766400007 10758.02336 
722.0 469.0 0.483451000003 10316.549 
628.0 660.0 0.53053624001 10269.46376 
442.0 616.0 0.349214080002 10450.78592 
570.0 724.0 0.0633716000006 10736.6284 
649.0 650.0 0.285300000007 10514.7 
696.0 693.0 0.255844160005 10544.15584 
672.0 555.0 0.319888160007 10480.11184 
847.0 483.0 0.0813303199999 10718.66968 
680.0 740.0 0.76148692001 9038.51307999 
522.0 603.0 0.00662000000018 10793.38 
414.0 784.0 0.0490083200006 10750.99168 
670.0 440.0 0.490276560004 10309.72344 
815.0 397.0 0.117540000002 10682.46 
480.0 707.0 0.0553699200003 10744.63008 
626.0 685.0 2.05842872 8741.57128 
757.0 747.0 0.209527840004 10590.47216 
752.0 571.0 0.036640000001 10763.36 
576.0 889.0 0.127236000002 10672.764 
836.0 703.0 0.276258400001 10523.7416 
509.0 346.0 0.0190600000005 10780.94 
694.0 810.0 0.373852000009 10426.148 
768.0 383.0 0.155518400002 10644.4816 
832.0 614.0 0.0889609600022 10711.03904 
557.0 481.0 0.943498 7856.502 
887.0 735.0 0.258380000002 10541.62 
581.0 600.0 0.454207600011 10345.7924 
386.0 624.0 0.108552000002 10691.448 
756.0 711.0 0.111369600001 10688.6304 
628.0 846.0 0.666366640004 10133.63336 
696.0 904.0 0.160380600002 10639.6194 
282.0 601.0 0.0198352000004 10780.1648 
789.0 528.0 0.0185800000005 10781.42 
399.0 312.0 0.10149 10698.51 
395.0 634.0 0.0964628000017 10703.5372 
603.0 546.0 0.44115272001 7358.84727999 
437.0 963.0 0.0959456000002 10704.0544 
753.0 266.0 0.0325128000002 10767.4872 
834.0 576.0 0.0644343200004 10735.56568 
767.0 418.0 0.512483520004 10287.51648 
611.0 386.0 0.0662600000018 10733.74 
378.0 860.0 0.0651932800013 10734.80672 
630.0 281.0 0.0507164000007 10749.2836 
624.0 906.0 0.148895520003 10651.10448 
649.0 840.0 0.316207800006 10483.7922 
631.0 475.0 0.30248192001 9497.51807999 
200.0 718.0 0.0636952000004 10736.3048 
416.0 316.0 0.0699292000006 10730.0708 
533.0 289.0 0.105876320001 10694.12368 
498.0 825.0 0.0889609600022 10711.03904 
730.0 841.0 0.178176520004 10621.82348 
464.0 357.0 0.0383000000011 10761.7 
289.0 200.0 0.00610000000017 10793.9 
899.0 644.0 0.187349400001 10612.6506 
453.0 560.0 0.584636920002 10215.36308 
683.0 682.0 0.367286960006 10432.71304 
403.0 660.0 0.108010880002 10691.98912 
928.0 298.0 0.0805858800002 10719.41412 
639.0 258.0 0.0471381600005 10752.86184 
334.0 329.0 0.110626000001 10689.374 
264.0 339.0 0.411122320001 10388.87768 
816.0 615.0 0.509104960002 10290.89504 
800.0 881.0 0.0257400000007 10774.26 
711.0 892.0 0.112927880002 10687.07212 
709.0 943.0 0.101455640001 10698.54436 
613.0 298.0 0.0308600000009 10769.14 
552.0 237.0 0.0780163200008 10721.98368 
166.0 359.0 0.0889609600022 10711.03904 
105.0 285.0 0.0474911999999 10752.5088 
845.0 478.0 0.0870680000006 10712.932 
376.0 926.0 0.126716800001 10673.2832 
825.0 911.0 0.0451380000005 10754.862 
328.0 170.0 0.0488217599999 10751.17824 
809.0 890.0 0.0277488000006 10772.2512 
439.0 676.0 0.160730880002 10639.26912 
642.0 412.0 0.243634400004 10556.3656 
492.0 931.0 0.0184600000005 10781.54 
242.0 216.0 0.0840098000006 10715.9902 
327.0 798.0 0.534812920002 10265.18708 
145.0 496.0 0.193791600001 10606.2084 
892.0 186.0 0.0889609600022 10711.03904 
212.0 485.0 0.0424200000012 10757.58 
843.0 513.0 0.0504602000003 10749.5398 
809.0 203.0 0.0648760000005 10735.124 
221.0 330.0 0.0800384000014 10719.9616 
424.0 888.0 0.181145440002 10618.85456 
728.0 74.0 0.0850858000006 10714.9142 
787.0 364.0 0.137696320003 10662.30368 
668.0 527.0 0.179216000003 10620.784 
281.0 753.0 0.0639124000012 10736.0876 
978.0 456.0 0.0889609600022 10711.03904 
799.0 659.0 0.0618800000017 10738.12 
980.0 746.0 0.0511064000004 10748.8936 
438.0 354.0 0.0469310000007 10753.069 
133.0 513.0 0.0120800000003 10787.92 
634.0 573.0 0.570637600013 10229.3624 
113.0 713.0 0.0889609600022 10711.03904 
298.0 629.0 0.00644000000018 10793.56 
712.0 245.0 0.0555800000015 10744.42 
911.0 751.0 0.054623360001 10745.37664 
708.0 184.0 0.207622760002 10592.37724 
636.0 619.0 0.54663648001 10253.36352 
685.0 909.0 0.141709080002 10658.29092 
710.0 908.0 0.137161440001 10662.83856 
260.0 92.0 0.0889609600022 10711.03904 
424.0 494.0 0.119946400001 10680.0536 
671.0 184.0 0.171305680001 10628.69432 
203.0 875.0 0.00664000000018 10793.36 
417.0 95.0 0.00610000000017 10793.9 
283.0 921.0 0.00664000000018 10793.36 
202.0 603.0 0.156309600002 10643.6904 
679.0 628.0 0.43031208001 10369.68792 
364.0 850.0 0.411064480001 10388.93552 
375.0 69.0 0.0358679999998 10764.132 
149.0 247.0 0.00612000000017 10793.88 
937.0 646.0 0.0346630400003 10765.33696 
663.0 540.0 0.400970720009 10399.02928 
533.0 975.0 0.0576895200001 10742.31048 
553.0 68.0 0.0285760000005 10771.424 
521.0 963.0 0.0345654000002 10765.4346 
214.0 313.0 0.0828964800009 10717.10352 
173.0 84.0 0.00588000000016 10794.12 
89.0 435.0 0.0301904000007 10769.8096 
848.0 939.0 0.10010416 10699.89584 
313.0 390.0 0.115210240003 10684.78976 
807.0 412.0 0.108603920001 10691.39608 
374.0 206.0 0.00624000000017 10793.76 
670.0 473.0 0.132359800002 10667.6402 
817.0 939.0 0.0741057200004 10725.89428 
367.0 907.0 0.0968914400015 10703.10856 
604.0 139.0 0.196013760001 10603.98624 
105.0 463.0 0.100706240001 10699.29376 
761.0 225.0 0.0516008400014 10748.39916 
481.0 289.0 0.22518356 10574.81644 
331.0 390.0 0.0500200000014 10749.98 
178.0 663.0 0.140417760001 10659.58224 
852.0 663.0 0.202080000003 10597.92 
227.0 946.0 0.05658608 10743.41392 
645.0 902.0 0.209137000003 10590.863 
631.0 879.0 0.104283840002 10695.71616 
614.0 759.0 0.337372000007 10462.628 
721.0 162.0 0.0721292800006 10727.87072 
215.0 552.0 0.264541439999 10535.45856 
610.0 623.0 0.652996000016 10147.004 
931.0 747.0 0.104088000001 10695.912 
658.0 261.0 0.0384248000002 10761.5752 
668.0 897.0 0.199191400004 10600.8086 
269.0 803.0 0.08405568 10715.94432 
533.0 222.0 0.0832178800002 10716.78212 
859.0 328.0 0.00654000000018 10793.46 
307.0 354.0 0.111960160002 10688.03984 
577.0 86.0 0.11803072 10681.96928 
987.0 574.0 0.0889609600022 10711.03904 
670.0 854.0 0.148857920003 10651.14208 
916.0 653.0 0.0832696000008 10716.7304 
766.0 239.0 0.156950880001 10643.04912 
550.0 697.0 0.149460000004 10650.54 
298.0 732.0 0.0552400000015 10744.76 
604.0 269.0 0.0780222400005 10721.97776 
227.0 288.0 0.149684800001 10650.3152 
45.0 635.0 0.0889609600022 10711.03904 
24.0 452.0 0.0889609600022 10711.03904 
516.0 701.0 0.0127000000003 10787.3 
604.0 610.0 0.86820732002 8931.79267998 
101.0 104.0 0.0715478400002 10728.45216 
687.0 811.0 0.3085076 9491.4924 
717.0 150.0 0.072643840001 10727.35616 
816.0 401.0 0.0879532800015 10712.04672 
616.0 519.0 0.511823000012 10288.177 
566.0 197.0 0.0173600000005 10782.64 
