500.0 500.0
597.0 426.0 0.96558432002 7834.41567998 
584.0 282.0 0.173497840004 10626.50216 
556.0 158.0 0.174156480004 10625.84352 
682.0 131.0 0.204007360002 10595.99264 
488.0 377.0 0.299636000008 10500.364 
809.0 194.0 0.266909680006 10533.09032 
551.0 446.0 0.38902500003 8410.97499997 
538.0 160.0 0.267412640004 10532.58736 
559.0 450.0 0.90003316001 8899.96683999 
915.0 280.0 0.0726768000003 10727.3232 
593.0 312.0 0.258534000006 10541.466 
736.0 439.0 0.346438880007 10453.56112 
655.0 368.0 0.37030720002 9429.69279998 
685.0 209.0 0.281435520002 10518.56448 
712.0 586.0 0.152904320002 10647.09568 
645.0 436.0 0.43149500001 9368.50499999 
684.0 491.0 0.552939040009 10247.06096 
811.0 545.0 0.0870724000007 10712.9276 
514.0 577.0 0.300215000006 10499.785 
679.0 162.0 0.0811302000013 10718.8698 
820.0 344.0 0.0765380800021 10723.46192 
384.0 288.0 0.0782883600007 10721.71164 
879.0 370.0 0.127102400003 10672.8976 
808.0 493.0 0.111533200001 10688.4668 
438.0 452.0 0.740569440004 10059.43056 
479.0 499.0 0.472570640013 10327.42936 
564.0 439.0 0.707758000019 10092.242 
838.0 199.0 0.189966480003 10610.03352 
524.0 382.0 0.721677000014 10078.323 
537.0 470.0 0.74220144001 9057.79855999 
976.0 397.0 0.166518440001 10633.48156 
752.0 107.0 0.154150080002 10645.84992 
774.0 253.0 0.12830200001 9671.69799999 
797.0 249.0 0.303600200005 10496.3998 
502.0 149.0 0.224402800004 10575.5972 
692.0 490.0 0.231035000005 10568.965 
765.0 443.0 0.221326880002 10578.67312 
704.0 194.0 0.155389400003 10644.6106 
617.0 586.0 0.226782000005 10573.218 
775.0 113.0 0.225272800002 10574.7272 
752.0 281.0 0.567384800008 10232.6152 
490.0 498.0 0.442984320012 10357.01568 
579.0 299.0 0.257985000006 10542.015 
884.0 144.0 0.103154240001 10696.84576 
595.0 86.0 0.0809923200005 10719.00768 
686.0 183.0 0.036420000001 10763.58 
464.0 274.0 0.0533813600007 10746.61864 
357.0 367.0 0.132732920002 10667.26708 
687.0 443.0 0.407913520009 10392.08648 
717.0 302.0 0.567090080009 10232.90992 
950.0 528.0 0.0726768000003 10727.3232 
677.0 542.0 0.469341800003 10330.6582 
905.0 89.0 0.10138324 10698.61676 
968.0 345.0 0.0542582400001 10745.74176 
512.0 116.0 0.167863200002 10632.1368 
785.0 202.0 0.186414440003 10613.58556 
610.0 506.0 0.49846848001 9301.53151999 
558.0 207.0 0.289419720006 10510.58028 
781.0 181.0 0.709735440006 10090.26456 
447.0 306.0 0.0490200000014 10750.98 
415.0 675.0 0.10203732 10697.96268 
839.0 130.0 0.261542600002 10538.4574 
790.0 229.0 0.205245600005 10594.7544 
558.0 347.0 0.27949024 9520.50976 
773.0 586.0 0.0894999600011 10710.50004 
452.0 679.0 0.0481188800006 10751.88112 
491.0 56.0 0.0683451200005 10731.65488 
487.0 670.0 0.147652160002 10652.34784 
835.0 373.0 0.199554400002 10600.4456 
386.0 320.0 0.0987940000014 10701.206 
377.0 459.0 0.243103400005 10556.8966 
506.0 384.0 0.78326356001 9016.73643999 
378.0 530.0 0.265039440004 10534.96056 
484.0 166.0 0.366532000004 10433.468 
314.0 246.0 0.00568000000016 10794.32 
571.0 724.0 0.387267520003 10412.73248 
528.0 661.0 0.413927200002 10386.0728 
530.0 547.0 0.10574640001 9694.25359999 
429.0 414.0 0.206482000004 10593.518 
717.0 264.0 0.413351680008 10386.64832 
660.0 675.0 0.126187600001 10673.8124 
315.0 568.0 0.0892924800005 10710.70752 
262.0 668.0 0.0170546 10782.9454 
661.0 416.0 0.27038688002 8529.61311998 
581.0 723.0 0.0436520000012 10756.348 
820.0 159.0 0.167050000003 10632.95 
874.0 430.0 0.109348000001 10690.652 
446.0 465.0 0.794674480004 10005.32552 
324.0 98.0 0.0820918000001 10717.9082 
622.0 672.0 0.113472000002 10686.528 
569.0 268.0 0.385454960008 10414.54504 
423.0 303.0 0.0622502000015 10737.7498 
447.0 539.0 0.327402800004 10472.5972 
534.0 148.0 0.236581600005 10563.4184 
550.0 208.0 0.20027088001 9799.72911999 
288.0 681.0 0.00634000000017 10793.66 
869.0 388.0 0.164294080002 10635.70592 
471.0 414.0 0.258580560003 10541.41944 
465.0 235.0 0.0308400000009 10769.16 
586.0 150.0 0.159660960001 10640.33904 
785.0 155.0 0.154273080002 10645.72692 
995.0 491.0 0.0726768000003 10727.3232 
367.0 595.0 0.00648000000018 10793.52 
410.0 163.0 0.103741400002 10696.2586 
292.0 438.0 0.0774335200015 10722.56648 
537.0 315.0 0.363745920006 10436.25408 
314.0 381.0 0.182695360002 10617.30464 
389.0 282.0 0.0967104000015 10703.2896 
340.0 356.0 0.106725360001 10693.27464 
906.0 386.0 0.269460400001 10530.5396 
434.0 268.0 0.144902760002 10655.09724 
338.0 749.0 0.0726768000003 10727.3232 
823.0 239.0 0.172704800003 10627.2952 
716.0 506.0 0.142580600003 10657.4194 
324.0 471.0 0.565744160002 10234.25584 
375.0 412.0 0.578508760002 10221.49124 
744.0 536.0 0.279875000002 10520.125 
502.0 143.0 0.119952160002 10680.04784 
492.0 489.0 0.616503200017 10183.4968 
212.0 543.0 0.0575052000006 10742.4948 
315.0 876.0 0.0726768000003 10727.3232 
257.0 570.0 0.1876776 10612.3224 
253.0 330.0 0.0979243200004 10702.07568 
261.0 477.0 0.177902000002 10622.098 
760.0 283.0 0.361087200008 10438.9128 
588.0 583.0 0.655902400004 10144.0976 
548.0 280.0 1.09952832001 9700.47167999 
991.0 108.0 0.0726768000003 10727.3232 
931.0 236.0 0.0726768000003 10727.3232 
874.0 674.0 0.0602458800002 10739.75412 
825.0 366.0 0.101975200001 10698.0248 
254.0 493.0 0.286338720003 10513.66128 
392.0 220.0 0.211372640002 10588.62736 
780.0 68.0 0.0448740000006 10755.126 
815.0 153.0 0.168620560004 10631.37944 
801.0 350.0 0.0688600000019 10731.14 
371.0 179.0 0.0553137600009 10744.68624 
626.0 144.0 0.0616720000012 10738.328 
284.0 248.0 0.0159494400001 10784.05056 
210.0 911.0 0.0249692000003 10775.0308 
714.0 327.0 0.19757344 8602.42656 
649.0 318.0 0.40253504001 10397.46496 
214.0 411.0 0.00608000000017 10793.92 
949.0 810.0 0.0726768000003 10727.3232 
681.0 356.0 0.221399600005 10578.6004 
401.0 82.0 0.00614000000017 10793.86 
618.0 705.0 0.0435148000009 10756.4852 
462.0 185.0 0.134035800002 10665.9642 
429.0 887.0 0.0726768000003 10727.3232 
843.0 454.0 0.0941928000004 10705.8072 
416.0 512.0 0.302617120006 10497.38288 
884.0 603.0 0.00534000000015 10794.66 
363.0 89.0 0.0726768000003 10727.3232 
594.0 772.0 0.0774558800013 10722.54412 
89.0 342.0 0.00606000000017 10793.94 
619.0 542.0 0.229637160006 10570.36284 
811.0 696.0 0.0726768000003 10727.3232 
209.0 419.0 0.0920668800004 10707.93312 
109.0 273.0 0.0686113200002 10731.38868 
191.0 24.0 0.0726768000003 10727.3232 
146.0 687.0 0.0726768000003 10727.3232 
704.0 407.0 0.588950720013 10211.04928 
654.0 643.0 0.243483520001 10556.51648 
185.0 785.0 0.0183000000005 10781.7 
632.0 772.0 0.119897000001 10680.103 
820.0 11.0 0.0726768000003 10727.3232 
557.0 618.0 0.922283600005 9877.71639999 
659.0 600.0 0.255484000003 10544.516 
587.0 142.0 0.202337000004 10597.663 
387.0 493.0 0.623958400004 10176.0416 
717.0 141.0 0.110591000002 10689.409 
211.0 820.0 0.100316600001 10699.6834 
211.0 889.0 0.155553680001 10644.44632 
108.0 175.0 0.0726768000003 10727.3232 
664.0 31.0 0.0726768000003 10727.3232 
