500.0 500.0
582.0 557.0 0.149764480003 10650.23552 
686.0 527.0 0.17851024001 8621.48975999 
597.0 704.0 0.276030000004 10523.97 
574.0 535.0 0.327480000009 10472.52 
699.0 424.0 0.543461720004 10256.53828 
702.0 514.0 0.43147312001 10368.52688 
554.0 398.0 0.0935548800003 10706.44512 
827.0 594.0 0.347345000005 10452.655 
705.0 516.0 0.285348640006 10514.65136 
577.0 598.0 0.19650048001 9603.49951999 
842.0 387.0 0.108323440002 10691.67656 
482.0 336.0 0.0568926000015 10743.1074 
709.0 676.0 0.231042800005 10568.9572 
430.0 432.0 0.0673046400012 10732.69536 
819.0 288.0 0.315890400003 10484.1096 
807.0 386.0 0.224619360002 10575.38064 
346.0 567.0 0.0889609600022 10711.03904 
906.0 420.0 0.122403600002 10677.5964 
717.0 670.0 0.269812800004 10530.1872 
740.0 224.0 0.361080040002 10438.91996 
493.0 760.0 0.0875387200003 10712.46128 
242.0 572.0 0.0628881600008 10737.11184 
568.0 408.0 0.105100000003 10694.9 
708.0 714.0 0.171068000003 10628.932 
537.0 694.0 0.259647000003 10540.353 
808.0 536.0 0.657371440007 10142.62856 
270.0 726.0 0.0396910400002 10760.30896 
666.0 340.0 0.0926600000026 10707.34 
879.0 646.0 0.220156160002 10579.84384 
850.0 622.0 0.181692000004 10618.308 
878.0 724.0 0.0690290400014 10730.97096 
993.0 335.0 0.0178800000005 10782.12 
641.0 610.0 0.541149600013 10258.8504 
434.0 721.0 0.0116400000003 10788.36 
222.0 462.0 0.200999600001 10599.0004 
899.0 565.0 0.262121600002 10537.8784 
742.0 490.0 0.409804800009 10390.1952 
640.0 390.0 0.715279040003 10084.72096 
673.0 103.0 0.0889609600022 10711.03904 
173.0 511.0 0.467876320001 10332.12368 
827.0 123.0 0.129797920001 10670.20208 
498.0 848.0 0.00622000000017 10793.78 
736.0 605.0 0.769603040005 10030.39696 
756.0 376.0 0.510346360005 10289.65364 
433.0 475.0 0.308333280001 10491.66672 
226.0 339.0 0.0232120000005 10776.788 
379.0 928.0 0.0657300400002 10734.26996 
889.0 218.0 0.00602000000017 10793.98 
792.0 683.0 0.135810400001 10664.1896 
678.0 440.0 0.158810080003 10641.18992 
397.0 629.0 0.15653024 10643.46976 
408.0 845.0 0.0936091200003 10706.39088 
840.0 147.0 0.036160000001 10763.84 
831.0 549.0 0.572854120005 10227.14588 
957.0 237.0 0.0776394000004 10722.3606 
257.0 540.0 0.0243000000007 10775.7 
350.0 656.0 0.0547386400005 10745.26136 
250.0 670.0 0.106542560001 10693.45744 
138.0 683.0 0.00877199999984 10791.228 
934.0 812.0 0.00624000000017 10793.76 
695.0 311.0 0.434652640002 10365.34736 
834.0 898.0 0.0576580000003 10742.342 
534.0 853.0 0.0260866800001 10773.91332 
844.0 630.0 0.157159040003 10642.84096 
916.0 107.0 0.0684660000014 10731.534 
809.0 535.0 0.291132400007 10508.8676 
456.0 584.0 0.0254800000007 10774.52 
913.0 849.0 0.0288287999998 10771.1712 
943.0 681.0 0.0965204000009 10703.4796 
126.0 428.0 0.0797198000012 10720.2802 
737.0 324.0 0.535546880008 10264.45312 
845.0 701.0 0.325145680002 10474.85432 
41.0 730.0 0.0923014400005 10707.69856 
797.0 864.0 0.198641840001 10601.35816 
77.0 436.0 0.111081600001 10688.9184 
593.0 353.0 0.0856746000018 10714.3254 
748.0 547.0 0.976937120006 9823.06287999 
449.0 337.0 0.102876760001 10697.12324 
873.0 987.0 0.0889609600022 10711.03904 
987.0 384.0 0.0126800000003 10787.32 
705.0 676.0 0.367687360006 10432.31264 
139.0 480.0 0.225720800002 10574.2792 
993.0 249.0 0.0829336000007 10717.0664 
748.0 708.0 0.131413760003 10668.58624 
455.0 762.0 0.0317786400002 10768.22136 
737.0 215.0 0.177293240003 10622.70676 
787.0 758.0 0.209110400001 10590.8896 
843.0 613.0 0.138047200002 10661.9528 
655.0 685.0 0.850222000003 9949.778 
438.0 924.0 0.104742560001 10695.25744 
654.0 441.0 0.0549400000015 10745.06 
359.0 394.0 0.0889820000002 10711.018 
150.0 682.0 0.037420000001 10762.58 
731.0 979.0 0.03710516 10762.89484 
126.0 837.0 0.0855832000006 10714.4168 
496.0 623.0 0.0525342800004 10747.46572 
977.0 137.0 0.0755955600005 10724.40444 
886.0 345.0 0.0731880000005 10726.812 
564.0 341.0 0.161243800001 10638.7562 
938.0 573.0 0.0731060000005 10726.894 
837.0 441.0 0.198680240002 10601.31976 
696.0 963.0 0.0939394800008 10706.06052 
842.0 240.0 0.0761427200013 10723.85728 
802.0 931.0 0.0809524800003 10719.04752 
307.0 981.0 0.0889609600022 10711.03904 
364.0 329.0 0.0889609600022 10711.03904 
697.0 361.0 0.215559800004 10584.4402 
609.0 742.0 0.108460480002 10691.53952 
981.0 258.0 0.0934592000005 10706.5408 
785.0 192.0 0.108340160002 10691.65984 
339.0 199.0 0.0889609600022 10711.03904 
417.0 275.0 0.0822440000004 10717.756 
847.0 644.0 0.151608200003 10648.3918 
230.0 946.0 0.0811938800006 10718.80612 
264.0 887.0 0.12914128 10670.85872 
592.0 644.0 0.722966080003 10077.03392 
911.0 449.0 0.190660800001 10609.3392 
622.0 541.0 0.38261600001 9417.38399999 
989.0 313.0 0.1522212 10647.7788 
236.0 829.0 0.0131800000004 10786.82 
816.0 476.0 0.376107040003 10423.89296 
919.0 709.0 0.120515200001 10679.4848 
832.0 796.0 0.0799242800009 10720.07572 
568.0 832.0 0.0123600000003 10787.64 
626.0 743.0 0.117641200002 10682.3588 
254.0 443.0 0.0434800000012 10756.52 
889.0 98.0 0.2190736 10580.9264 
727.0 665.0 0.247584640005 10552.41536 
657.0 565.0 0.494603120012 10305.39688 
87.0 532.0 0.187446880001 10612.55312 
867.0 67.0 0.106893760001 10693.10624 
690.0 84.0 0.00636000000018 10793.64 
630.0 514.0 0.357278280006 10442.72172 
506.0 358.0 0.140628320001 10659.37168 
241.0 324.0 0.0179200000005 10782.08 
763.0 512.0 0.845905120008 9954.09487999 
149.0 370.0 0.00602000000017 10793.98 
469.0 150.0 0.0889609600022 10711.03904 
714.0 543.0 0.576780800014 10223.2192 
902.0 102.0 0.125407040001 10674.59296 
236.0 641.0 0.068247720001 10731.75228 
839.0 296.0 0.041995040001 10758.00496 
114.0 355.0 0.029778 10770.222 
782.0 801.0 0.0191800000005 10780.82 
486.0 359.0 0.3814584 10418.5416 
51.0 457.0 0.0889609600022 10711.03904 
647.0 939.0 0.0126200000003 10787.38 
984.0 589.0 0.0447705600001 10755.22944 
143.0 272.0 0.0856240000005 10714.376 
426.0 425.0 0.117819880001 10682.18012 
54.0 896.0 0.0889609600022 10711.03904 
780.0 221.0 0.197253120003 10602.74688 
378.0 872.0 0.262554960001 10537.44504 
631.0 843.0 0.0563652000001 10743.6348 
796.0 642.0 0.608340840003 10191.65916 
971.0 469.0 0.0655400000004 10734.46 
347.0 801.0 0.0248200000007 10775.18 
278.0 608.0 0.288578999999 10511.421 
71.0 560.0 0.0324536000007 10767.5464 
781.0 164.0 0.259521120001 10540.47888 
344.0 450.0 0.00638000000018 10793.62 
305.0 724.0 0.0577418000002 10742.2582 
640.0 26.0 0.0809500799998 10719.04992 
45.0 697.0 0.101126400001 10698.8736 
746.0 690.0 0.170129640001 10629.87036 
271.0 677.0 0.0243000000007 10775.7 
448.0 584.0 0.01380736 10786.19264 
656.0 297.0 0.118386800002 10681.6132 
743.0 286.0 0.400772000004 10399.228 
976.0 47.0 0.0889609600022 10711.03904 
966.0 916.0 0.0889609600022 10711.03904 
843.0 445.0 0.135459680002 10664.54032 
110.0 728.0 0.28242784 10517.57216 
209.0 310.0 0.0531376 10746.8624 
108.0 767.0 0.115422000001 10684.578 
