500.0 500.0
585.0 519.0 0.302715040004 10497.28496 
615.0 625.0 0.222886560006 10577.11344 
519.0 695.0 0.0311800000009 10768.82 
650.0 621.0 0.111474440002 10688.52556 
652.0 541.0 0.0810819600002 10718.91804 
417.0 708.0 0.0129400000004 10787.06 
684.0 447.0 0.152541280003 10647.45872 
505.0 758.0 0.0512964800011 10748.70352 
359.0 428.0 0.314487000007 10485.513 
817.0 496.0 0.0419396800005 10758.06032 
603.0 696.0 0.348377840003 10451.62216 
709.0 467.0 0.0826692000002 10717.3308 
510.0 574.0 0.301556320006 10498.44368 
464.0 804.0 0.0314600000009 10768.54 
437.0 419.0 0.245119600005 10554.8804 
445.0 865.0 0.159836240001 10640.16376 
671.0 374.0 0.223644000004 10576.356 
215.0 363.0 0.0599736000002 10740.0264 
118.0 380.0 0.292408520002 10507.59148 
199.0 319.0 0.0801380800003 10719.86192 
443.0 407.0 0.282178000007 10517.822 
750.0 684.0 0.0195800000005 10780.42 
259.0 210.0 0.0257600000007 10774.24 
493.0 331.0 0.0340120000004 10765.988 
475.0 267.0 0.0832864000005 10716.7136 
245.0 189.0 0.0363968000008 10763.6032 
597.0 663.0 0.222092280005 10577.90772 
371.0 283.0 0.0601838400007 10739.81616 
378.0 103.0 0.0178000000005 10782.2 
425.0 465.0 0.40462848001 9395.37151999 
47.0 425.0 0.0122800000003 10787.72 
78.0 236.0 0.0341447200009 10765.85528 
271.0 339.0 0.0124600000003 10787.54 
510.0 858.0 0.233143200001 10566.8568 
757.0 367.0 0.164985600003 10635.0144 
525.0 744.0 0.164592680002 10635.40732 
421.0 428.0 0.329409840008 10470.59016 
107.0 222.0 0.0179000000005 10782.1 
934.0 449.0 0.264894000001 10535.106 
180.0 173.0 0.0830775600005 10716.92244 
286.0 480.0 0.632379200001 10167.6208 
410.0 839.0 0.0316200000009 10768.38 
790.0 773.0 0.115411360001 10684.58864 
263.0 552.0 0.312523600002 10487.4764 
813.0 259.0 0.143253240002 10656.74676 
550.0 271.0 0.0598850000015 10740.115 
230.0 458.0 0.466348000004 10333.652 
416.0 375.0 0.494150720003 10305.84928 
66.0 77.0 0.04784184 10752.15816 
881.0 382.0 0.0373212000002 10762.6788 
491.0 545.0 0.39027384001 10409.72616 
980.0 459.0 0.0593448000008 10740.6552 
592.0 702.0 0.212843440004 10587.15656 
402.0 927.0 0.084530200001 10715.4698 
566.0 551.0 0.851912240004 9948.08776 
429.0 448.0 0.484882960008 10315.11704 
910.0 352.0 0.0868431200006 10713.15688 
661.0 627.0 0.249902400006 10550.0976 
598.0 623.0 0.46457664 9335.42336 
881.0 609.0 0.0460548400006 10753.94516 
91.0 223.0 0.0391406000008 10760.8594 
275.0 815.0 0.0310800000009 10768.92 
140.0 395.0 0.0917974400016 10708.20256 
50.0 358.0 0.16255248 10637.44752 
603.0 769.0 0.0973864400007 10702.61356 
8.0 327.0 0.0520120000006 10747.988 
290.0 840.0 0.0464040000004 10753.596 
855.0 440.0 0.0309800000009 10769.02 
712.0 279.0 0.154660480002 10645.33952 
714.0 379.0 0.401411360004 10398.58864 
651.0 921.0 0.0127400000004 10787.26 
668.0 179.0 0.0879874400008 10712.01256 
519.0 475.0 0.274542000007 10525.458 
461.0 417.0 0.297988840008 10502.01116 
178.0 684.0 0.129404320001 10670.59568 
289.0 176.0 0.03189888 10768.10112 
453.0 354.0 0.0930492000009 10706.9508 
396.0 525.0 0.244463680005 10555.53632 
854.0 569.0 0.1719276 10628.0724 
118.0 534.0 0.0917974400016 10708.20256 
192.0 194.0 0.0726768000003 10727.3232 
281.0 684.0 0.0249611999998 10775.0388 
770.0 981.0 0.0397440400002 10760.25596 
896.0 273.0 0.0726768000003 10727.3232 
626.0 429.0 0.100260000003 10699.74 
806.0 255.0 0.255800000001 10544.2 
378.0 481.0 0.714343200006 10085.6568 
596.0 926.0 0.0127400000004 10787.26 
422.0 723.0 0.00978000000027 10790.22 
480.0 132.0 0.0250800000007 10774.92 
794.0 846.0 0.07280344 10727.19656 
520.0 530.0 0.645696000008 10154.304 
906.0 829.0 0.0726768000003 10727.3232 
399.0 901.0 0.104322800001 10695.6772 
701.0 371.0 0.182958480005 10617.04152 
643.0 444.0 0.0369816 10763.0184 
494.0 218.0 0.0949960000002 10705.004 
668.0 155.0 0.078308 10721.692 
954.0 452.0 0.0359534400007 10764.04656 
373.0 380.0 0.157272080002 10642.72792 
458.0 43.0 0.0930386400008 10706.96136 
753.0 626.0 0.340817560002 10459.18244 
289.0 81.0 0.0353440000005 10764.656 
822.0 760.0 0.10325704 10696.74296 
493.0 580.0 0.302729840006 10497.27016 
638.0 936.0 0.0664947199998 10733.50528 
669.0 686.0 0.133332680001 10666.66732 
454.0 27.0 0.0893835200002 10710.61648 
32.0 238.0 0.0730778400009 10726.92216 
730.0 151.0 0.0726768000003 10727.3232 
473.0 914.0 0.181404800001 10618.5952 
267.0 914.0 0.101403600001 10698.5964 
399.0 871.0 0.0551100000004 10744.89 
228.0 547.0 0.0410700000004 10758.93 
993.0 730.0 0.0626157599998 10737.38424 
675.0 362.0 0.188807200004 10611.1928 
875.0 288.0 0.193660000001 10606.34 
36.0 521.0 0.0726768000003 10727.3232 
174.0 626.0 0.0132800000004 10786.72 
965.0 667.0 0.00596000000017 10794.04 
778.0 831.0 0.0461420000004 10753.858 
735.0 816.0 0.0191800000005 10780.82 
288.0 841.0 0.0293056000003 10770.6944 
547.0 487.0 0.39517208001 10404.82792 
729.0 849.0 0.0726768000003 10727.3232 
296.0 36.0 0.0683936000007 10731.6064 
463.0 935.0 0.118907840001 10681.09216 
318.0 92.0 0.162407600001 10637.5924 
520.0 431.0 0.107589280001 10692.41072 
683.0 635.0 0.424822880002 10375.17712 
480.0 537.0 0.268177120006 10531.82288 
475.0 993.0 0.101349000001 10698.651 
91.0 128.0 0.00642000000018 10793.58 
777.0 701.0 0.301771160002 10498.22884 
254.0 883.0 0.0746981999999 10725.3018 
223.0 753.0 0.0121200000003 10787.88 
229.0 720.0 0.0192200000005 10780.78 
320.0 436.0 0.44404796 9755.95204 
480.0 433.0 0.967295800004 9832.7042 
355.0 741.0 0.0697597199998 10730.24028 
128.0 429.0 0.113955440002 10686.04456 
198.0 550.0 0.0770504400006 10722.94956 
345.0 297.0 0.0541436000011 10745.8564 
637.0 760.0 0.0994257600005 10700.57424 
495.0 768.0 0.0609187200012 10739.08128 
132.0 735.0 0.0829791200002 10717.02088 
685.0 179.0 0.0663172000005 10733.6828 
493.0 100.0 0.0607032400001 10739.29676 
480.0 513.0 0.481980240007 10318.01976 
366.0 324.0 0.34497524 10455.02476 
750.0 932.0 0.00602000000017 10793.98 
559.0 785.0 0.0805010000012 10719.499 
349.0 600.0 0.0726768000003 10727.3232 
844.0 376.0 0.12425632 10675.74368 
826.0 492.0 0.0206642800006 10779.33572 
687.0 997.0 0.0956474400005 10704.35256 
632.0 168.0 0.0462600000007 10753.74 
601.0 257.0 0.0726768000003 10727.3232 
795.0 516.0 0.0249800000007 10775.02 
162.0 708.0 0.0742600400002 10725.73996 
619.0 346.0 0.106280000003 10693.72 
572.0 284.0 0.2575822 10542.4178 
187.0 410.0 0.423702760003 10376.29724 
735.0 252.0 0.247221600002 10552.7784 
425.0 91.0 0.157648880001 10642.35112 
624.0 85.0 0.0726768000003 10727.3232 
602.0 168.0 0.0250200000007 10774.98 
708.0 353.0 0.226161280002 10573.83872 
939.0 914.0 0.0726768000003 10727.3232 
701.0 288.0 0.431295440002 10368.70456 
208.0 815.0 0.05647284 10743.52716 
338.0 265.0 0.102140400001 10697.8596 
505.0 347.0 0.0121400000003 10787.86 
318.0 696.0 0.0126200000003 10787.38 
673.0 378.0 0.885226800004 9914.7732 
