500.0 500.0
363.0 559.0 0.296918880007 10503.08112 
273.0 632.0 0.328280640004 10471.71936 
346.0 642.0 0.516933440013 10283.06656 
480.0 605.0 0.253023040005 10546.97696 
494.0 354.0 0.00608000000017 10793.92 
348.0 714.0 0.674432800005 10125.5672 
612.0 259.0 0.0775098000004 10722.4902 
199.0 766.0 0.0458008800009 10754.19912 
393.0 605.0 0.42905500001 9370.94499999 
325.0 590.0 0.818688640012 9981.31135999 
580.0 484.0 0.220780600005 10579.2194 
499.0 579.0 0.40722704 8392.77296 
151.0 660.0 0.0966276800003 10703.37232 
536.0 631.0 0.718460960011 10081.53904 
406.0 667.0 0.26045276001 8539.54723999 
541.0 679.0 0.227572920004 10572.42708 
680.0 308.0 0.150648 10649.352 
488.0 722.0 0.994652200003 9805.3478 
627.0 772.0 0.0489522000004 10751.0478 
418.0 782.0 0.147077920002 10652.92208 
275.0 728.0 0.100019200002 10699.9808 
402.0 537.0 0.210540000006 10589.46 
569.0 809.0 0.115616840002 10684.38316 
564.0 496.0 0.274562240006 10525.43776 
415.0 453.0 0.0491200000014 10750.88 
616.0 376.0 0.135042800001 10664.9572 
342.0 660.0 0.550662880013 10249.33712 
581.0 647.0 0.46949272 9330.50728 
427.0 694.0 0.768523600013 10031.4764 
514.0 481.0 0.206026760005 10593.97324 
548.0 924.0 0.0944304000004 10705.5696 
561.0 509.0 0.247330160005 10552.66984 
239.0 633.0 0.339025200002 10460.9748 
460.0 894.0 0.0690240000003 10730.976 
770.0 717.0 0.1279472 9672.0528 
606.0 724.0 0.264120000003 10535.88 
379.0 681.0 0.431973000012 10368.027 
312.0 664.0 0.481715800005 10318.2842 
625.0 686.0 0.865870240003 9934.12976 
466.0 730.0 0.277183560006 10522.81644 
774.0 316.0 0.0900502400011 10709.94976 
647.0 420.0 0.0791524000009 10720.8476 
360.0 526.0 0.152808000003 10647.192 
479.0 502.0 0.226595400006 10573.4046 
414.0 590.0 0.580653200012 10219.3468 
802.0 859.0 0.132834240001 10667.16576 
315.0 390.0 0.295208000002 10504.792 
232.0 685.0 0.189905600002 10610.0944 
508.0 779.0 0.521999440005 10278.00056 
119.0 769.0 0.124083 10675.917 
753.0 623.0 0.0191000000005 10780.9 
271.0 542.0 0.377258400004 10422.7416 
783.0 989.0 0.0726768000003 10727.3232 
224.0 764.0 0.323772080001 10476.22792 
381.0 408.0 0.0659112800006 10734.08872 
164.0 667.0 0.101242720001 10698.75728 
670.0 538.0 0.0181600000005 10781.84 
374.0 244.0 0.00602000000017 10793.98 
812.0 679.0 0.227274680004 10572.72532 
499.0 210.0 0.128735880001 10671.26412 
303.0 566.0 0.440119760005 10359.88024 
365.0 655.0 0.01345888001 9786.54111999 
569.0 781.0 0.102147000002 10697.853 
651.0 393.0 0.118533280001 10681.46672 
537.0 259.0 0.0649768000017 10735.0232 
78.0 916.0 0.0663952000006 10733.6048 
854.0 747.0 0.133912400002 10666.0876 
364.0 541.0 0.561416800008 10238.5832 
828.0 599.0 0.101201240001 10698.79876 
203.0 540.0 0.102876000001 10697.124 
452.0 606.0 0.41910288001 9380.89711999 
396.0 233.0 0.0903514400004 10709.64856 
418.0 111.0 0.0425288000006 10757.4712 
673.0 604.0 0.0574070000002 10742.593 
521.0 225.0 0.241908000001 10558.092 
686.0 485.0 0.123194920001 10676.80508 
649.0 295.0 0.0433800000012 10756.62 
299.0 777.0 0.848944800003 9951.0552 
750.0 774.0 0.163324960003 10636.67504 
99.0 492.0 0.0726768000003 10727.3232 
771.0 722.0 0.156423840003 10643.57616 
492.0 759.0 0.221332600004 10578.6674 
419.0 432.0 0.00644000000018 10793.56 
364.0 741.0 0.700334960009 10099.66504 
710.0 825.0 0.0133000000004 10786.7 
607.0 453.0 0.580660000005 10219.34 
739.0 354.0 0.435691920002 10364.30808 
163.0 816.0 0.0187600000005 10781.24 
293.0 824.0 0.102370200002 10697.6298 
86.0 584.0 0.0 10800.0 
697.0 690.0 0.077376 9722.624 
801.0 375.0 0.108079800001 10691.9202 
97.0 925.0 0.0831988400006 10716.80116 
293.0 204.0 0.0377624000003 10762.2376 
432.0 779.0 0.354014200005 10445.9858 
148.0 442.0 0.0185000000005 10781.5 
400.0 813.0 0.0517048000006 10748.2952 
801.0 744.0 0.323129600006 10476.8704 
330.0 713.0 0.304453760007 10495.54624 
71.0 407.0 0.0627342400003 10737.26576 
956.0 849.0 0.0279288000007 10772.0712 
530.0 339.0 0.0685835200005 10731.41648 
520.0 831.0 0.164052160002 10635.94784 
267.0 831.0 0.149591200003 10650.4088 
372.0 130.0 0.0914830000006 10708.517 
649.0 141.0 0.0821383200003 10717.86168 
508.0 553.0 0.264987960004 10535.01204 
569.0 390.0 0.183285880001 10616.71412 
823.0 609.0 0.152836160001 10647.16384 
797.0 359.0 0.0966702400012 10703.32976 
675.0 142.0 0.0425009600005 10757.49904 
260.0 519.0 0.137724800002 10662.2752 
254.0 339.0 0.191822560001 10608.17744 
678.0 180.0 0.0183400000005 10781.66 
934.0 863.0 0.183275200001 10616.7248 
566.0 776.0 0.147770600002 10652.2294 
99.0 320.0 0.0726768000003 10727.3232 
295.0 734.0 0.231475600003 10568.5244 
471.0 252.0 0.198083400001 10601.9166 
539.0 467.0 0.238376400006 10561.6236 
214.0 587.0 0.210810240003 10589.18976 
608.0 377.0 0.166847 10633.153 
636.0 446.0 0.0307000000009 10769.3 
42.0 911.0 0.0641832000008 10735.8168 
654.0 871.0 0.1595632 10640.4368 
127.0 417.0 0.0447568000002 10755.2432 
140.0 200.0 0.0726768000003 10727.3232
511.0 172.0 0.215859200002 10584.1408 
375.0 816.0 0.198964000002 10601.036 
378.0 503.0 0.285850200004 10514.1498 
20.0 659.0 0.0172603199998 10782.73968 
446.0 137.0 0.256274000001 10543.726 
543.0 271.0 0.0626800000017 10737.32 
213.0 299.0 0.0600318400001 10739.96816 
163.0 969.0 0.00558000000016 10794.42 
65.0 767.0 0.0544240000004 10745.576 
495.0 607.0 0.536387600014 10263.6124 
68.0 920.0 0.0708152000007 10729.1848 
35.0 633.0 0.00616000000017 10793.84 
520.0 856.0 0.236923400001 10563.0766 
795.0 704.0 0.0968680000021 10703.132 
843.0 795.0 0.366685200003 10433.3148 
970.0 555.0 0.0726768000003 10727.3232
762.0 224.0 0.0726768000003 10727.3232
487.0 572.0 0.795000200007 10004.9998 
267.0 234.0 0.0182200000005 10781.78 
195.0 860.0 0.0419351999999 10758.0648 
866.0 828.0 0.131700640002 10668.29936 
328.0 485.0 0.219614560004 10580.38544 
539.0 580.0 0.80699240001 8993.00759999 
234.0 110.0 0.0650656000001 10734.9344 
65.0 860.0 0.0246200000007 10775.38 
170.0 557.0 0.0552432000005 10744.7568 
236.0 172.0 0.1398322 10660.1678 
638.0 74.0 0.0823172000007 10717.6828 
80.0 772.0 0.00610000000017 10793.9 
260.0 800.0 0.132610000003 10667.39 
285.0 852.0 0.148426080002 10651.57392 
230.0 399.0 0.0122400000003 10787.76 
749.0 456.0 0.0768296000004 10723.1704 
546.0 501.0 0.873359360008 9926.64063999 
107.0 434.0 0.0333090000001 10766.691 
785.0 308.0 0.106921120001 10693.07888 
248.0 808.0 0.0888155200013 10711.18448 
413.0 995.0 0.0726768000003 10727.3232
381.0 858.0 0.0393240000005 10760.676 
110.0 306.0 0.0726768000003 10727.3232
760.0 21.0 0.0726768000003 10727.3232
479.0 827.0 0.173349000002 10626.651 
213.0 698.0 0.196909960001 10603.09004 
667.0 896.0 0.0302772800005 10769.72272 
149.0 69.0 0.0726768000003 10727.3232
681.0 535.0 0.0181600000005 10781.84 
794.0 711.0 0.162473600004 10637.5264 
367.0 450.0 0.187532280002 10612.46772 
