500.0 500.0
527.0 626.0 0.0674663200006 10732.53368 
551.0 476.0 0.975265960008 9824.73403999 
684.0 446.0 0.297652520007 10502.34748 
378.0 661.0 0.255371400005 10544.6286 
233.0 662.0 0.131332800002 10668.6672 
725.0 325.0 0.174529080002 10625.47092 
792.0 505.0 0.133167000002 10666.833 
773.0 331.0 0.127920000001 10672.08 
661.0 407.0 0.325671000009 10474.329 
471.0 495.0 0.350455920008 10449.54408 
861.0 365.0 0.115921520002 10684.07848 
652.0 535.0 0.257715240005 10542.28476 
901.0 548.0 0.00628000000017 10793.72 
857.0 445.0 0.132583680002 10667.41632 
675.0 453.0 0.287889240006 10512.11076 
953.0 294.0 0.281549 10518.451 
789.0 547.0 0.0648702400009 10735.12976 
628.0 200.0 0.0668312000007 10733.1688 
465.0 685.0 0.907810960001 9892.18904 
616.0 365.0 0.382913120008 10417.08688 
420.0 399.0 0.422377880004 10377.62212 
524.0 721.0 0.35457968 9445.42032 
892.0 602.0 0.153360800001 10646.6392 
654.0 774.0 0.294568960005 10505.43104 
778.0 425.0 0.109306000002 10690.694 
262.0 669.0 0.364181920002 10435.81808 
801.0 512.0 0.0892909600008 10710.70904 
601.0 536.0 0.506152000007 10293.848 
665.0 627.0 0.150009600002 10649.9904 
641.0 514.0 0.307019760005 10492.98024 
640.0 346.0 0.264278800005 10535.7212 
272.0 821.0 0.193740000001 10606.26 
872.0 381.0 0.0964547200009 10703.54528 
772.0 434.0 0.342592520003 10457.40748 
834.0 631.0 0.251010000002 10548.99 
926.0 656.0 0.0717673600004 10728.23264 
671.0 577.0 0.722100000007 10077.9 
784.0 656.0 0.613951200003 10186.0488 
951.0 808.0 0.0889609600022 10711.03904 
378.0 263.0 0.00614000000017 10793.86 
516.0 626.0 0.0806658400006 10719.33416 
653.0 426.0 0.430810400004 10369.1896 
633.0 740.0 0.384435400006 10415.5646 
694.0 448.0 0.220133000005 10579.867 
433.0 543.0 0.481714320011 10318.28568 
701.0 249.0 0.262599880003 10537.40012 
704.0 709.0 0.760399120004 10039.60088 
656.0 452.0 0.153120000004 10646.88 
720.0 757.0 0.133964000002 10666.036 
278.0 606.0 0.116535840001 10683.46416 
327.0 796.0 0.226342560002 10573.65744 
603.0 601.0 0.166682400003 10633.3176 
630.0 604.0 0.302753920006 10497.24608 
599.0 508.0 0.499520320008 10300.47968 
509.0 453.0 0.151001200003 10648.9988 
376.0 425.0 0.434416160005 10365.58384 
215.0 787.0 0.144903000001 10655.097 
407.0 624.0 0.349319400009 10450.6806 
364.0 292.0 0.142287040001 10657.71296 
332.0 799.0 0.094632000001 10705.368 
744.0 665.0 0.0800855200015 10719.91448 
340.0 458.0 0.105412000001 10694.588 
683.0 818.0 0.0733791200006 10726.62088 
757.0 750.0 0.390578800002 10409.4212 
559.0 418.0 0.0676600000019 10732.34 
678.0 223.0 0.0881126000011 10711.8874 
521.0 841.0 0.0889609600022 10711.03904 
169.0 620.0 0.116874080001 10683.12592 
172.0 709.0 0.183475200001 10616.5248 
297.0 979.0 0.0327910800001 10767.20892 
794.0 737.0 0.150497920002 10649.50208 
842.0 686.0 0.133835360002 10666.16464 
720.0 295.0 0.124124000002 10675.876 
346.0 354.0 0.280071160001 10519.92884 
214.0 864.0 0.0899744000003 10710.0256 
727.0 426.0 0.873131680006 9926.86831999 
459.0 708.0 0.465413520007 10334.58648 
576.0 554.0 0.157360000004 10642.64 
133.0 524.0 0.103958160001 10696.04184 
804.0 321.0 0.194143520001 10605.85648 
190.0 648.0 0.209405000002 10590.595 
961.0 363.0 0.0246600000007 10775.34 
77.0 536.0 0.0702448000007 10729.7552 
230.0 350.0 0.134148600001 10665.8514 
320.0 546.0 0.0133400000004 10786.66 
92.0 375.0 0.0124600000003 10787.54 
657.0 813.0 0.265345400003 10534.6546 
691.0 873.0 0.0831124800006 10716.88752 
405.0 489.0 0.326282080003 10473.71792 
571.0 595.0 0.132674960001 10667.32504 
965.0 461.0 0.0889609600022 10711.03904 
866.0 693.0 0.101909280001 10698.09072 
431.0 954.0 0.0889609600022 10711.03904 
457.0 559.0 0.23219040001 8567.80959999 
164.0 554.0 0.0240000000007 10776.0 
551.0 128.0 0.00580000000016 10794.2 
165.0 976.0 0.0386373600003 10761.36264 
689.0 326.0 0.667746480005 10132.25352 
597.0 310.0 0.368945040002 10431.05496 
240.0 641.0 0.174000000002 10626.0 
461.0 346.0 0.107571600001 10692.4284 
779.0 333.0 0.0779176000008 10722.0824 
735.0 575.0 0.168277240003 10631.72276 
738.0 532.0 0.282634240002 10517.36576 
492.0 324.0 0.0396689600003 10760.33104 
45.0 269.0 0.0775768000002 10722.4232 
150.0 927.0 0.00618000000017 10793.82 
130.0 734.0 0.0486058400003 10751.39416 
755.0 457.0 0.282493360004 10517.50664 
549.0 398.0 0.986315840007 9813.68415999 
578.0 552.0 0.188479840004 10611.52016 
468.0 765.0 0.0751960000009 10724.804 
467.0 883.0 0.0889609600022 10711.03904 
350.0 484.0 0.150516000002 10649.484 
880.0 457.0 0.216711960002 10583.28804 
332.0 880.0 0.0889609600022 10711.03904 
723.0 198.0 0.0539396000005 10746.0604 
296.0 522.0 0.0763232000005 10723.6768 
449.0 510.0 0.302731600007 10497.2684 
987.0 249.0 0.0355454400003 10764.45456 
256.0 302.0 0.158753600001 10641.2464 
600.0 740.0 0.37111776001 9428.88223999 
382.0 382.0 0.0788290000012 10721.171 
971.0 277.0 0.0515490000008 10748.451 
202.0 233.0 0.0478712800001 10752.12872 
493.0 743.0 0.205723360004 10594.27664 
765.0 93.0 0.0889609600022 10711.03904 
231.0 394.0 0.0239000000007 10776.1 
820.0 410.0 0.330367200003 10469.6328 
828.0 814.0 0.0678024000012 10732.1976 
704.0 973.0 0.0889609600022 10711.03904 
705.0 644.0 0.730405600004 10069.5944 
300.0 621.0 0.0563000000016 10743.7 
410.0 640.0 0.342950000008 10457.05 
364.0 193.0 0.0687188800002 10731.28112 
610.0 554.0 0.377907200005 10422.0928 
138.0 600.0 0.0968689600012 10703.13104 
923.0 513.0 0.0811116000004 10718.8884 
69.0 545.0 0.0848040000006 10715.196 
802.0 806.0 0.332083920002 10467.91608 
862.0 865.0 0.0729090400006 10727.09096 
570.0 811.0 0.0643840000002 10735.616 
847.0 847.0 0.0967685600015 10703.23144 
623.0 375.0 0.985750400009 9814.24959999 
572.0 747.0 0.287889600005 10512.1104 
457.0 347.0 0.154443680001 10645.55632 
215.0 509.0 0.0889609600022 10711.03904 
197.0 146.0 0.00540000000015 10794.6 
284.0 28.0 0.0889609600022 10711.03904 
331.0 736.0 0.0303800000008 10769.62 
269.0 942.0 0.00618000000017 10793.82 
660.0 532.0 0.445894960006 10354.10504 
500.0 177.0 0.0889609600022 10711.03904 
454.0 639.0 0.28924312001 8510.75687999 
844.0 195.0 0.0889609600022 10711.03904 
646.0 384.0 0.807126720007 9992.87327999 
965.0 221.0 0.186069320001 10613.93068 
395.0 585.0 2.01948800001 8780.51199999 
694.0 334.0 0.158074400002 10641.9256 
91.0 830.0 0.0889609600022 10711.03904 
112.0 361.0 0.0124600000003 10787.54 
573.0 318.0 0.179248000003 10620.752 
626.0 254.0 0.212916360001 10587.08364 
660.0 563.0 0.322200800005 10477.7992 
528.0 969.0 0.0889609600022 10711.03904 
91.0 321.0 0.0694417200005 10730.55828 
913.0 191.0 0.0124200000003 10787.58 
559.0 118.0 0.00770240000013 10792.2976 
185.0 89.0 0.0420444000002 10757.9556 
251.0 228.0 0.167103880001 10632.89612 
860.0 367.0 0.0935540800005 10706.44592 
439.0 463.0 0.782469600001 10017.5304 
467.0 246.0 0.0889609600022 10711.03904 
435.0 774.0 0.0902267200009 10709.77328 
360.0 271.0 0.0239326000006 10776.0674 
