500.0 500.0
465.0 356.0 0.404904160005 10395.09584 
378.0 269.0 0.463562400004 10336.4376 
387.0 297.0 0.0769086000019 10723.0914 
540.0 440.0 0.68962 9110.38 
289.0 358.0 0.361804200005 10438.1958 
600.0 562.0 0.124156760002 10675.84324 
351.0 344.0 0.50536568001 10294.63432 
208.0 314.0 0.177393600003 10622.6064 
421.0 181.0 0.0841428800004 10715.85712 
503.0 337.0 0.586000800007 10213.9992 
216.0 198.0 0.096376400001 10703.6236 
284.0 336.0 0.253371080003 10546.62892 
483.0 406.0 0.925349680012 9874.65031999 
378.0 430.0 0.532277960013 10267.72204 
598.0 388.0 0.647691600005 10152.3084 
471.0 256.0 0.244788000003 10555.212 
454.0 179.0 0.112222160001 10687.77784 
401.0 35.0 0.0786881999997 10721.3118 
304.0 143.0 0.0230240000007 10776.976 
511.0 350.0 0.608928800007 10191.0712 
224.0 368.0 0.163288000003 10636.712 
255.0 459.0 0.252233600005 10547.7664 
308.0 273.0 0.164011720004 10635.98828 
698.0 631.0 0.0123000000003 10787.7 
495.0 313.0 0.200290000002 10599.71 
249.0 259.0 0.247921600003 10552.0784 
139.0 365.0 0.133335120001 10666.66488 
266.0 289.0 0.208182120004 10591.81788 
424.0 226.0 0.111622880002 10688.37712 
526.0 451.0 0.239202480005 10560.79752 
365.0 345.0 0.734390960006 10065.60904 
407.0 316.0 0.555831040005 10244.16896 
169.0 430.0 0.139636000002 10660.364 
200.0 68.0 0.0955768400002 10704.42316 
647.0 355.0 0.677767200008 10122.2328 
572.0 674.0 0.267278120001 10532.72188 
599.0 353.0 0.253020000006 10546.98 
182.0 373.0 0.109873760002 10690.12624 
758.0 302.0 0.0184400000005 10781.56 
522.0 275.0 0.194610720003 10605.38928 
481.0 347.0 0.38968360001 10410.3164 
56.0 20.0 0.0726768000003 10727.3232 
528.0 819.0 0.0726768000003 10727.3232 
263.0 326.0 0.346687720003 10453.31228 
552.0 537.0 0.505466040002 10294.53396 
342.0 221.0 0.195516000002 10604.484 
392.0 487.0 0.246020000007 10553.98 
760.0 389.0 0.348699840001 10451.30016 
376.0 606.0 0.12840216 10671.59784 
510.0 641.0 0.505778560003 10294.22144 
628.0 255.0 0.103418400001 10696.5816 
439.0 614.0 0.0440400000012 10755.96 
295.0 321.0 0.396562560005 10403.43744 
542.0 719.0 0.0593720000007 10740.628 
558.0 686.0 0.107895360002 10692.10464 
517.0 266.0 0.372669080002 10427.33092 
487.0 497.0 0.216977360006 10583.02264 
761.0 472.0 0.00618000000017 10793.82 
239.0 613.0 0.00606000000017 10793.94 
312.0 586.0 0.0759094400002 10724.09056 
750.0 489.0 0.00618000000017 10793.82 
530.0 591.0 0.145348960003 10654.65104 
368.0 653.0 0.0726768000003 10727.3232 
376.0 400.0 0.487525200012 10312.4748 
385.0 423.0 0.92574260001 8874.25739999 
867.0 304.0 0.10412132 10695.87868 
569.0 580.0 0.23512848 10564.87152 
700.0 349.0 0.0545400000015 10745.46 
219.0 289.0 0.121495200002 10678.5048 
759.0 739.0 0.0726768000003 10727.3232 
871.0 567.0 0.0726768000003 10727.3232 
711.0 229.0 0.0180400000005 10781.96 
327.0 483.0 0.793957480005 10006.04252 
858.0 437.0 0.0305400000008 10769.46 
196.0 187.0 0.0983468800006 10701.65312 
94.0 439.0 0.0307788400005 10769.22116 
479.0 583.0 0.108877280003 10691.12272 
485.0 567.0 0.674111039999 10125.88896 
927.0 420.0 0.0200462000005 10779.9538 
517.0 335.0 0.427198560009 10372.80144 
600.0 120.0 0.0238739999999 10776.126 
59.0 566.0 0.0726768000003 10727.3232 
543.0 971.0 0.177654000001 10622.346 
934.0 682.0 0.0726768000003 10727.3232 
233.0 377.0 0.247167120003 10552.83288 
618.0 622.0 0.146106200003 10653.8938 
395.0 987.0 0.02543512 10774.56488 
595.0 338.0 0.341193400008 10458.8066 
917.0 487.0 0.18178044 10618.21956 
494.0 451.0 0.837744600012 9962.25539999 
205.0 406.0 0.477511880002 10322.48812 
585.0 716.0 0.055395800001 10744.6042 
158.0 522.0 0.0726768000003 10727.3232 
964.0 516.0 0.0577760000003 10742.224 
248.0 43.0 0.0129800000004 10787.02 
444.0 926.0 0.347324600001 10452.6754 
600.0 155.0 0.0191400000005 10780.86 
599.0 900.0 0.00690000000019 10793.1 
339.0 429.0 0.360866800008 10439.1332 
54.0 141.0 0.0726768000003 10727.3232 
276.0 430.0 0.583051200003 10216.9488 
225.0 739.0 0.00604000000017 10793.96 
657.0 941.0 0.0765209999998 10723.479 
289.0 416.0 0.453377640004 10346.62236 
321.0 321.0 0.756566960005 10043.43304 
693.0 366.0 0.45257596 10347.42404 
866.0 847.0 0.282868000001 10517.132 
132.0 66.0 0.0802593600004 10719.74064 
840.0 972.0 0.0860902000002 10713.9098 
696.0 652.0 0.113022560001 10686.97744 
701.0 670.0 0.0320944000004 10767.9056 
909.0 302.0 0.00632000000017 10793.68 
913.0 417.0 0.111384 10688.616 
554.0 253.0 0.115357920001 10684.64208 
255.0 280.0 0.238332120004 10561.66788 
599.0 209.0 0.0814901600006 10718.50984 
683.0 249.0 0.230736560001 10569.26344 
737.0 78.0 0.053416 10746.584 
311.0 162.0 0.14011816 10659.88184 
732.0 649.0 0.0438176000006 10756.1824 
364.0 968.0 0.00698000000019 10793.02 
930.0 888.0 0.198977680001 10601.02232 
165.0 715.0 0.0564860800002 10743.51392 
374.0 366.0 0.841371200012 9958.62879999 
346.0 545.0 0.164444000002 10635.556 
399.0 253.0 0.141507880002 10658.49212 
991.0 229.0 0.00608000000017 10793.92 
826.0 245.0 0.0127400000004 10787.26 
370.0 903.0 0.086044160001 10713.95584 
747.0 620.0 0.0130600000004 10786.94 
517.0 588.0 0.0918958000021 10708.1042 
958.0 174.0 0.0561062399999 10743.89376 
722.0 113.0 0.0684062400007 10731.59376 
429.0 476.0 0.28149468 8518.50532 
802.0 643.0 0.0661749600003 10733.82504 
892.0 263.0 0.0654752000003 10734.5248 
574.0 495.0 0.256751960005 10543.24804 
783.0 934.0 0.0135959999999 10786.404 
975.0 71.0 0.0726768000003 10727.3232 
826.0 62.0 0.0726768000003 10727.3232 
693.0 306.0 0.331080000004 10468.92 
303.0 858.0 0.0716843600002 10728.31564 
814.0 832.0 0.0246000000007 10775.4 
332.0 67.0 0.0118800000003 10788.12 
220.0 378.0 0.224726000004 10575.274 
432.0 245.0 0.243503600002 10556.4964 
961.0 577.0 0.0726768000003 10727.3232 
481.0 930.0 0.105881800001 10694.1182 
219.0 769.0 0.00604000000017 10793.96 
218.0 590.0 0.0178164000003 10782.1836 
758.0 769.0 0.0310000000009 10769.0 
991.0 920.0 0.0804756000005 10719.5244 
319.0 445.0 0.459376000011 10340.624 
689.0 201.0 0.138407200002 10661.5928 
548.0 990.0 0.0242334400002 10775.76656 
72.0 309.0 0.0726768000003 10727.3232 
319.0 40.0 0.0157135200001 10784.28648 
809.0 357.0 0.181694 10618.306 
712.0 133.0 0.0116600000003 10788.34 
674.0 151.0 0.102799000001 10697.201 
619.0 645.0 0.117585640002 10682.41436 
406.0 857.0 0.0427800000012 10757.22 
924.0 812.0 0.0959417200011 10704.05828 
124.0 442.0 0.093706400001 10706.2936 
777.0 926.0 0.0123400000003 10787.66 
791.0 514.0 0.0346821600001 10765.31784 
806.0 656.0 0.0806477600002 10719.35224 
822.0 799.0 0.365352000001 10434.648 
367.0 849.0 0.0643046000001 10735.6954 
234.0 255.0 0.230966640002 10569.03336 
192.0 917.0 0.0726768000003 10727.3232 
547.0 389.0 0.15831200001 9641.68799999 
95.0 863.0 0.0726768000003 10727.3232 
612.0 603.0 0.167264960002 10632.73504 
844.0 364.0 0.0400118400002 10759.98816 
