500.0 500.0
615.0 549.0 0.477136960011 10322.86304 
650.0 422.0 0.376033640006 10423.96636 
605.0 557.0 0.781273760012 10018.72624 
577.0 408.0 0.727194160009 10072.80584 
508.0 338.0 0.507148600013 10292.8514 
419.0 310.0 0.857418400006 9942.58159999 
446.0 568.0 0.39830640001 8401.69359999 
636.0 428.0 0.323376000007 10476.624 
408.0 460.0 0.08106288001 9718.93711999 
381.0 649.0 0.388527640009 10411.47236 
352.0 780.0 0.0188400000005 10781.16 
574.0 601.0 0.14785856001 9652.14143999 
756.0 481.0 0.0246200000004 10775.38 
403.0 269.0 0.434184920005 10365.81508 
566.0 688.0 0.0971848000026 10702.8152 
534.0 365.0 0.97965008002 8820.34991998 
544.0 349.0 0.581967600008 10218.0324 
509.0 577.0 0.46389040001 9336.10959999 
385.0 392.0 0.181687800003 10618.3122 
423.0 586.0 0.798794480016 10001.20552 
590.0 288.0 0.436907680005 10363.09232 
503.0 359.0 0.507957760012 10292.04224 
549.0 523.0 0.327040800008 10472.9592 
457.0 354.0 0.645882560013 10154.11744 
467.0 380.0 0.39654688002 8403.45311998 
564.0 662.0 0.0980400000027 10701.96 
548.0 512.0 0.55703760001 9242.96239999 
363.0 135.0 0.376510880004 10423.48912 
420.0 393.0 0.846854000008 9953.14599999 
590.0 179.0 0.130514400001 10669.4856 
534.0 511.0 0.788932920021 10011.06708 
431.0 487.0 0.604849200009 10195.1508 
455.0 643.0 0.41924376001 10380.75624 
611.0 663.0 0.301984160007 10498.01584 
397.0 324.0 0.741063600005 10058.9364 
521.0 250.0 0.732940320006 10067.05968 
411.0 132.0 0.311386800002 10488.6132 
723.0 395.0 0.157590480002 10642.40952 
768.0 609.0 0.0770800000002 10722.92 
564.0 434.0 0.16081280002 8639.18719998 
671.0 141.0 0.187181360001 10612.81864 
402.0 291.0 0.233357840006 10566.64216 
630.0 309.0 0.486122280005 10313.87772 
556.0 503.0 0.119690200002 10680.3098 
251.0 869.0 0.125164640002 10674.83536 
481.0 464.0 0.41230612001 10387.69388 
412.0 66.0 0.118861160002 10681.13884 
473.0 844.0 0.658669400002 10141.3306 
289.0 869.0 0.119212160002 10680.78784 
438.0 869.0 0.206719200005 10593.2808 
637.0 300.0 0.202776760004 10597.22324 
209.0 93.0 0.0646718000009 10735.3282 
446.0 79.0 0.106267680001 10693.73232 
726.0 192.0 0.298465800001 10501.5342 
429.0 954.0 0.00644000000018 10793.56 
685.0 588.0 0.128052160001 10671.94784 
697.0 309.0 0.149026680002 10650.97332 
689.0 776.0 0.679687200004 10120.3128 
587.0 696.0 0.186296200004 10613.7038 
390.0 708.0 0.32741740001 9472.58259999 
139.0 183.0 0.0248800000007 10775.12 
517.0 287.0 0.624987800008 10175.0122 
624.0 531.0 0.45334236001 10346.65764 
513.0 24.0 0.0726768000003 10727.3232 
390.0 647.0 0.89830080001 8901.69919999 
568.0 138.0 0.0642937600009 10735.70624 
157.0 902.0 0.221668000002 10578.332 
496.0 318.0 0.03209720001 9767.90279999 
108.0 780.0 0.0190600000005 10780.94 
326.0 905.0 0.0342463200005 10765.75368 
421.0 539.0 0.721119200016 10078.8808 
310.0 169.0 0.194877440002 10605.12256 
673.0 308.0 0.222873000003 10577.127 
508.0 510.0 0.775647680021 10024.35232 
670.0 667.0 0.156344160003 10643.65584 
393.0 244.0 0.956773120006 9843.22687999 
594.0 461.0 0.878886560011 9921.11343999 
672.0 122.0 0.00632000000017 10793.68 
52.0 137.0 0.100858000001 10699.142 
701.0 292.0 0.190216400003 10609.7836 
274.0 406.0 0.00624000000017 10793.76 
126.0 693.0 0.00622000000017 10793.78 
648.0 689.0 0.133021600003 10666.9784 
661.0 258.0 0.137372800003 10662.6272 
71.0 126.0 0.0759462400008 10724.05376 
630.0 325.0 0.526357200003 10273.6428 
502.0 854.0 0.326003640006 10473.99636 
557.0 777.0 0.177005000003 10622.995 
602.0 372.0 0.08426432001 9715.73567999 
477.0 140.0 0.233350400002 10566.6496 
633.0 728.0 0.763753040006 10036.24696 
498.0 895.0 0.202286240004 10597.71376 
681.0 88.0 0.0562697600005 10743.73024 
636.0 233.0 0.149813600002 10650.1864 
365.0 57.0 0.0957036000006 10704.2964 
654.0 631.0 0.0803378400008 10719.66216 
137.0 898.0 0.0494416000011 10750.5584 
446.0 758.0 0.68886304001 9111.13695999 
229.0 422.0 0.0347068800001 10765.29312 
772.0 897.0 0.00590000000017 10794.1 
728.0 549.0 0.129894000001 10670.106 
643.0 576.0 0.298116200003 10501.8838 
638.0 969.0 0.109108720001 10690.89128 
80.0 96.0 0.111880000001 10688.12 
567.0 153.0 0.0505779200011 10749.42208 
545.0 238.0 0.219608800004 10580.3912 
112.0 324.0 0.0226768000003 10727.3232 
737.0 473.0 0.182083000001 10617.917 
480.0 763.0 0.245729520006 10554.27048 
762.0 814.0 0.397154480001 10402.84552 
177.0 852.0 0.434154760001 10365.84524 
28.0 371.0 0.0725896 10727.4104 
341.0 641.0 0.214153440005 10585.84656 
347.0 959.0 0.0633767200006 10736.62328 
308.0 53.0 0.0546200000008 10745.38 
848.0 823.0 0.0485904000009 10751.4096 
344.0 194.0 0.501274280003 10298.72572 
657.0 230.0 0.417712000002 10382.288 
491.0 307.0 0.536299200013 10263.7008 
393.0 209.0 0.403872000005 10396.128 
168.0 951.0 0.114820560001 10685.17944 
765.0 93.0 0.01674464 10783.25536 
76.0 620.0 0.178615200001 10621.3848 
59.0 721.0 0.0718161199999 10728.18388 
667.0 468.0 0.311929840002 10488.07016 
435.0 592.0 0.231049600005 10568.9504 
842.0 278.0 0.104750000001 10695.25 
420.0 196.0 0.390458680006 10409.54132 
781.0 104.0 0.0121000000003 10787.9 
356.0 67.0 0.168668120002 10631.33188 
28.0 278.0 0.00924000000026 10790.76 
672.0 340.0 0.357770240005 10442.22976 
816.0 383.0 0.00624000000017 10793.76 
670.0 993.0 0.118899520001 10681.10048 
883.0 296.0 0.0391942000005 10760.8058 
839.0 998.0 0.0469476 10753.0524 
867.0 392.0 0.0397113600002 10760.28864 
710.0 392.0 0.134720000002 10665.28 
255.0 112.0 0.293255280001 10506.74472 
217.0 643.0 0.0194000000005 10780.6 
954.0 796.0 0.0226768000003 10727.3232 
942.0 868.0 0.0657896000003 10734.2104 
37.0 265.0 0.00616000000017 10793.84 
621.0 938.0 0.243738400001 10556.2616 
594.0 758.0 0.154690080002 10645.30992 
389.0 475.0 0.172223200003 10627.7768 
366.0 129.0 0.154239120003 10645.76088 
791.0 246.0 0.0120400000003 10787.96 
505.0 803.0 0.18853608 9611.46392 
362.0 900.0 0.0249400000007 10775.06 
951.0 976.0 0.00584000000016 10794.16 
752.0 309.0 0.136757600001 10663.2424 
860.0 197.0 0.00642000000018 10793.58 
681.0 965.0 0.0869654000009 10713.0346 
219.0 177.0 0.0188600000005 10781.14 
579.0 183.0 0.213924720002 10586.07528 
787.0 977.0 0.00644000000018 10793.56 
117.0 162.0 0.0892080000012 10710.792 
253.0 809.0 0.0498000000014 10750.2 
954.0 994.0 0.00972944000015 10790.27056 
582.0 268.0 0.259825120005 10540.17488 
792.0 916.0 0.0148798000002 10785.1202 
214.0 225.0 0.0641189999997 10735.881 
69.0 613.0 0.0202061600003 10779.79384 
929.0 126.0 0.0226768000003 10727.3232 
747.0 737.0 0.184691000003 10615.309 
829.0 118.0 0.0418000000005 10758.2 
596.0 978.0 0.121878080001 10678.12192 
347.0 489.0 0.0444832000007 10755.5168 
908.0 814.0 0.185651360001 10614.34864 
150.0 632.0 0.210748000001 10589.252 
834.0 790.0 0.357412000003 10442.588 
248.0 836.0 0.137497920002 10662.50208 
107.0 805.0 0.0202268000005 10779.7732 
365.0 475.0 0.155580000003 10644.42 
93.0 805.0 0.0246380000002 10775.362 
600.0 665.0 0.933899360006 9866.10063999 
101.0 366.0 0.00620000000017 10793.8 
370.0 972.0 0.0800942400001 10719.90576 
414.0 821.0 0.412756240005 10387.24376 
717.0 761.0 0.197886720002 10602.11328 
916.0 206.0 0.0477262800001 10752.27372 
584.0 887.0 0.188165440003 10611.83456 
505.0 421.0 0.90635552001 9893.64447999 
241.0 111.0 0.0338124800006 10766.18752 
167.0 478.0 0.0226768000003 10727.3232 
556.0 942.0 0.122114000002 10677.886 
468.0 502.0 0.23992144001 9560.07855999 
324.0 603.0 0.341493440005 10458.50656 
556.0 478.0 0.283688800007 10516.3112 
494.0 450.0 0.40315840002 9396.84159998 
212.0 998.0 0.0718244000001 10728.1756 
548.0 881.0 0.491685000002 10308.315 
613.0 913.0 0.333131960004 10466.86804 
488.0 467.0 0.757729200021 10042.2708 
521.0 210.0 0.190876000004 10609.124 
302.0 623.0 0.0374334400007 10762.56656 
281.0 231.0 0.00638000000018 10793.62 
433.0 883.0 0.0785970000008 10721.403 
467.0 214.0 0.360797280006 10439.20272 
