500.0 500.0
592.0 585.0 0.483283720012 10316.71628 
668.0 461.0 0.320516800007 10479.4832 
620.0 589.0 0.615333200008 10184.6668 
715.0 646.0 0.0813000000022 10718.7 
670.0 783.0 0.156768320004 10643.23168 
781.0 750.0 0.0439200000012 10756.08 
842.0 578.0 0.135848600001 10664.1514 
803.0 734.0 0.0914296000015 10708.5704 
489.0 529.0 0.348845760003 10451.15424 
594.0 439.0 0.62667848003 9173.32151997 
773.0 405.0 0.0906650000019 10709.335 
764.0 365.0 0.264017840005 10535.98216 
668.0 518.0 0.0662176000014 10733.7824 
755.0 752.0 0.536880000001 10263.12 
655.0 517.0 0.367462160005 10432.53784 
616.0 657.0 0.58524000001 9214.75999999 
681.0 762.0 0.342569160001 10457.43084 
469.0 675.0 0.134837000002 10665.163 
390.0 775.0 0.0692020000004 10730.798 
493.0 616.0 0.348608000007 10451.392 
757.0 607.0 0.568580400004 10231.4196 
633.0 584.0 0.271728520005 10528.27148 
559.0 471.0 0.962162640025 9837.83735997 
785.0 427.0 0.118658120001 10681.34188 
667.0 816.0 0.145160000002 10654.84 
463.0 492.0 0.161932840003 10638.06716 
728.0 910.0 0.101185640001 10698.81436 
399.0 569.0 0.105292800001 10694.7072 
757.0 859.0 0.0187000000005 10781.3 
659.0 397.0 0.688630080007 10111.36992 
906.0 465.0 0.0120400000003 10787.96 
582.0 734.0 0.118630800002 10681.3692 
791.0 819.0 0.372407600001 10427.5924 
658.0 931.0 0.0329416000005 10767.0584 
912.0 491.0 0.0203846400001 10779.61536 
715.0 347.0 0.932892640007 9867.10735999 
486.0 352.0 0.988140000009 9811.85999999 
546.0 382.0 0.08569 9714.31 
724.0 286.0 0.200299040004 10599.70096 
810.0 651.0 0.255675200004 10544.3248 
321.0 626.0 0.113251800001 10686.7482 
553.0 475.0 1.06254816 6737.45184 
911.0 613.0 0.0998641600005 10700.13584 
474.0 655.0 0.666502000003 10133.498 
440.0 309.0 0.762972600001 10037.0274 
322.0 646.0 0.114270240001 10685.72976 
790.0 577.0 0.231472120004 10568.52788 
259.0 708.0 0.21060336 10589.39664 
824.0 651.0 0.124517600002 10675.4824 
146.0 797.0 0.275383200002 10524.6168 
187.0 684.0 0.123022400002 10676.9776 
329.0 315.0 0.0311400000009 10768.86 
615.0 695.0 0.228874640006 10571.12536 
761.0 625.0 0.209896000003 10590.104 
812.0 545.0 0.101900240002 10698.09976 
932.0 592.0 0.0412214800004 10758.77852 
643.0 523.0 0.0246600000007 10775.34 
435.0 587.0 0.300425600006 10499.5744 
673.0 219.0 0.178096160002 10621.90384 
541.0 422.0 0.85340192002 8946.59807998 
245.0 287.0 0.142037320001 10657.96268 
148.0 282.0 0.0726768000003 10727.3232 
805.0 733.0 0.0364304000004 10763.5696 
498.0 876.0 0.136460480001 10663.53952 
814.0 445.0 0.0892892000004 10710.7108 
439.0 920.0 0.164954640001 10635.04536 
698.0 266.0 0.144055680003 10655.94432 
241.0 742.0 0.0724155200004 10727.58448 
217.0 605.0 0.0430012799999 10756.99872 
643.0 377.0 0.10918760001 9690.81239999 
807.0 844.0 0.0481701200008 10751.82988 
744.0 244.0 0.0678158400007 10732.18416 
245.0 470.0 0.144205560001 10655.79444 
652.0 322.0 0.610349200007 10189.6508 
30.0 691.0 0.0726768000003 10727.3232 
340.0 397.0 0.14659 10653.41 
280.0 477.0 0.115216000001 10684.784 
547.0 855.0 0.0418600000012 10758.14 
637.0 751.0 0.818140480005 9981.85952 
742.0 263.0 0.226556000001 10573.444 
180.0 720.0 0.133437600001 10666.5624 
719.0 669.0 0.194914200003 10605.0858 
134.0 769.0 0.0486229600011 10751.37704 
110.0 850.0 0.278989000001 10521.011 
802.0 333.0 0.269256760002 10530.74324 
397.0 649.0 0.356158200002 10443.8418 
45.0 193.0 0.00570000000016 10794.3 
954.0 721.0 0.0726768000003 10727.3232 
694.0 240.0 0.197860800002 10602.1392 
693.0 381.0 0.607481440006 10192.51856 
78.0 941.0 0.0577133200008 10742.28668 
907.0 556.0 0.0242600000007 10775.74 
672.0 663.0 0.402265760006 10397.73424 
615.0 689.0 0.465000000006 10335.0 
789.0 505.0 0.0834624000013 10716.5376 
499.0 590.0 0.798628080006 10001.37192 
655.0 920.0 0.0121600000003 10787.84 
126.0 167.0 0.0726768000003 10727.3232 
405.0 710.0 0.195951160002 10604.04884 
220.0 552.0 0.00648000000018 10793.52 
357.0 466.0 0.0438000000012 10756.2 
85.0 600.0 0.0726768000003 10727.3232 
640.0 942.0 0.099656480001 10700.34352 
641.0 271.0 0.322090400002 10477.9096 
123.0 743.0 0.037720000001 10762.28 
482.0 257.0 0.116175480003 10683.82452 
298.0 881.0 0.0640034400013 10735.99656 
380.0 136.0 0.0552738800007 10744.72612 
239.0 844.0 0.0805980000003 10719.402 
843.0 842.0 0.076083960001 10723.91604 
477.0 223.0 0.112724960002 10687.27504 
629.0 666.0 0.494224400006 10305.7756 
463.0 459.0 0.145376000003 10654.624 
336.0 877.0 0.0126000000003 10787.4 
862.0 942.0 0.0857778400008 10714.22216 
563.0 556.0 0.375214200008 10424.7858 
615.0 174.0 0.0839702400001 10716.02976 
871.0 374.0 0.0635158800003 10736.48412 
88.0 357.0 0.0828975200005 10717.10248 
541.0 880.0 0.0498713200011 10750.12868 
329.0 887.0 0.0322200000009 10767.78 
219.0 709.0 0.067861880001 10732.13812 
825.0 333.0 0.0601432400014 10739.85676 
824.0 632.0 0.209050080004 10590.94992 
736.0 358.0 0.190808720004 10609.19128 
246.0 197.0 0.0630385600006 10736.96144 
414.0 247.0 0.418016800005 10381.9832 
539.0 83.0 0.0295185599998 10770.48144 
842.0 723.0 0.110787680001 10689.21232 
579.0 426.0 0.928065600024 9871.93439998 
966.0 803.0 0.0749012400002 10725.09876 
756.0 876.0 0.111317600001 10688.6824 
701.0 777.0 0.224442240005 10575.55776 
94.0 896.0 0.14497232 10655.02768 
841.0 121.0 0.0726768000003 10727.3232 
263.0 547.0 0.064621200001 10735.3788 
303.0 742.0 0.0325800000009 10767.42 
426.0 465.0 0.0567838400006 10743.21616 
604.0 704.0 0.285531280007 10514.46872 
740.0 381.0 0.264192480004 10535.80752 
816.0 284.0 0.111103920001 10688.89608 
891.0 58.0 0.0726768000003 10727.3232 
643.0 572.0 0.296580520006 10503.41948 
305.0 284.0 0.151884360002 10648.11564 
702.0 647.0 0.0175800000005 10782.42 
528.0 79.0 0.0422436800003 10757.75632 
57.0 390.0 0.0427400000006 10757.26 
319.0 887.0 0.0335920000004 10766.408 
93.0 371.0 0.0377798000002 10762.2202 
573.0 102.0 0.0118000000003 10788.2 
578.0 530.0 0.10636800001 8693.63199999 
686.0 59.0 0.0726768000003 10727.3232 
280.0 913.0 0.0871768000007 10712.8232 
825.0 592.0 0.195024920003 10604.97508 
753.0 487.0 0.0246200000007 10775.38 
119.0 599.0 0.0726768000003 10727.3232 
291.0 509.0 0.279113600001 10520.8864 
342.0 918.0 0.054197600001 10745.8024 
658.0 259.0 0.177461000004 10622.539 
135.0 372.0 0.0178000000005 10782.2 
917.0 530.0 0.0716965600002 10728.30344 
196.0 269.0 0.0527300000006 10747.27 
30.0 193.0 0.00826500000007 10791.735 
473.0 697.0 0.0490800000014 10750.92 
143.0 951.0 0.0997816800006 10700.21832 
322.0 597.0 0.0456208000001 10754.3792 
474.0 625.0 0.165912200003 10634.0878 
304.0 161.0 0.114568320001 10685.43168 
304.0 215.0 0.172954720001 10627.04528 
657.0 445.0 0.620238200009 10179.7618 
476.0 118.0 0.1540744 10645.9256 
608.0 396.0 0.976142400008 9823.85759999 
443.0 117.0 0.0317980000001 10768.202 
306.0 553.0 0.037100000001 10762.9 
278.0 365.0 0.0754424000004 10724.5576 
409.0 994.0 0.0903464000004 10709.6536 
902.0 219.0 0.0726768000003 10727.3232 
201.0 889.0 0.0726768000003 10727.3232 
732.0 328.0 0.213066000005 10586.934 
452.0 576.0 0.166792000003 10633.208 
569.0 928.0 0.24593808 10554.06192 
829.0 621.0 0.205897600003 10594.1024 
930.0 738.0 0.00622000000017 10793.78 
853.0 776.0 0.128155200001 10671.8448 
623.0 969.0 0.0977395200008 10702.26048 
183.0 479.0 0.0683410000003 10731.659 
491.0 257.0 0.560073000004 10239.927 
810.0 618.0 0.184865200004 10615.1348 
801.0 918.0 0.245935800001 10554.0642 
809.0 501.0 0.0774640000009 10722.536 
352.0 425.0 0.0402485600001 10759.75144 
958.0 106.0 0.0726768000003 10727.3232 
203.0 645.0 0.0130600000004 10786.94 
475.0 540.0 0.308908000005 10491.092 
504.0 181.0 0.276244000001 10523.756 
441.0 508.0 0.239279400004 10560.7206 
564.0 603.0 0.78300800001 9016.99199999 
846.0 952.0 0.0696737200008 10730.32628 
791.0 271.0 0.0952986000017 10704.7014 
377.0 184.0 0.265100880001 10534.89912 
