500.0 500.0
572.0 359.0 0.304840000008 10495.16 
655.0 306.0 0.21947320001 9580.52679999 
685.0 318.0 0.647937240014 10152.06276 
534.0 337.0 0.913286600019 9886.71339998 
601.0 165.0 0.406538400003 10393.4616 
708.0 179.0 0.125784600002 10674.2154 
687.0 468.0 0.464177760011 10335.82224 
626.0 344.0 0.09507232002 8704.92767998 
605.0 490.0 0.48382560001 9316.17439999 
834.0 329.0 0.254220000004 10545.78 
677.0 253.0 0.294219560006 10505.78044 
826.0 450.0 0.0686000000019 10731.4 
703.0 403.0 0.356641000008 10443.359 
559.0 148.0 0.13173464 10668.26536 
732.0 231.0 0.258159000005 10541.841 
701.0 445.0 0.47578048001 10324.21952 
433.0 447.0 0.184249600004 10615.7504 
859.0 177.0 0.0189600000005 10781.04 
694.0 342.0 0.79884304002 10001.15696 
842.0 347.0 0.223627280005 10576.37272 
645.0 259.0 0.442424400011 10357.5756 
464.0 447.0 0.927055200003 9872.9448 
817.0 460.0 0.147051200003 10652.9488 
556.0 258.0 0.144826800002 10655.1732 
472.0 504.0 0.255704000005 10544.296 
739.0 399.0 0.170402960003 10629.59704 
981.0 103.0 0.0129000000004 10787.1 
825.0 251.0 0.192897000004 10607.103 
966.0 64.0 0.0355980000004 10764.402 
821.0 392.0 0.950746800002 9849.2532 
510.0 513.0 0.141701680004 10658.29832 
470.0 424.0 0.41710992001 10382.89008 
500.0 251.0 0.140785000002 10659.215 
640.0 243.0 0.378481440009 10421.51856 
870.0 269.0 0.145893600002 10654.1064 
499.0 312.0 0.656108400017 10143.8916 
439.0 529.0 0.0881263200008 10711.87368 
624.0 456.0 0.439255560011 10360.74444 
378.0 312.0 0.0620320000006 10737.968 
744.0 388.0 0.683848920006 10116.15108 
976.0 261.0 0.0903832000007 10709.6168 
663.0 487.0 0.787603400011 10012.3966 
561.0 524.0 0.295652280007 10504.34772 
719.0 364.0 0.44997400001 10350.026 
613.0 438.0 0.71706640001 9082.93359999 
552.0 470.0 0.74815072002 9051.84927998 
714.0 274.0 0.970842400007 9829.15759999 
536.0 287.0 0.652850000011 10147.15 
648.0 544.0 0.215073000004 10584.927 
739.0 474.0 0.214902000004 10585.098 
713.0 169.0 0.0863700000016 10713.63 
333.0 354.0 0.0823320800011 10717.66792 
740.0 437.0 0.228855200005 10571.1448 
296.0 477.0 0.17187548 10628.12452 
715.0 589.0 0.00566000000016 10794.34 
495.0 90.0 0.0116800000003 10788.32 
235.0 310.0 0.0958832000004 10704.1168 
388.0 362.0 0.0496200000014 10750.38 
929.0 186.0 0.159095120001 10640.90488 
491.0 352.0 0.858627320021 9941.37267998 
760.0 85.0 0.00678000000018 10793.22 
424.0 640.0 0.00602000000017 10793.98 
615.0 335.0 0.20862320002 9591.37679998 
693.0 293.0 0.538995680011 10261.00432 
730.0 573.0 0.0111049200001 10788.89508 
407.0 762.0 0.181276 10618.724 
658.0 254.0 0.47156728001 10328.43272 
786.0 489.0 0.313915040001 10486.08496 
364.0 590.0 0.0606575200001 10739.34248 
710.0 111.0 0.112584000001 10687.416 
658.0 516.0 0.203087200004 10596.9128 
366.0 343.0 0.0952414000007 10704.7586 
866.0 313.0 0.454728480004 10345.27152 
428.0 461.0 0.0942734000008 10705.7266 
689.0 380.0 0.821839840013 9978.16015999 
907.0 256.0 0.264177600001 10535.8224 
478.0 254.0 0.148944640002 10651.05536 
560.0 329.0 0.604331040016 10195.66896 
655.0 655.0 0.34273488 10457.26512 
788.0 301.0 0.903562000005 9896.438 
748.0 714.0 0.0991463600008 10700.85364 
540.0 313.0 0.774365280019 10025.63472 
516.0 383.0 0.11770800003 8682.29199997 
863.0 340.0 0.171037600003 10628.9624 
886.0 419.0 0.429414880003 10370.58512 
342.0 170.0 0.0248000000007 10775.2 
650.0 695.0 0.0818250000013 10718.175 
737.0 432.0 0.233331840005 10566.66816 
570.0 243.0 0.0917582400012 10708.24176 
844.0 554.0 0.0121800000003 10787.82 
590.0 2.0 0.0909079200005 10709.09208 
293.0 171.0 0.0895727200005 10710.42728 
742.0 272.0 0.250487600004 10549.5124 
775.0 766.0 0.0701582800006 10729.84172 
896.0 427.0 0.0642486400017 10735.75136 
983.0 418.0 0.058830000001 10741.17 
497.0 393.0 0.17749120001 9622.50879999 
539.0 532.0 0.82317460001 9976.82539999 
973.0 238.0 0.103238400001 10696.7616 
965.0 287.0 0.107359680001 10692.64032 
560.0 719.0 0.0770489200008 10722.95108 
477.0 40.0 0.0447772800003 10755.22272 
609.0 748.0 0.0680447200006 10731.95528 
472.0 334.0 0.503344720013 10296.65528 
632.0 85.0 0.124192800001 10675.8072 
864.0 549.0 0.0408304000002 10759.1696 
531.0 70.0 0.0439614400005 10756.03856 
993.0 91.0 0.0165864000003 10783.4136 
993.0 572.0 0.17562368 10624.37632 
655.0 223.0 0.420128960007 10379.87104 
661.0 203.0 0.201717200005 10598.2828 
173.0 87.0 0.0826768000003 10727.3232 
648.0 278.0 0.05210344001 9747.89655999 
287.0 522.0 0.0658921999998 10734.1078 
355.0 741.0 0.120144200001 10679.8558 
153.0 520.0 0.0529328000005 10747.0672 
710.0 697.0 0.246099240001 10553.90076 
204.0 198.0 0.00586000000016 10794.14 
282.0 255.0 0.0860600000009 10713.94 
891.0 273.0 0.263783400003 10536.2166 
778.0 257.0 0.244939840005 10555.06016 
522.0 219.0 0.119485600001 10680.5144 
164.0 499.0 0.0552907200005 10744.70928 
986.0 199.0 0.0761208800009 10723.87912 
377.0 72.0 0.0826768000003 10727.3232 
837.0 653.0 0.0306874000005 10769.3126 
964.0 382.0 0.0349822800009 10765.01772 
752.0 356.0 0.343892400008 10456.1076 
152.0 440.0 0.0211352 10778.8648 
680.0 803.0 0.00594000000017 10794.06 
722.0 308.0 0.47510276001 10324.89724 
543.0 439.0 0.853691600022 9946.30839998 
944.0 610.0 0.0826768000003 10727.3232 
686.0 208.0 0.423858880007 10376.14112 
311.0 313.0 0.222438000002 10577.562 
745.0 665.0 0.0308000000009 10769.2 
857.0 744.0 0.0826768000003 10727.3232 
647.0 223.0 0.528786240006 10271.21376 
373.0 710.0 0.0193000000005 10780.7 
337.0 171.0 0.0251348800003 10774.86512 
520.0 431.0 0.59758128002 7202.41871998 
231.0 167.0 0.0667672000003 10733.2328 
707.0 321.0 0.585838200015 10214.1618 
329.0 334.0 0.178531200002 10621.4688 
271.0 404.0 0.10156888 10698.43112 
520.0 316.0 0.498889840011 10301.11016 
876.0 288.0 0.168813320003 10631.18668 
911.0 525.0 0.0715924000002 10728.4076 
163.0 672.0 0.0117030400003 10788.29696 
357.0 523.0 0.0251400000007 10774.86 
892.0 394.0 0.176616600003 10623.3834 
538.0 438.0 0.985508800025 9814.49119997 
177.0 658.0 0.00656000000018 10793.44 
930.0 168.0 0.0890528000005 10710.9472 
802.0 240.0 0.168005600001 10631.9944 
467.0 748.0 0.0193000000005 10780.7 
430.0 238.0 0.100259800001 10699.7402 
814.0 105.0 0.05174496 10748.25504 
187.0 782.0 0.0124000000003 10787.6 
905.0 821.0 0.00614000000017 10793.86 
303.0 279.0 0.0899567200012 10710.04328 
816.0 573.0 0.00604000000017 10793.96 
995.0 609.0 0.0364842400001 10763.51576 
563.0 347.0 0.61757800002 8182.42199998 
584.0 77.0 0.191983280001 10608.01672 
499.0 266.0 0.263883200003 10536.1168 
955.0 502.0 0.0123600000003 10787.64 
719.0 805.0 0.0306370000001 10769.363 
727.0 138.0 0.00632000000017 10793.68 
178.0 591.0 0.0556683999999 10744.3316 
214.0 932.0 0.0826768000003 10727.3232 
478.0 874.0 0.00673400000007 10793.266 
131.0 878.0 0.0826768000003 10727.3232 
222.0 818.0 0.0461814 10753.8186 
737.0 436.0 0.263176720007 10536.82328 
303.0 155.0 0.0463805600007 10753.61944 
475.0 871.0 0.00650000000018 10793.5 
654.0 399.0 0.40133336002 9398.66663998 
891.0 860.0 0.0272247600003 10772.77524 
857.0 879.0 0.00614000000017 10793.86 
169.0 461.0 0.0122000000003 10787.8 
598.0 618.0 0.0310800000009 10768.92 
813.0 674.0 0.1515138 10648.4862 
143.0 159.0 0.06729624 10732.70376 
726.0 941.0 0.0826768000003 10727.3232 
710.0 489.0 0.290764920003 10509.23508 
99.0 251.0 0.0826768000003 10727.3232 
653.0 162.0 0.297630480004 10502.36952 
524.0 688.0 0.0127800000004 10787.22 
575.0 954.0 0.0826768000003 10727.3232 
284.0 716.0 0.0896850400002 10710.31496 
473.0 320.0 0.540343000013 10259.657 
496.0 464.0 0.579630080015 10220.36992 
278.0 981.0 0.0826768000003 10727.3232 
854.0 445.0 0.107798240002 10692.20176 
203.0 538.0 0.0184800000005 10781.52 
950.0 387.0 0.273201600001 10526.7984 
791.0 678.0 0.0589512000007 10741.0488 
49.0 791.0 0.0826768000003 10727.3232 
166.0 769.0 0.0193540000004 10780.646 
