500.0 500.0
491.0 630.0 0.06669664001 9733.30335999 
529.0 519.0 0.310141840006 10489.85816 
507.0 534.0 0.360943000007 10439.057 
610.0 472.0 0.36260112002 9437.39887998 
422.0 730.0 0.144967440001 10655.03256 
414.0 568.0 0.423571440007 10376.42856 
361.0 631.0 0.187852640003 10612.14736 
637.0 695.0 0.107183680001 10692.81632 
329.0 646.0 0.444624280003 10355.37572 
453.0 547.0 0.07964672001 9720.35327999 
338.0 802.0 0.0613200000017 10738.68 
350.0 832.0 0.0814339200014 10718.56608 
266.0 525.0 0.0603028000012 10739.6972 
765.0 456.0 0.715742600006 10084.2574 
672.0 540.0 0.437296000004 10362.704 
325.0 812.0 0.0646556000015 10735.3444 
639.0 344.0 0.0920072000004 10707.9928 
362.0 955.0 0.0125000000003 10787.5 
530.0 713.0 0.238921440005 10561.07856 
506.0 643.0 0.413430720007 10386.56928 
603.0 671.0 0.221523200002 10578.4768 
333.0 452.0 0.498240000001 10301.76 
538.0 718.0 0.136987680003 10663.01232 
825.0 585.0 0.139933440002 10660.06656 
583.0 825.0 0.0199612800002 10780.03872 
561.0 605.0 0.430646320007 10369.35368 
578.0 565.0 0.134105760002 10665.89424 
589.0 365.0 0.206288160003 10593.71184 
427.0 765.0 0.0599500000009 10740.05 
489.0 418.0 0.57063152001 9729.36847999 
161.0 571.0 0.109608000001 10690.392 
420.0 665.0 0.432282000006 10367.718 
769.0 475.0 0.279269680006 10520.73032 
402.0 469.0 0.175866240001 10624.13376 
428.0 695.0 0.235948480004 10564.05152 
207.0 893.0 0.0641052000007 10735.8948 
640.0 667.0 0.0942224000008 10705.7776 
552.0 598.0 0.589135760007 10210.86424 
451.0 563.0 0.46654800001 10333.452 
673.0 823.0 0.0182400000005 10781.76 
777.0 318.0 0.0315800000009 10768.42 
188.0 850.0 0.0309600000009 10769.04 
224.0 945.0 0.0522090000008 10747.791 
717.0 477.0 0.273046800006 10526.9532 
242.0 541.0 0.241918960001 10558.08104 
396.0 346.0 0.133621200003 10666.3788 
702.0 462.0 1.04886800001 9751.13199999 
691.0 526.0 0.292870480007 10507.12952 
469.0 795.0 0.142346080002 10657.65392 
658.0 904.0 0.00622000000017 10793.78 
334.0 699.0 0.081802080001 10718.19792 
570.0 271.0 0.0461884000007 10753.8116 
468.0 337.0 0.0949838400022 10705.01616 
237.0 907.0 0.298891840001 10501.10816 
644.0 486.0 0.83215872001 9967.84127999 
561.0 451.0 0.39200304001 7407.99695999 
483.0 875.0 0.0321382400004 10767.86176 
849.0 203.0 0.28317 10516.83 
844.0 537.0 0.0894928000014 10710.5072 
875.0 467.0 0.277555000002 10522.445 
217.0 523.0 0.198912320002 10601.08768 
721.0 657.0 0.252969600004 10547.0304 
55.0 780.0 0.0824296000002 10717.5704 
235.0 380.0 0.248664600002 10551.3354 
426.0 215.0 0.102189520001 10697.81048 
117.0 450.0 0.0920544000004 10707.9456 
509.0 743.0 0.314878800003 10485.1212 
572.0 226.0 0.0186000000005 10781.4 
171.0 556.0 0.263798640001 10536.20136 
215.0 442.0 0.0232400000007 10776.76 
418.0 222.0 0.106218960001 10693.78104 
737.0 232.0 0.0315800000009 10768.42 
693.0 578.0 0.171356000004 10628.644 
417.0 441.0 0.0689200000019 10731.08 
681.0 596.0 0.186391560004 10613.60844 
730.0 107.0 0.0176400000005 10782.36 
646.0 100.0 0.18094496 10619.05504 
304.0 650.0 0.0653248000016 10734.6752 
563.0 568.0 0.206938200004 10593.0618 
453.0 359.0 0.336298960003 10463.70104 
713.0 813.0 0.1801174 10619.8826 
246.0 752.0 0.00636000000018 10793.64 
784.0 259.0 0.279894800002 10520.1052 
295.0 523.0 0.0562000000016 10743.8 
551.0 302.0 0.315233200003 10484.7668 
866.0 343.0 0.0126800000003 10787.32 
658.0 154.0 0.0178400000005 10782.16 
489.0 252.0 0.378990000003 10421.01 
275.0 837.0 0.31044928 10489.55072 
966.0 451.0 0.111544640001 10688.45536 
785.0 643.0 0.664024000003 10135.976 
855.0 630.0 0.344003080002 10455.99692 
989.0 351.0 0.0845432000001 10715.4568 
666.0 701.0 0.219858320004 10580.14168 
909.0 213.0 0.0707440000004 10729.256 
315.0 810.0 0.0442792400007 10755.72076 
547.0 55.0 0.00602000000017 10793.98 
965.0 68.0 0.00576000000016 10794.24 
650.0 620.0 0.112420000003 10687.58 
475.0 853.0 0.1605902 10639.4098 
447.0 377.0 0.226856400004 10573.1436 
199.0 312.0 0.181088 10618.912 
935.0 203.0 0.0826768000003 10727.3232 
446.0 365.0 0.520588960002 10279.41104 
32.0 598.0 0.0826768000003 10727.3232 
773.0 190.0 0.323555040002 10476.44496 
830.0 701.0 0.127437000001 10672.563 
432.0 197.0 0.120485840001 10679.51416 
165.0 460.0 0.266534080001 10533.46592 
524.0 444.0 0.377810080009 10422.18992 
690.0 544.0 0.266162400005 10533.8376 
607.0 743.0 0.102580000001 10697.42 
618.0 952.0 0.0547857600002 10745.21424 
492.0 702.0 0.958933400004 9841.0666 
438.0 616.0 0.404311360008 10395.68864 
356.0 956.0 0.00676619999978 10793.2338 
517.0 471.0 0.647336800007 10152.6632 
465.0 568.0 0.590517520007 10209.48248 
293.0 407.0 0.110265000002 10689.735 
306.0 300.0 0.0826768000003 10727.3232 
637.0 441.0 1.08040784001 9719.59215999 
631.0 393.0 0.209684800003 10590.3152 
882.0 677.0 0.0674287200008 10732.57128 
415.0 872.0 0.109037000001 10690.963 
670.0 379.0 0.287905120002 10512.09488 
896.0 419.0 0.160459000002 10639.541 
648.0 319.0 0.212288800001 10587.7112 
480.0 113.0 0.0826768000003 10727.3232 
587.0 815.0 0.201657200001 10598.3428 
331.0 867.0 0.0993222400012 10700.67776 
262.0 648.0 0.169245000002 10630.755 
304.0 398.0 0.265254120002 10534.74588 
501.0 797.0 0.109313600002 10690.6864 
726.0 54.0 0.0510880000003 10748.912 
504.0 50.0 0.0285829600002 10771.41704 
260.0 195.0 0.0120600000003 10787.94 
125.0 822.0 0.0653473199998 10734.65268 
621.0 173.0 0.224532 10575.468 
209.0 396.0 0.14098496 10659.01504 
209.0 971.0 0.0901608000009 10709.8392 
511.0 243.0 0.0951531200006 10704.84688 
489.0 327.0 0.360539640003 10439.46036 
779.0 831.0 0.0786040000006 10721.396 
615.0 951.0 0.00622000000017 10793.78 
77.0 706.0 0.00638000000018 10793.62 
198.0 693.0 0.0967191200003 10703.28088 
384.0 888.0 0.0886707200009 10711.32928 
195.0 221.0 0.00608000000017 10793.92 
713.0 639.0 0.898833600001 9901.1664 
777.0 439.0 0.328986960004 10471.01304 
737.0 685.0 0.363194560004 10436.80544 
83.0 467.0 0.0343620000001 10765.638 
402.0 636.0 0.522845760002 10277.15424 
589.0 413.0 0.609616320011 10190.38368 
783.0 926.0 0.0826768000003 10727.3232 
961.0 481.0 0.0719412000004 10728.0588 
649.0 626.0 0.119300000003 10680.7 
899.0 496.0 0.226354880002 10573.64512 
127.0 611.0 0.101222360001 10698.77764 
577.0 659.0 0.271337360002 10528.66264 
453.0 596.0 0.505266480009 10294.73352 
540.0 751.0 0.353642200003 10446.3578 
679.0 50.0 0.0721102000009 10727.8898 
674.0 353.0 0.0472320000006 10752.768 
542.0 633.0 0.343833600007 10456.1664 
489.0 786.0 0.191902640003 10608.09736 
119.0 167.0 0.00646000000018 10793.54 
179.0 266.0 0.0487539200001 10751.24608 
155.0 117.0 0.0555043200003 10744.49568 
25.0 339.0 0.0826768000003 10727.3232 
918.0 349.0 0.114366400001 10685.6336 
81.0 183.0 0.0826768000003 10727.3232 
634.0 131.0 0.0183612000002 10781.6388 
891.0 672.0 0.0720912000011 10727.9088 
714.0 836.0 0.0402180000002 10759.782 
987.0 88.0 0.0159436800001 10784.05632 
753.0 750.0 0.227737760001 10572.26224 
444.0 411.0 0.159153120004 10640.84688 
684.0 303.0 0.0384868800003 10761.51312 
213.0 184.0 0.0403928000001 10759.6072 
250.0 152.0 0.03537004 10764.62996 
134.0 620.0 0.101990600001 10698.0094 
769.0 374.0 0.0725782800002 10727.42172 
962.0 526.0 0.0852103600007 10714.78964 
885.0 662.0 0.0680441600012 10731.95584 
477.0 289.0 0.106431200002 10693.5688 
730.0 99.0 0.0183849600001 10781.61504 
343.0 999.0 0.0346828000002 10765.3172 
919.0 893.0 0.0836262 10716.3738 
900.0 817.0 0.00630000000017 10793.7 
368.0 490.0 0.101648160001 10698.35184 
942.0 424.0 0.243011120002 10556.98888 
840.0 168.0 0.0433448800004 10756.65512 
278.0 500.0 0.0657880800008 10734.21192 
251.0 550.0 0.104975320002 10695.02468 
508.0 567.0 1.34606236001 9453.93763999 
832.0 491.0 0.821456800004 9978.5432 
806.0 65.0 0.0826768000003 10727.3232 
702.0 570.0 0.167248000004 10632.752 
760.0 727.0 0.0650794400011 10734.92056 
