500.0 500.0
639.0 467.0 0.284492800002 10515.5072 
648.0 589.0 0.298433800006 10501.5662 
462.0 592.0 0.190294360004 10609.70564 
693.0 609.0 0.39532820001 10404.6718 
529.0 579.0 0.473128880011 10326.87112 
598.0 477.0 0.251604640005 10548.39536 
746.0 722.0 0.167097760003 10632.90224 
379.0 586.0 0.203154400004 10596.8456 
595.0 485.0 0.262957280004 10537.04272 
682.0 499.0 0.178161000002 10621.839 
483.0 583.0 0.569498400013 10230.5016 
339.0 531.0 0.208332200004 10591.6678 
526.0 494.0 0.44423392001 10355.76608 
607.0 441.0 0.223987000005 10576.013 
353.0 493.0 0.296933440006 10503.06656 
522.0 384.0 0.320368360006 10479.63164 
497.0 704.0 0.198885600002 10601.1144 
240.0 575.0 0.0875090000007 10712.491 
376.0 599.0 0.116121000002 10683.879 
669.0 577.0 0.359377600008 10440.6224 
111.0 583.0 0.0318108800003 10768.18912 
456.0 454.0 0.23480736001 8765.19263999 
420.0 397.0 0.41888680001 10381.1132 
593.0 621.0 0.460996800011 10339.0032 
346.0 590.0 0.935588440005 9864.41156 
571.0 573.0 0.37843668001 8421.56331999 
623.0 697.0 0.060179400001 10739.8206 
506.0 539.0 0.31042500002 9489.57499998 
497.0 613.0 0.237238560006 10562.76144 
356.0 486.0 0.347917280008 10452.08272 
365.0 490.0 0.324932960004 10475.06704 
581.0 579.0 0.502168640012 10297.83136 
287.0 333.0 0.204171600004 10595.8284 
783.0 463.0 0.0977801600013 10702.21984 
607.0 664.0 0.462334280005 10337.66572 
527.0 714.0 0.373984000002 10426.016 
492.0 642.0 0.100878720002 10699.12128 
240.0 658.0 0.252456640003 10547.54336 
611.0 528.0 0.428815200009 10371.1848 
360.0 475.0 0.43789896001 10362.10104 
459.0 605.0 0.190227880004 10609.77212 
892.0 703.0 0.110858400001 10689.1416 
665.0 777.0 0.107117840001 10692.88216 
777.0 434.0 0.036840000001 10763.16 
982.0 588.0 0.0373849200003 10762.61508 
824.0 676.0 0.127689000002 10672.311 
639.0 600.0 0.44972548001 10350.27452 
976.0 479.0 0.0808040799998 10719.19592 
635.0 588.0 0.460776600009 10339.2234 
207.0 675.0 0.0842704800008 10715.72952 
525.0 436.0 0.838255600003 9961.7444 
589.0 441.0 0.251279360005 10548.72064 
598.0 408.0 0.164438960002 10635.56104 
571.0 319.0 0.130433600001 10669.5664 
633.0 487.0 0.403100000004 10396.9 
270.0 175.0 0.0729484800001 10727.05152 
542.0 392.0 0.229579000005 10570.421 
300.0 402.0 1.05939592 9740.60408 
459.0 500.0 1.07447420002 9725.52579998 
315.0 774.0 0.0244400000007 10775.56 
300.0 610.0 0.179590720001 10620.40928 
869.0 674.0 0.223866080002 10576.13392 
431.0 476.0 0.804126800017 9995.87319998 
487.0 401.0 0.711718000009 10088.282 
384.0 441.0 0.84169848001 8958.30151999 
792.0 505.0 0.401932640003 10398.06736 
596.0 738.0 0.255356840002 10544.64316 
702.0 484.0 0.116249520001 10683.75048 
316.0 352.0 0.536123200003 10263.8768 
677.0 232.0 0.0891220000004 10710.878 
546.0 630.0 0.433516400004 10366.4836 
666.0 143.0 0.04742836 10752.57164 
256.0 589.0 0.124986560002 10675.01344 
807.0 632.0 0.483655240004 10316.34476 
302.0 288.0 0.262916000002 10537.084 
458.0 389.0 0.563288000005 10236.712 
564.0 494.0 0.782237760009 10017.76224 
380.0 412.0 0.386909400008 10413.0906 
374.0 550.0 0.164220680004 10635.77932 
730.0 351.0 0.0241200000007 10775.88 
413.0 872.0 0.0125000000003 10787.5 
820.0 375.0 0.0664620000002 10733.538 
457.0 538.0 0.797895200012 10002.1048 
372.0 292.0 0.128794360002 10671.20564 
297.0 643.0 0.442222000002 10357.778 
619.0 701.0 0.0614960000008 10738.504 
655.0 803.0 0.0826768000003 10727.3232 
998.0 702.0 0.0826768000003 10727.3232 
742.0 723.0 0.562984320003 10237.01568 
615.0 169.0 0.25700768 10542.99232 
951.0 552.0 0.0130400000004 10786.96 
217.0 339.0 0.235128080003 10564.87192 
451.0 766.0 0.111142400001 10688.8576 
896.0 722.0 0.0603933600007 10739.60664 
844.0 618.0 0.117248880001 10682.75112 
376.0 407.0 0.511504000004 10288.496 
691.0 584.0 0.39664640001 9403.35359999 
572.0 808.0 0.0939576000006 10706.0424 
710.0 29.0 0.00646000000018 10793.54 
505.0 167.0 0.0388238399997 10761.17616 
409.0 726.0 0.0248400000007 10775.16 
211.0 713.0 0.095657360001 10704.34264 
516.0 641.0 0.583869600005 10216.1304 
300.0 299.0 0.112466000002 10687.534 
399.0 917.0 0.0408399600003 10759.16004 
384.0 487.0 0.736092240015 10063.90776 
513.0 577.0 1.59906168001 9200.93831999 
125.0 354.0 0.154802760001 10645.19724 
814.0 205.0 0.0537873200002 10746.21268 
966.0 854.0 0.00600000000017 10794.0 
870.0 934.0 0.00612000000017 10793.88 
303.0 233.0 0.114781440001 10685.21856 
368.0 280.0 0.0853325200009 10714.66748 
786.0 697.0 0.0904118400014 10709.58816 
382.0 164.0 0.0429496800007 10757.05032 
796.0 984.0 0.0414779999999 10758.522 
249.0 513.0 0.0992800000006 10700.72 
141.0 607.0 0.0131400000004 10786.86 
815.0 259.0 0.0189000000005 10781.1 
419.0 617.0 0.202815040003 10597.18496 
740.0 776.0 0.217966920001 10582.03308 
453.0 247.0 0.164121280002 10635.87872 
766.0 576.0 1.01980772001 9780.19227999 
185.0 355.0 0.301894280003 10498.10572 
763.0 602.0 0.351829600008 10448.1704 
630.0 310.0 0.0826768000003 10727.3232 
853.0 654.0 0.101876000002 10698.124 
315.0 805.0 0.0417844800008 10758.21552 
864.0 454.0 0.0826768000003 10727.3232 
551.0 474.0 0.294011760005 10505.98824 
750.0 957.0 0.00620000000017 10793.8 
227.0 412.0 0.811332280005 9988.66772 
423.0 286.0 0.211414240003 10588.58576 
123.0 473.0 0.0951182000007 10704.8818 
652.0 854.0 0.00632000000017 10793.68 
664.0 228.0 0.037700000001 10762.3 
82.0 627.0 0.0650654000004 10734.9346 
868.0 936.0 0.00621791999992 10793.78208 
183.0 863.0 0.0772320000003 10722.768 
462.0 286.0 0.333401800003 10466.5982 
53.0 751.0 0.0906548400001 10709.34516 
126.0 783.0 0.0186200000005 10781.38 
261.0 746.0 0.0637320000002 10736.268 
358.0 860.0 0.0748362400006 10725.16376 
494.0 860.0 0.0826768000003 10727.3232 
69.0 356.0 0.0604088000003 10739.5912 
489.0 325.0 0.258162800003 10541.8372 
622.0 132.0 0.0755745600001 10724.42544 
498.0 329.0 0.586776400004 10213.2236 
719.0 650.0 0.734951200004 10065.0488 
266.0 425.0 0.114914480002 10685.08552 
775.0 182.0 0.0125000000003 10787.5 
662.0 720.0 0.126535720001 10673.46428 
301.0 818.0 0.00612000000017 10793.88 
967.0 906.0 0.0384599999998 10761.54 
746.0 37.0 0.0240311999998 10775.9688 
744.0 819.0 0.124727200001 10675.2728 
115.0 434.0 0.056346000001 10743.654 
359.0 800.0 0.126189160001 10673.81084 
778.0 857.0 0.0997880000005 10700.212 
883.0 607.0 0.112933600001 10687.0664 
243.0 828.0 0.00608000000017 10793.92 
368.0 396.0 0.531594120009 10268.40588 
385.0 133.0 0.0848222400002 10715.17776 
299.0 463.0 0.276657200002 10523.3428 
717.0 463.0 0.114957600001 10685.0424 
841.0 833.0 0.0714692000005 10728.5308 
633.0 608.0 0.84674024001 8953.25975999 
393.0 528.0 0.45047520001 9349.52479999 
130.0 516.0 0.00662000000018 10793.38 
830.0 203.0 0.0627274400005 10737.27256 
851.0 264.0 0.0358088000005 10764.1912 
446.0 92.0 0.0826768000003 10727.3232 
129.0 660.0 0.112330480001 10687.66952 
839.0 545.0 0.198191880001 10601.80812 
417.0 346.0 0.334488400004 10465.5116 
656.0 913.0 0.0505220799997 10749.47792 
538.0 64.0 0.0826768000003 10727.3232 
48.0 638.0 0.0826768000003 10727.3232 
390.0 559.0 0.548473200007 10251.5268 
685.0 421.0 0.0978724800012 10702.12752 
154.0 411.0 0.303161200003 10496.8388 
721.0 208.0 0.0607668000002 10739.2332 
724.0 302.0 0.0481438400007 10751.85616 
557.0 175.0 0.0250600000007 10774.94 
520.0 976.0 0.0826768000003 10727.3232 
480.0 460.0 0.562220000011 10237.78 
984.0 386.0 0.0826768000003 10727.3232 
571.0 461.0 0.317192160003 10482.80784 
547.0 323.0 0.0590548800004 10740.94512 
712.0 297.0 0.107600800001 10692.3992 
189.0 298.0 0.0505934000003 10749.4066 
292.0 315.0 0.0968664000018 10703.1336 
414.0 782.0 0.154975640001 10645.02436 
821.0 69.0 0.0826768000003 10727.3232 
399.0 199.0 0.249037600002 10550.9624 
160.0 835.0 0.1214056 10678.5944 
727.0 276.0 0.098148000001 10701.852 
885.0 326.0 0.00640000000018 10793.6 
120.0 791.0 0.0710880000004 10728.912 
