500.0 500.0
498.0 654.0 0.0244600000007 10775.54 
596.0 779.0 0.388545960009 10411.45404 
475.0 763.0 0.107140000003 10692.86 
367.0 511.0 0.726863040018 10073.13696 
451.0 864.0 0.425283400005 10374.7166 
447.0 568.0 0.37670016001 10423.29984 
409.0 707.0 0.0565840000007 10743.416 
552.0 765.0 0.243019040004 10556.98096 
470.0 781.0 0.127690560003 10672.30944 
402.0 567.0 0.45942080001 10340.5792 
576.0 619.0 0.27731000001 7522.68999999 
559.0 731.0 0.14395720002 8656.04279998 
641.0 763.0 0.371571040009 10428.42896 
401.0 387.0 0.061549000001 10738.451 
287.0 674.0 0.0534016000001 10746.5984 
533.0 992.0 0.0726768000003 10727.3232 
409.0 857.0 0.558801600004 10241.1984 
348.0 451.0 0.418406000011 10381.594 
551.0 848.0 0.118928000001 10681.072 
725.0 803.0 0.291141200002 10508.8588 
375.0 980.0 0.180177160003 10619.82284 
505.0 472.0 0.0485388000008 10751.4612 
496.0 771.0 0.3096192 9490.3808 
408.0 943.0 0.125762600003 10674.2374 
348.0 456.0 0.722190000006 10077.81 
596.0 456.0 0.0561000000016 10743.9 
601.0 627.0 0.635478240017 10164.52176 
599.0 632.0 0.629475600017 10170.5244 
283.0 355.0 0.166146280003 10633.85372 
325.0 976.0 0.0713520000012 10728.648 
552.0 978.0 0.0126600000003 10787.34 
486.0 434.0 0.346991039999 10453.00896 
658.0 902.0 0.252652800001 10547.3472 
608.0 980.0 0.0507168000001 10749.2832 
546.0 326.0 0.0726768000003 10727.3232 
243.0 351.0 0.220682000003 10579.318 
227.0 555.0 0.0184800000005 10781.52 
759.0 917.0 0.14460656 10655.39344 
98.0 356.0 0.106532960001 10693.46704 
426.0 292.0 0.0628068000008 10737.1932 
374.0 423.0 0.328100000008 10471.9 
888.0 887.0 0.00588000000016 10794.12 
216.0 738.0 0.0681686400001 10731.83136 
728.0 497.0 0.412882600003 10387.1174 
631.0 629.0 0.430490000011 10369.51 
143.0 496.0 0.0745962000012 10725.4038 
606.0 716.0 0.18920832001 9610.79167999 
357.0 179.0 0.0492400000014 10750.76 
635.0 760.0 0.767146240004 10032.85376 
654.0 222.0 0.198805800003 10601.1942 
206.0 378.0 0.180641200004 10619.3588 
690.0 590.0 0.103296640001 10696.70336 
968.0 948.0 0.0726768000003 10727.3232 
248.0 681.0 0.0182600000005 10781.74 
466.0 376.0 0.258477120002 10541.52288 
525.0 776.0 0.345069160007 10454.93084 
383.0 461.0 0.29867056001 8501.32943999 
914.0 983.0 0.0323014400001 10767.69856 
324.0 855.0 0.17435756 10625.64244 
555.0 980.0 0.0128316000002 10787.1684 
74.0 567.0 0.00622000000017 10793.78 
643.0 135.0 0.0322629600006 10767.73704 
609.0 827.0 0.578060400004 10221.9396 
348.0 695.0 0.0717768000005 10728.2232 
619.0 925.0 0.131484000002 10668.516 
671.0 244.0 0.0693404000004 10730.6596 
180.0 470.0 0.121076600001 10678.9234 
872.0 438.0 0.27051576 10529.48424 
665.0 814.0 0.346672960008 10453.32704 
561.0 252.0 0.0625200000017 10737.48 
248.0 181.0 0.0247200000007 10775.28 
853.0 504.0 0.0898169200014 10710.18308 
954.0 521.0 0.0683672000007 10731.6328 
638.0 671.0 0.689299280013 10110.70072 
311.0 621.0 0.00608000000017 10793.92 
217.0 745.0 0.15005588 10649.94412 
518.0 170.0 0.255131760001 10544.86824 
146.0 366.0 0.346944000001 10453.056 
795.0 864.0 0.0559068000002 10744.0932 
179.0 519.0 0.255964480001 10544.03552 
343.0 331.0 0.037260000001 10762.74 
847.0 283.0 0.0388077599999 10761.19224 
344.0 162.0 0.0365976800006 10763.40232 
283.0 795.0 0.0123800000003 10787.62 
449.0 343.0 0.0873608000009 10712.6392 
766.0 632.0 0.0576171600008 10742.38284 
686.0 270.0 0.0360903600003 10763.90964 
384.0 906.0 0.471540600003 10328.4594 
231.0 434.0 0.309829920007 10490.17008 
835.0 389.0 0.0253400000007 10774.66 
584.0 255.0 0.144874560003 10655.12544 
588.0 147.0 0.0928928000011 10707.1072 
402.0 133.0 0.0941448400011 10705.85516 
875.0 962.0 0.00656000000018 10793.44 
943.0 265.0 0.0726768000003 10727.3232 
814.0 700.0 0.00634000000017 10793.66 
354.0 135.0 0.1123668 10687.6332 
216.0 260.0 0.110141000001 10689.859 
259.0 414.0 0.558552320006 10241.44768 
299.0 30.0 0.0535853200005 10746.41468 
780.0 940.0 0.0354520000008 10764.548 
897.0 176.0 0.0726768000003 10727.3232 
207.0 835.0 0.0726768000003 10727.3232 
453.0 137.0 0.0954261600008 10704.57384 
496.0 667.0 0.0244600000007 10775.54 
794.0 837.0 0.275815720001 10524.18428 
642.0 962.0 0.0845500000006 10715.45 
267.0 283.0 0.137492000002 10662.508 
372.0 779.0 0.160394920002 10639.60508 
656.0 474.0 0.133261440003 10666.73856 
83.0 827.0 0.351631840001 10448.36816 
286.0 285.0 0.259289800001 10540.7102 
266.0 927.0 0.00620000000017 10793.8 
671.0 564.0 0.0253600000007 10774.64 
584.0 218.0 0.180045200003 10619.9548 
631.0 162.0 0.199253000001 10600.747 
579.0 636.0 0.607071360016 10192.92864 
174.0 153.0 0.3526344 10447.3656 
440.0 543.0 0.44801348001 8351.98651999 
606.0 672.0 0.87502876002 7924.97123998 
138.0 190.0 0.153518600001 10646.4814 
295.0 450.0 0.983408600005 9816.59139999 
341.0 586.0 0.0839243200006 10716.07568 
92.0 112.0 0.00632000000017 10793.68 
393.0 966.0 0.155960240003 10644.03976 
103.0 751.0 0.0249200000007 10775.08 
881.0 632.0 0.0726768000003 10727.3232 
709.0 687.0 0.185285440001 10614.71456 
80.0 105.0 0.0507393600004 10749.26064 
50.0 924.0 0.0724371200007 10727.56288 
92.0 942.0 0.102454240001 10697.54576 
674.0 305.0 0.0129600000004 10787.04 
919.0 482.0 0.229599600001 10570.4004 
94.0 387.0 0.0730710000008 10726.929 
73.0 871.0 0.133460800001 10666.5392 
586.0 614.0 0.827305000017 9972.69499998 
564.0 742.0 0.411375360011 10388.62464 
114.0 416.0 0.107957680001 10692.04232 
231.0 472.0 0.535483200004 10264.5168 
283.0 151.0 0.2040744 10595.9256 
981.0 114.0 0.00628000000017 10793.72 
255.0 101.0 0.0651824000003 10734.8176 
105.0 289.0 0.0733820800004 10726.61792 
731.0 630.0 0.143620040001 10656.37996 
967.0 517.0 0.0762854000007 10723.7146 
784.0 915.0 0.0715127200008 10728.48728 
502.0 761.0 0.357922760007 10442.07724 
865.0 502.0 0.122794160001 10677.20584 
945.0 478.0 0.0893373600008 10710.66264 
688.0 754.0 0.335873400003 10464.1266 
879.0 463.0 0.142551200002 10657.4488 
131.0 491.0 0.118267200001 10681.7328 
584.0 205.0 0.275140000004 10524.86 
333.0 71.0 0.154413160001 10645.58684 
759.0 52.0 0.0726768000003 10727.3232 
284.0 885.0 0.0491000000006 10750.9 
500.0 669.0 0.00906875999996 10790.93124 
632.0 447.0 0.0976758000018 10702.3242 
903.0 872.0 0.0111720000002 10788.828 
794.0 498.0 0.227943000001 10572.057 
331.0 993.0 0.100818200001 10699.1818 
635.0 756.0 0.463664680008 10336.33532 
427.0 316.0 0.117725880001 10682.27412 
901.0 588.0 0.0726768000003 10727.3232 
187.0 741.0 0.0299217600006 10770.07824 
413.0 534.0 0.773202400015 10026.7976 
338.0 116.0 0.111808000001 10688.192 
709.0 875.0 0.2648476 10535.1524 
192.0 332.0 0.125964720002 10674.03528 
425.0 918.0 0.392933520003 10407.06648 
447.0 801.0 0.791991760007 10008.00824 
756.0 370.0 0.0726768000003 10727.3232 
319.0 989.0 0.0839900000011 10716.01 
379.0 600.0 0.0500784800008 10749.92152 
965.0 58.0 0.04888352 10751.11648 
273.0 453.0 0.42450056001 10375.49944 
680.0 419.0 0.115501800002 10684.4982 
73.0 155.0 0.16992 10630.08 
459.0 126.0 0.0924472400006 10707.55276 
337.0 313.0 0.0531112000012 10746.8888 
434.0 692.0 0.2322592 10567.7408 
697.0 979.0 0.0594884800005 10740.51152 
41.0 671.0 0.0726768000003 10727.3232 
800.0 308.0 0.00582000000016 10794.18 
44.0 576.0 0.0184236400001 10781.57636 
871.0 720.0 0.05260932 10747.39068 
359.0 944.0 0.350160480002 10449.83952 
650.0 482.0 0.358162080001 10441.83792 
331.0 263.0 0.0831174400002 10716.88256 
831.0 487.0 0.0507800000014 10749.22 
737.0 621.0 0.103710400002 10696.2896 
678.0 806.0 0.470093480007 10329.90652 
779.0 710.0 0.0896394800006 10710.36052 
620.0 856.0 0.167230800002 10632.7692 
218.0 383.0 0.296740480002 10503.25952 
188.0 981.0 0.0726768000003 10727.3232 
561.0 554.0 0.322800000009 10477.2 
660.0 391.0 0.0771440000004 10722.856 
803.0 268.0 0.00582000000016 10794.18 
250.0 276.0 0.0534741600011 10746.52584 
