500.0 500.0
388.0 590.0 0.41622352002 8383.77647998 
289.0 489.0 0.559890400014 10240.1096 
265.0 343.0 0.512978160006 10287.02184 
300.0 644.0 0.45342680001 9346.57319999 
486.0 541.0 0.734512160018 10065.48784 
421.0 419.0 0.356431200008 10443.5688 
345.0 615.0 0.336042560008 10463.95744 
471.0 525.0 0.878349280024 9921.65071998 
402.0 283.0 0.963772960007 9836.22703999 
490.0 658.0 0.251459400005 10548.5406 
411.0 686.0 0.440088840006 10359.91116 
341.0 613.0 0.319132320007 10480.86768 
639.0 529.0 0.0549000000015 10745.1 
199.0 402.0 0.844405000009 9955.59499999 
475.0 489.0 0.38724784001 9412.75215999 
311.0 238.0 0.451933760002 10348.06624 
704.0 424.0 0.072660000002 10727.34 
190.0 566.0 0.403852160001 10396.14784 
330.0 112.0 0.0921868000005 10707.8132 
485.0 629.0 0.53630220001 10263.6978 
345.0 549.0 0.40822880001 9391.77119999 
565.0 695.0 0.104492600001 10695.5074 
814.0 454.0 0.0846927200006 10715.30728 
568.0 377.0 0.408168680003 10391.83132 
561.0 616.0 0.197410000001 10602.59 
621.0 373.0 0.194490000003 10605.51 
315.0 717.0 0.280113200006 10519.8868 
217.0 327.0 0.279379200005 10520.6208 
242.0 673.0 0.21297560001 9587.02439999 
363.0 315.0 0.692766160007 10107.23384 
192.0 232.0 0.249477920002 10550.52208 
329.0 509.0 0.659184400018 10140.8156 
501.0 560.0 0.55599296002 9244.00703998 
353.0 300.0 0.203973000003 10596.027 
264.0 442.0 0.10061000001 9699.38999999 
475.0 607.0 0.454390200011 10345.6098 
409.0 490.0 0.97128740002 9828.71259998 
169.0 656.0 0.273656080003 10526.34392 
661.0 724.0 0.0560958400008 10743.90416 
347.0 556.0 0.472590080012 10327.40992 
168.0 325.0 0.236842560002 10563.15744 
781.0 548.0 0.0406767200006 10759.32328 
190.0 495.0 0.449816000003 10350.184 
773.0 806.0 0.00612000000017 10793.88 
271.0 370.0 0.298240040008 10501.75996 
524.0 521.0 0.586779240016 10213.22076 
394.0 19.0 0.0826768000003 10727.3232 
173.0 258.0 0.138422400002 10661.5776 
230.0 396.0 0.393336640009 10406.66336 
920.0 571.0 0.00644000000018 10793.56 
58.0 402.0 0.126692480002 10673.30752 
133.0 187.0 0.0855534400001 10714.44656 
222.0 249.0 0.116384520002 10683.61548 
442.0 347.0 0.232708800004 10567.2912 
541.0 810.0 0.0883759200015 10711.62408 
919.0 654.0 0.00622000000017 10793.78 
293.0 464.0 0.76292220001 7037.07779999 
239.0 189.0 0.101467000001 10698.533 
226.0 750.0 0.416199200007 10383.8008 
432.0 321.0 0.510826640007 10289.17336 
466.0 872.0 0.316685800002 10483.3142 
418.0 771.0 0.594728320005 10205.27168 
120.0 442.0 0.209235000002 10590.765 
187.0 586.0 0.0420425200008 10757.95748 
409.0 958.0 0.0756858800005 10724.31412 
43.0 333.0 0.111862200001 10688.1378 
493.0 798.0 0.509789440004 10290.21056 
981.0 702.0 0.08270112 10717.29888 
254.0 846.0 0.607069200003 10192.9308 
35.0 355.0 0.0999264000009 10700.0736 
549.0 670.0 0.107152640001 10692.84736 
249.0 287.0 0.432478720004 10367.52128 
686.0 600.0 0.739354720004 10060.64528 
257.0 51.0 0.0406767200006 10759.32328 
495.0 931.0 0.149568960001 10650.43104 
725.0 697.0 0.0888909200009 10711.10908 
461.0 596.0 1.12581120002 9674.18879998 
256.0 205.0 0.135384800002 10664.6152 
352.0 518.0 0.69099748002 8109.00251998 
652.0 953.0 0.18112512 10618.87488 
519.0 812.0 0.0841698400017 10715.83016 
781.0 998.0 0.0406767200006 10759.32328 
813.0 375.0 0.107437560002 10692.56244 
249.0 447.0 0.550448000014 10249.552 
350.0 266.0 0.210462800005 10589.5372 
124.0 419.0 0.0795276000021 10720.4724 
433.0 365.0 0.128840000004 10671.16 
692.0 612.0 0.0984712000027 10701.5288 
538.0 678.0 0.141450000002 10658.55 
460.0 560.0 0.14318800001 9656.81199999 
289.0 361.0 0.242329600006 10557.6704 
109.0 308.0 0.0786896000006 10721.3104 
760.0 584.0 0.211797120002 10588.20288 
444.0 117.0 0.126450000002 10673.55 
102.0 381.0 0.141683960002 10658.31604 
155.0 950.0 0.0975280000006 10702.472 
437.0 108.0 0.133418800002 10666.5812 
538.0 154.0 0.080205480002 10719.79452 
283.0 222.0 0.126068000003 10673.932 
527.0 984.0 0.0679557600003 10732.04424 
885.0 931.0 0.0189800000005 10781.02 
741.0 835.0 0.0289476 10771.0524 
490.0 128.0 0.105892080002 10694.10792 
143.0 506.0 0.273184680001 10526.81532 
568.0 448.0 0.297482800004 10502.5172 
349.0 597.0 0.968425600013 9831.57439999 
551.0 434.0 1.31447404 9485.52596 
272.0 890.0 0.373992800001 10426.0072 
621.0 403.0 0.159830400003 10640.1696 
214.0 710.0 0.230320480006 10569.67952 
614.0 395.0 0.614984000005 10185.016 
645.0 984.0 0.0330948000005 10766.9052 
684.0 522.0 0.331345200002 10468.6548 
508.0 814.0 0.0687682000016 10731.2318 
90.0 415.0 0.109695720003 10690.30428 
399.0 147.0 0.134736000002 10665.264 
515.0 387.0 0.136122800002 10663.8772 
556.0 177.0 0.176167520001 10623.83248 
379.0 139.0 0.0479564800008 10752.04352 
243.0 169.0 0.0900589200009 10709.94108 
520.0 305.0 0.0190000000005 10781.0 
694.0 235.0 0.0472490000004 10752.751 
516.0 75.0 0.0455988000002 10754.4012 
106.0 697.0 0.0870720000002 10712.928 
233.0 808.0 0.117660320002 10682.33968 
400.0 754.0 0.247337200003 10552.6628 
846.0 729.0 0.0126200000003 10787.38 
335.0 485.0 0.746092760019 10053.90724 
460.0 236.0 0.730445240005 10069.55476 
774.0 376.0 0.134645600002 10665.3544 
794.0 349.0 0.354328280003 10445.67172 
351.0 444.0 0.864564800022 9935.43519998 
22.0 823.0 0.0825740399999 10717.42596 
233.0 444.0 0.968240000015 9831.75999998 
249.0 722.0 0.592464000007 10207.536 
404.0 832.0 0.150876000002 10649.124 
289.0 7.0 0.0406767200006 10759.32328 
865.0 365.0 0.0953382800006 10704.66172 
677.0 627.0 0.135252400003 10664.7476 
373.0 175.0 0.0188800000005 10781.12 
677.0 269.0 0.140703800001 10659.2962 
687.0 912.0 0.0406767200006 10759.32328 
109.0 278.0 0.112237600001 10687.7624 
348.0 938.0 0.175424400002 10624.5756 
419.0 262.0 0.283452000005 10516.548 
214.0 234.0 0.153193440003 10646.80656 
421.0 661.0 1.14527000001 9654.72999999 
556.0 541.0 0.411275920007 10388.72408 
373.0 708.0 0.707928720005 10092.07128 
602.0 891.0 0.0127400000004 10787.26 
466.0 638.0 0.954464800008 9845.53519999 
201.0 230.0 0.164935360003 10635.06464 
282.0 782.0 0.164326160003 10635.67384 
203.0 318.0 0.228410640004 10571.58936 
774.0 329.0 0.0732811200012 10726.71888 
887.0 961.0 0.0292856000004 10770.7144 
242.0 785.0 0.695307680005 10104.69232 
640.0 360.0 0.113159920003 10686.84008 
227.0 350.0 0.539395800008 10260.6042 
926.0 588.0 0.0106259999999 10789.374 
853.0 706.0 0.00666000000018 10793.34 
888.0 708.0 0.0289902799999 10771.00972 
403.0 484.0 0.72840128001 7071.59871999 
205.0 377.0 0.246207040005 10553.79296 
713.0 434.0 0.050834720001 10749.16528 
35.0 616.0 0.0406767200006 10759.32328 
938.0 840.0 0.00578000000016 10794.22 
297.0 915.0 0.157970000001 10642.03 
988.0 862.0 0.0402750399997 10759.72496 
193.0 884.0 0.311733600002 10488.2664 
659.0 676.0 0.155896000002 10644.104 
211.0 327.0 0.309425560007 10490.57444 
443.0 241.0 0.0998762400024 10700.12376 
424.0 704.0 0.302632000006 10497.368 
694.0 223.0 0.0578066000007 10742.1934 
471.0 705.0 0.429648400004 10370.3516 
496.0 490.0 0.786165120016 10013.83488 
142.0 48.0 0.0406767200006 10759.32328 
129.0 401.0 0.496147680001 10303.85232 
721.0 357.0 0.532896400003 10267.1036 
241.0 286.0 0.296669000006 10503.331 
685.0 318.0 0.395884800003 10404.1152 
933.0 967.0 0.121376000001 10678.624 
516.0 769.0 0.293535440001 10506.46456 
850.0 728.0 0.0128226400001 10787.17736 
794.0 302.0 0.0640417600008 10735.95824 
288.0 685.0 0.265205000007 10534.795 
95.0 801.0 0.0129600000004 10787.04 
124.0 859.0 0.0939762400006 10706.02376 
270.0 936.0 0.101158240001 10698.84176 
857.0 374.0 0.092765600001 10707.2344 
984.0 957.0 0.0566855600002 10743.31444 
631.0 370.0 0.176491840004 10623.50816 
469.0 167.0 0.553667760004 10246.33224 
765.0 410.0 0.214072080002 10585.92792 
514.0 237.0 0.264220000001 10535.78 
286.0 378.0 0.47719760001 9322.80239999 
473.0 94.0 0.211960800002 10588.0392 
436.0 530.0 0.84251488003 7957.48511997 
685.0 349.0 0.176851520003 10623.14848 
