500.0 500.0
595.0 614.0 0.44549600001 10354.504 
709.0 598.0 0.157164400002 10642.8356 
678.0 527.0 0.487648720007 10312.35128 
724.0 442.0 0.522623600004 10277.3764 
726.0 388.0 0.118945000003 10681.055 
695.0 371.0 0.187267400003 10612.7326 
744.0 430.0 0.329025040007 10470.97496 
404.0 566.0 0.289550480007 10510.44952 
777.0 483.0 0.250890000005 10549.11 
620.0 416.0 0.272284000006 10527.716 
370.0 647.0 0.686206080004 10113.79392 
820.0 593.0 0.200740640001 10599.25936 
841.0 448.0 0.455188400003 10344.8116 
367.0 738.0 0.0961830400009 10703.81696 
494.0 681.0 0.209984720005 10590.01528 
619.0 372.0 0.255701280004 10544.29872 
610.0 466.0 0.210000000006 10590.0 
306.0 681.0 0.500037920001 10299.96208 
860.0 650.0 0.108254720001 10691.74528 
586.0 557.0 0.584343200016 10215.6568 
665.0 686.0 0.21863600001 9581.36399999 
907.0 369.0 0.0593653600014 10740.63464 
457.0 651.0 0.487645600008 10312.3544 
777.0 313.0 0.0296600000008 10770.34 
313.0 573.0 0.130688000003 10669.312 
777.0 281.0 0.0421118400008 10757.88816 
186.0 487.0 0.338137600003 10461.8624 
294.0 376.0 0.157567680003 10642.43232 
826.0 415.0 0.0680000000019 10732.0 
715.0 731.0 0.605375000002 10194.625 
848.0 375.0 0.195226080001 10604.77392 
203.0 577.0 0.114044240001 10685.95576 
713.0 372.0 0.121506000003 10678.494 
771.0 236.0 0.169729 10630.271 
794.0 231.0 0.0253868000004 10774.6132 
586.0 394.0 0.726595200007 10073.4048 
216.0 505.0 0.315068640004 10484.93136 
633.0 628.0 0.389319440008 10410.68056 
953.0 264.0 0.101139640001 10698.86036 
394.0 588.0 0.276917920004 10523.08208 
984.0 580.0 0.099332840001 10700.66716 
410.0 538.0 0.313213000008 10486.787 
954.0 349.0 0.102786200001 10697.2138 
609.0 441.0 0.408820920009 10391.17908 
539.0 679.0 0.428466800005 10371.5332 
812.0 640.0 0.232144000002 10567.856 
598.0 579.0 0.581946560012 10218.05344 
677.0 728.0 0.262489280005 10537.51072 
671.0 458.0 1.07480400001 9725.19599999 
208.0 348.0 0.120239600002 10679.7604 
291.0 218.0 0.0867931600011 10713.20684 
888.0 306.0 0.313801480001 10486.19852 
651.0 767.0 0.195203360003 10604.79664 
838.0 750.0 0.0938812800006 10706.11872 
743.0 888.0 0.0406767200006 10759.32328 
902.0 159.0 0.0406767200006 10759.32328 
561.0 582.0 1.14304160002 9656.95839998 
604.0 777.0 0.0739095200004 10726.09048 
625.0 723.0 0.460737600006 10339.2624 
558.0 541.0 0.4943356 8305.6644 
639.0 656.0 0.48462000001 10315.38 
321.0 552.0 0.35506268001 9444.93731999 
475.0 662.0 0.709714000007 10090.286 
634.0 472.0 0.233943360005 10566.05664 
170.0 413.0 0.0692363200009 10730.76368 
62.0 639.0 0.100543280001 10699.45672 
616.0 866.0 0.0240800000007 10775.92 
915.0 564.0 0.036400000001 10763.6 
805.0 728.0 0.076296880001 10723.70312 
104.0 582.0 0.18040204 10619.59796 
679.0 703.0 0.210579240004 10589.42076 
748.0 392.0 0.144933000003 10655.067 
711.0 643.0 0.192881480003 10607.11852 
786.0 515.0 0.333987200004 10466.0128 
429.0 710.0 0.237304800003 10562.6952 
848.0 473.0 0.136726240002 10663.27376 
415.0 517.0 0.313720000009 10486.28 
875.0 920.0 0.0126400000003 10787.36 
723.0 781.0 0.219073000002 10580.927 
68.0 427.0 0.0749772800006 10725.02272 
314.0 278.0 0.2665052 10533.4948 
770.0 439.0 0.313695000003 10486.305 
998.0 573.0 0.104009200001 10695.9908 
611.0 458.0 0.330087400005 10469.9126 
378.0 375.0 0.0199400000005 10780.06 
477.0 264.0 0.036240000001 10763.76 
725.0 700.0 0.159910400003 10640.0896 
253.0 289.0 0.102325280001 10697.67472 
491.0 601.0 0.282477600008 10517.5224 
885.0 384.0 0.333307040003 10466.69296 
89.0 694.0 0.0482760000003 10751.724 
242.0 681.0 0.347567360002 10452.43264 
439.0 675.0 0.341643840007 10458.35616 
997.0 738.0 0.0425078000006 10757.4922 
250.0 551.0 1.04819144001 9751.80855999 
213.0 580.0 0.166891600004 10633.1084 
439.0 599.0 0.532928600008 10267.0714 
973.0 771.0 0.12584 10674.16 
276.0 477.0 0.247785320004 10552.21468 
823.0 706.0 0.117122800002 10682.8772 
530.0 441.0 0.12691356 10673.08644 
596.0 180.0 0.0388404000002 10761.1596 
523.0 778.0 0.0406767200006 10759.32328 
724.0 505.0 0.350516320006 10449.48368 
44.0 783.0 0.0291966399997 10770.80336 
337.0 530.0 0.421159960007 10378.84004 
260.0 290.0 0.309202000002 10490.798 
78.0 809.0 0.00626000000017 10793.74 
311.0 67.0 0.0406767200006 10759.32328 
172.0 549.0 0.395180800005 10404.8192 
672.0 110.0 0.0806574800003 10719.34252 
515.0 834.0 0.0875207200004 10712.47928 
686.0 990.0 0.0854736000006 10714.5264 
497.0 583.0 0.324640000009 10475.36 
770.0 234.0 0.195442400001 10604.5576 
450.0 577.0 0.866124600003 9933.8754 
626.0 606.0 0.42282832001 10377.17168 
968.0 644.0 0.0732132000006 10726.7868 
1.0 466.0 0.0406767200006 10759.32328 
925.0 752.0 0.0180000000005 10782.0 
985.0 992.0 0.0406767200006 10759.32328 
394.0 872.0 0.0406767200006 10759.32328 
164.0 943.0 0.0406767200006 10759.32328 
290.0 441.0 0.925553360008 9874.44663999 
703.0 180.0 0.00634000000017 10793.66 
313.0 359.0 0.218222280001 10581.77772 
667.0 840.0 0.0895676000002 10710.4324 
616.0 980.0 0.0303896000008 10769.6104 
217.0 229.0 0.110322800001 10689.6772 
872.0 998.0 0.0820169200003 10717.98308 
797.0 518.0 0.128075760002 10671.92424 
235.0 765.0 0.0843700000009 10715.63 
882.0 475.0 0.0794076000015 10720.5924 
493.0 204.0 0.148826400001 10651.1736 
676.0 459.0 0.372758400009 10427.2416 
486.0 242.0 0.0492920000008 10750.708 
215.0 442.0 0.253818320003 10546.18168 
707.0 370.0 0.113367200003 10686.6328 
446.0 667.0 0.705708520007 10094.29148 
517.0 162.0 0.0585928000009 10741.4072 
928.0 131.0 0.0406767200006 10759.32328 
714.0 524.0 0.588721800005 10211.2782 
501.0 665.0 0.153624480003 10646.37552 
557.0 190.0 0.158086720002 10641.91328 
749.0 558.0 0.347354480003 10452.64552 
776.0 693.0 0.501854400002 10298.1456 
237.0 547.0 0.181322800005 10618.6772 
647.0 909.0 0.177569600001 10622.4304 
581.0 281.0 0.0187600000005 10781.24 
403.0 170.0 0.0651068800004 10734.89312 
850.0 475.0 0.144550400002 10655.4496 
937.0 381.0 0.0723264000009 10727.6736 
986.0 538.0 0.0964798400009 10703.52016 
403.0 648.0 0.371225800009 10428.7742 
657.0 625.0 0.467133840011 10332.86616 
825.0 683.0 0.0915141600009 10708.48584 
936.0 888.0 0.0413391200003 10758.66088 
303.0 327.0 0.144328320003 10655.67168 
930.0 595.0 0.0657853600011 10734.21464 
216.0 68.0 0.0406767200006 10759.32328 
313.0 229.0 0.0616134400007 10738.38656 
138.0 506.0 0.152537800002 10647.4622 
128.0 451.0 0.1647016 10635.2984 
633.0 577.0 0.404392200007 10395.6078 
197.0 914.0 0.0406767200006 10759.32328 
351.0 481.0 1.04122416 8758.77584 
121.0 38.0 0.0406767200006 10759.32328 
976.0 839.0 0.0820598400003 10717.94016 
226.0 546.0 0.161240080004 10638.75992 
593.0 657.0 0.575440760001 10224.55924 
103.0 139.0 0.0120800000003 10787.92 
799.0 181.0 0.0689106800008 10731.08932 
450.0 210.0 0.135925800001 10664.0742 
510.0 78.0 0.00628000000017 10793.72 
31.0 165.0 0.0274682000005 10772.5318 
279.0 365.0 0.509097520004 10290.90248 
342.0 637.0 0.136029400002 10663.9706 
194.0 250.0 0.110617920001 10689.38208 
933.0 841.0 0.0191000000005 10780.9 
200.0 710.0 0.204449000001 10595.551 
569.0 730.0 0.143224920001 10656.77508 
446.0 805.0 0.127324800001 10672.6752 
434.0 745.0 0.148544400002 10651.4556 
921.0 574.0 0.0401240000005 10759.876 
390.0 291.0 0.0307000000009 10769.3 
130.0 681.0 0.193235360001 10606.76464 
618.0 976.0 0.247805600002 10552.1944 
456.0 706.0 0.282990000005 10517.01 
43.0 994.0 0.0406767200006 10759.32328 
592.0 623.0 1.14163584 9658.36416 
958.0 856.0 0.0238080000002 10776.192 
281.0 389.0 0.172676800004 10627.3232 
694.0 389.0 0.519507600003 10280.4924 
777.0 783.0 0.0628464000006 10737.1536 
452.0 264.0 0.152074920001 10647.92508 
579.0 250.0 0.0675068000004 10732.4932 
631.0 404.0 0.44461456001 10355.38544 
537.0 75.0 0.0155492800001 10784.45072 
407.0 967.0 0.0406767200006 10759.32328 
55.0 178.0 0.110672 10689.328 
