500.0 500.0
383.0 578.0 0.482082000001 10317.918 
427.0 491.0 0.0103104 9789.6896 
436.0 696.0 0.363115280009 10436.88472 
376.0 668.0 0.344901600007 10455.0984 
374.0 759.0 0.347086000005 10452.914 
373.0 393.0 0.15537300001 9644.62699999 
407.0 360.0 0.620496000011 10179.504 
610.0 393.0 0.266876160004 10533.12384 
381.0 271.0 0.082116200001 10717.8838 
430.0 389.0 0.92624600001 8873.75399999 
312.0 380.0 0.11277520001 9687.22479999 
465.0 628.0 0.405155680008 10394.84432 
512.0 763.0 0.191025440004 10608.97456 
595.0 265.0 0.481904000001 10318.096 
359.0 631.0 0.0432000000004 10756.8 
517.0 652.0 0.238951000004 10561.049 
367.0 625.0 0.0416400000012 10758.36 
346.0 735.0 0.136188080001 10663.81192 
456.0 604.0 0.218900000006 10581.1 
376.0 706.0 0.297216160006 10502.78384 
658.0 185.0 0.0725332400006 10727.46676 
335.0 181.0 0.125690000001 10674.31 
320.0 638.0 0.143331040001 10656.66896 
444.0 787.0 0.460912000006 10339.088 
326.0 544.0 0.574202200003 10225.7978 
437.0 738.0 0.531905800004 10268.0942 
300.0 251.0 0.619835800005 10180.1642 
310.0 456.0 0.130740000004 10669.26 
599.0 624.0 0.306304160004 10493.69584 
203.0 691.0 0.0383800000003 10761.62 
266.0 428.0 0.165120800004 10634.8792 
616.0 683.0 0.103732800001 10696.2672 
273.0 740.0 0.00796960000017 10792.0304 
355.0 832.0 0.238498000003 10561.502 
550.0 510.0 0.692680000002 10107.32 
641.0 240.0 0.0677070400009 10732.29296 
375.0 719.0 0.388802200009 10411.1978 
589.0 461.0 0.116660000002 10683.34 
208.0 516.0 0.331575000003 10468.425 
363.0 97.0 0.2197552 10580.2448 
228.0 234.0 0.138556560002 10661.44344 
483.0 358.0 0.464759440004 10335.24056 
702.0 627.0 0.126376 10673.624 
362.0 35.0 0.0736408000006 10726.3592 
515.0 294.0 0.301390400002 10498.6096 
298.0 217.0 0.0845240000016 10715.476 
345.0 167.0 0.126582800001 10673.4172 
390.0 882.0 0.111751280002 10688.24872 
139.0 496.0 0.317063600002 10482.9364 
400.0 527.0 0.431882000005 10368.118 
482.0 376.0 0.19552656001 9704.47343999 
473.0 671.0 0.718595200007 10081.4048 
498.0 239.0 0.0920615200014 10707.93848 
751.0 684.0 0.0908160000003 10709.184 
463.0 949.0 0.0737497600008 10726.25024 
647.0 600.0 0.296850560003 10503.14944 
439.0 333.0 0.428241840008 10371.75816 
469.0 805.0 0.261354120005 10538.64588 
254.0 930.0 0.0495500000006 10750.45 
209.0 674.0 0.0351980000008 10764.802 
620.0 690.0 0.247755920002 10552.24408 
266.0 443.0 0.155663200003 10644.3368 
504.0 211.0 0.066503840001 10733.49616 
416.0 927.0 0.119618200001 10680.3818 
16.0 437.0 0.0726768000003 10727.3232 
231.0 799.0 0.480810000001 10319.19 
499.0 441.0 0.74093464001 9059.06535999 
360.0 906.0 0.103452960001 10696.54704 
408.0 733.0 0.433376000011 10366.624 
761.0 527.0 0.0726768000003 10727.3232 
466.0 118.0 0.169572600001 10630.4274 
393.0 297.0 0.127874000002 10672.126 
127.0 403.0 0.0325000000009 10767.5 
578.0 487.0 0.138149240001 10661.85076 
68.0 670.0 0.0726768000003 10727.3232 
426.0 259.0 0.120367000001 10679.633 
357.0 659.0 0.0764377600013 10723.56224 
886.0 743.0 0.0726768000003 10727.3232 
729.0 268.0 0.0726768000003 10727.3232 
119.0 258.0 0.0933765600005 10706.62344 
184.0 284.0 0.249504800002 10550.4952 
716.0 314.0 0.00630000000017 10793.7 
430.0 764.0 0.244554200006 10555.4458 
862.0 502.0 0.0214638000002 10778.5362 
688.0 387.0 0.0937736000006 10706.2264 
584.0 573.0 0.787930000005 10012.07 
86.0 505.0 0.0847970400002 10715.20296 
559.0 320.0 0.409899400004 10390.1006 
327.0 177.0 0.150605600002 10649.3944 
286.0 484.0 0.176484000003 10623.516 
715.0 40.0 0.0726768000003 10727.3232 
798.0 603.0 0.0630246000002 10736.9754 
309.0 234.0 0.0843900000013 10715.61 
851.0 480.0 0.0132600000004 10786.74 
428.0 845.0 0.359826400004 10440.1736 
706.0 463.0 0.00614000000017 10793.86 
511.0 794.0 0.120969040002 10679.03096 
262.0 549.0 0.428342960003 10371.65704 
708.0 278.0 0.029916 10770.084 
621.0 283.0 0.239404640003 10560.59536 
207.0 664.0 0.0156779600001 10784.32204 
434.0 265.0 0.0992280000009 10700.772 
549.0 229.0 0.257920320001 10542.07968 
845.0 391.0 0.0726768000003 10727.3232 
873.0 248.0 0.102001000001 10697.999 
510.0 223.0 0.125855760001 10674.14424 
989.0 446.0 0.0726768000003 10727.3232 
784.0 425.0 0.0726768000003 10727.3232 
555.0 358.0 0.219104400006 10580.8956 
622.0 572.0 0.0816654000006 10718.3346 
491.0 329.0 0.161459600004 10638.5404 
279.0 900.0 0.213794 10586.206 
886.0 284.0 0.0958260000001 10704.174 
94.0 342.0 0.0976112000008 10702.3888 
273.0 317.0 0.786400000007 10013.6 
524.0 788.0 0.0684310400002 10731.56896 
401.0 283.0 0.147464600002 10652.5354 
550.0 488.0 0.388646720009 10411.35328 
756.0 841.0 0.0726768000003 10727.3232 
475.0 642.0 0.143120600003 10656.8794 
720.0 138.0 0.0128800000004 10787.12 
489.0 46.0 0.0581396000001 10741.8604 
607.0 341.0 0.305783200004 10494.2168 
100.0 954.0 0.0726768000003 10727.3232 
283.0 842.0 0.118952680002 10681.04732 
931.0 168.0 0.0726768000003 10727.3232 
538.0 747.0 0.218860320002 10581.13968 
285.0 102.0 0.00594000000017 10794.06 
145.0 763.0 0.0726768000003 10727.3232 
897.0 58.0 0.0726768000003 10727.3232 
269.0 835.0 0.218063200002 10581.9368 
477.0 893.0 0.259812600001 10540.1874 
32.0 194.0 0.0726768000003 10727.3232 
510.0 531.0 0.126333480003 10673.66652 
525.0 336.0 0.264071160006 10535.92884 
381.0 332.0 0.485480520009 10314.51948 
536.0 900.0 0.0718948000007 10728.1052 
878.0 649.0 0.0183800000005 10781.62 
870.0 250.0 0.0773340800011 10722.66592 
558.0 487.0 0.353590920008 10446.40908 
483.0 443.0 0.72465512001 9075.34487999 
907.0 511.0 0.0663571200004 10733.64288 
138.0 558.0 0.135510400001 10664.4896 
71.0 371.0 0.153248000001 10646.752 
221.0 665.0 0.0321200000009 10767.88 
195.0 351.0 0.493659200002 10306.3408 
594.0 184.0 0.158194000002 10641.806 
881.0 656.0 0.0190876000004 10780.9124 
599.0 458.0 0.372570200005 10427.4298 
853.0 303.0 0.0248000000007 10775.2 
148.0 669.0 0.0907752000006 10709.2248 
126.0 314.0 0.165722000002 10634.278 
841.0 947.0 0.183844720001 10616.15528 
412.0 145.0 0.0442400000012 10755.76 
466.0 727.0 0.546203600007 10253.7964 
951.0 265.0 0.156262480001 10643.73752 
266.0 319.0 0.787034680005 10012.96532 
188.0 307.0 0.185165440003 10614.83456 
678.0 66.0 0.0972884800006 10702.71152 
743.0 620.0 0.0341200000003 10765.88 
501.0 99.0 0.0779403200009 10722.05968 
976.0 296.0 0.0371216800004 10762.87832 
822.0 145.0 0.0638556800001 10736.14432 
571.0 753.0 0.208900400001 10591.0996 
736.0 584.0 0.0120600000003 10787.94 
945.0 612.0 0.0898476000004 10710.1524 
578.0 373.0 0.666959720005 10133.04028 
120.0 245.0 0.101880160001 10698.11984 
660.0 971.0 0.0726768000003 10727.3232 
284.0 596.0 0.0908472000016 10709.1528 
449.0 287.0 0.196366440003 10603.63356 
269.0 963.0 0.0801190400007 10719.88096 
606.0 517.0 0.299656800006 10500.3432 
98.0 486.0 0.0508982800006 10749.10172 
249.0 483.0 0.150570000003 10649.43 
823.0 227.0 0.0259000000007 10774.1 
784.0 964.0 0.319226160001 10480.77384 
152.0 675.0 0.0895563200004 10710.44368 
881.0 286.0 0.0308800000009 10769.12 
917.0 640.0 0.0381807200005 10761.81928 
952.0 859.0 0.0726768000003 10727.3232 
717.0 929.0 0.0242200000007 10775.78 
430.0 858.0 0.274194600003 10525.8054 
448.0 693.0 0.3142112 9485.7888 
313.0 443.0 0.322720000007 10477.28 
35.0 381.0 0.0383822400003 10761.61776 
520.0 410.0 0.791552800016 10008.4472 
70.0 358.0 0.102267760001 10697.73224 
353.0 419.0 0.260699840006 10539.30016 
159.0 61.0 0.0726768000003 10727.3232 
871.0 927.0 0.0476000000007 10752.4 
364.0 122.0 0.068622280001 10731.37772 
561.0 399.0 0.683876800008 10116.1232 
294.0 70.0 0.0898812000008 10710.1188 
856.0 191.0 0.0953932000008 10704.6068 
918.0 962.0 0.10430184 10695.69816 
122.0 403.0 0.0328110000009 10767.189 
285.0 746.0 0.0420600000012 10757.94 
436.0 390.0 0.59169752001 10208.30248 
721.0 129.0 0.0216723199999 10778.32768 
