500.0 500.0
613.0 441.0 0.0491000000014 10750.9 
564.0 292.0 0.907134000024 9892.86599998 
580.0 159.0 1.62393204001 9176.06795999 
552.0 8.0 0.168708920002 10631.29108 
419.0 245.0 0.526148720006 10273.85128 
508.0 101.0 0.237635000005 10562.365 
454.0 39.0 0.110675200001 10689.3248 
451.0 397.0 0.546000000015 10254.0 
690.0 155.0 0.331676000009 10468.324 
662.0 316.0 0.222986240001 10577.01376 
368.0 16.0 0.120267400001 10679.7326 
492.0 253.0 1.34490680003 9455.09319997 
504.0 384.0 4.33757600001 6462.42399999 
666.0 0.0 0.0853772000007 10714.6228 
784.0 239.0 0.451992800005 10348.0072 
670.0 135.0 0.419768000007 10380.232 
409.0 24.0 0.135922560002 10664.07744 
394.0 283.0 0.0 10800.0 
836.0 136.0 0.727213600005 10072.7864 
539.0 492.0 0.0239357999999 10776.0642 
831.0 127.0 0.106378080003 10693.62192 
627.0 228.0 1.42384176001 9376.15823999 
556.0 83.0 0.675614080008 10124.38592 
529.0 317.0 1.41696528003 9383.03471997 
572.0 103.0 0.306868000007 10493.132 
601.0 63.0 0.168539200004 10631.4608 
462.0 173.0 1.00850912001 9791.49087999 
315.0 295.0 0.0 10800.0 
676.0 19.0 0.157995760001 10642.00424 
724.0 84.0 0.173693520003 10626.30648 
542.0 72.0 0.266989120006 10533.01088 
716.0 323.0 0.0646270000006 10735.373 
503.0 24.0 0.203207280003 10596.79272 
566.0 41.0 0.200624800004 10599.3752 
553.0 267.0 0.511911440014 10288.08856 
874.0 27.0 0.0729039600008 10727.09604 
586.0 104.0 0.315206360004 10484.79364 
595.0 366.0 0.276758720002 10523.24128 
525.0 21.0 0.171122000003 10628.878 
489.0 46.0 0.147235520003 10652.76448 
843.0 112.0 0.294302400004 10505.6976 
425.0 36.0 0.134286400002 10665.7136 
665.0 145.0 0.401722600008 10398.2774 
634.0 157.0 0.57707760001 10222.9224 
522.0 217.0 0.571910800014 10228.0892 
353.0 104.0 0.336172360003 10463.82764 
306.0 148.0 0.0 10800.0 
551.0 275.0 0.666272640017 10133.72736 
864.0 258.0 0.1412496 10658.7504 
424.0 97.0 0.399892640005 10400.10736 
933.0 154.0 0.0308158000003 10769.1842 
731.0 117.0 0.188969600003 10611.0304 
695.0 119.0 0.221754000004 10578.246 
305.0 416.0 0.0 10800.0 
616.0 202.0 1.30997776002 9490.02223998 
307.0 562.0 0.0 10800.0 
560.0 103.0 0.429304160007 10370.69584 
886.0 244.0 0.0343168000009 10765.6832 
695.0 83.0 0.394507600005 10405.4924 
430.0 142.0 0.301493400006 10498.5066 
680.0 194.0 0.56924400001 10230.756 
621.0 71.0 0.220400000004 10579.6 
874.0 80.0 0.214940720003 10585.05928 
698.0 153.0 0.263444960006 10536.55504 
514.0 134.0 0.629192800009 10170.8072 
737.0 138.0 0.547167600008 10252.8324 
656.0 110.0 0.344120960004 10455.87904 
608.0 76.0 0.204369600003 10595.6304 
860.0 86.0 0.111180600002 10688.8194 
409.0 170.0 0.535550000006 10264.45 
838.0 209.0 0.243740240004 10556.25976 
633.0 513.0 0.0761716800002 10723.82832 
521.0 124.0 0.297935600006 10502.0644 
383.0 78.0 0.254194200005 10545.8058 
783.0 23.0 0.123569320001 10676.43068 
365.0 40.0 0.146444800002 10653.5552 
737.0 88.0 0.123380000002 10676.62 
844.0 143.0 0.129312600004 10670.6874 
847.0 6.0 0.127763160001 10672.23684 
532.0 134.0 0.391686560006 10408.31344 
566.0 300.0 0.984543160024 9815.45683998 
197.0 492.0 0.0 10800.0 
820.0 22.0 0.0786201600009 10721.37984 
486.0 115.0 0.44661120001 10353.3888 
782.0 50.0 0.0318800000009 10768.12 
735.0 254.0 0.147660000004 10652.34 
321.0 394.0 0.0 10800.0 
605.0 201.0 0.39294208001 10407.05792 
407.0 115.0 0.765206520006 10034.79348 
424.0 73.0 0.255679000003 10544.321 
488.0 222.0 2.21250112002 8587.49887998 
517.0 293.0 6.22594240003 4574.05759997 
572.0 248.0 1.87476200002 8925.23799998 
240.0 252.0 0.0 10800.0 
584.0 7.0 0.151194920002 10648.80508 
799.0 200.0 0.398365360006 10401.63464 
538.0 115.0 0.317636000006 10482.364 
852.0 42.0 0.123745920002 10676.25408 
999.0 4.0 0.0 10800.0 
425.0 110.0 0.379951440007 10420.04856 
540.0 0.0 0.148051200002 10651.9488 
335.0 55.0 0.105039000002 10694.961 
672.0 154.0 0.97482800001 9825.17199999 
810.0 298.0 0.0742000000021 10725.8 
456.0 49.0 0.144168160002 10655.83184 
520.0 44.0 0.199437800004 10600.5622 
552.0 76.0 0.289824320006 10510.17568 
564.0 230.0 3.97283520004 6827.16479996 
431.0 149.0 0.301784600007 10498.2154 
663.0 385.0 0.333382400002 10466.6176 
740.0 1.0 0.0873288000005 10712.6712 
567.0 241.0 1.51674896003 9283.25103997 
644.0 59.0 0.160017200002 10639.9828 
508.0 196.0 0.86007336001 9939.92663999 
532.0 20.0 0.141636400002 10658.3636 
330.0 42.0 0.116468680001 10683.53132 
318.0 94.0 0.0764300000015 10723.57 
716.0 172.0 0.355521200006 10444.4788 
787.0 168.0 0.394520920005 10405.47908 
759.0 200.0 0.386447160006 10413.55284 
706.0 303.0 0.0548158000006 10745.1842 
694.0 203.0 1.34598728001 9454.01271999 
904.0 142.0 0.247025600003 10552.9744 
560.0 60.0 0.297224800006 10502.7752 
503.0 361.0 2.19095600002 8609.04399998 
