500.0 500.0
448.0 406.0 0.598991720013 10201.00828 
420.0 317.0 0.620821440015 10179.17856 
545.0 282.0 0.547654400009 10252.3456 
545.0 347.0 1.29576588002 9504.23411998 
443.0 349.0 0.729791440019 10070.20856 
457.0 182.0 0.232748800004 10567.2512 
643.0 208.0 0.211114800001 10588.8852 
771.0 186.0 0.137355200001 10662.6448 
489.0 310.0 0.764581120018 10035.41888 
890.0 250.0 0.0513860000008 10748.614 
423.0 305.0 0.41548576001 10384.51424 
408.0 271.0 0.575249200006 10224.7508 
564.0 372.0 1.43023200001 9369.76799999 
425.0 373.0 0.701174720015 10098.82528 
370.0 258.0 0.265238800005 10534.7612 
530.0 306.0 0.620973760013 10179.02624 
600.0 356.0 0.314081920008 10485.91808 
522.0 265.0 0.75471880001 10045.2812 
539.0 301.0 0.917411120014 9882.58887999 
462.0 181.0 0.258417760005 10541.58224 
454.0 219.0 0.193104320004 10606.89568 
411.0 202.0 0.283946800005 10516.0532 
461.0 234.0 0.550145920007 10249.85408 
471.0 372.0 1.17158348001 9628.41651999 
500.0 449.0 3.00644808002 7793.55191998 
572.0 268.0 0.267849360006 10532.15064 
857.0 274.0 0.1846264 10615.3736 
526.0 447.0 0.923657000024 9876.34299998 
590.0 422.0 2.91435124001 7885.64875999 
610.0 279.0 0.388089000004 10411.911 
512.0 520.0 0.414975040011 10385.02496 
326.0 364.0 0.149135040002 10650.86496 
417.0 319.0 1.07681600001 9723.18399999 
634.0 307.0 0.223928800004 10576.0712 
292.0 329.0 0.162375600002 10637.6244 
633.0 177.0 0.0658340000011 10734.166 
558.0 164.0 0.150769600001 10649.2304 
359.0 221.0 0.249392720003 10550.60728 
525.0 305.0 0.653662400016 10146.3376 
299.0 383.0 0.151203000002 10648.797 
921.0 222.0 0.0866221600004 10713.37784 
515.0 75.0 0.0280058400004 10771.99416 
676.0 447.0 0.141828160001 10658.17184 
785.0 248.0 0.0429600000012 10757.04 
303.0 348.0 0.141448000003 10658.552 
481.0 350.0 0.715528400019 10084.4716 
320.0 305.0 0.125722640003 10674.27736 
367.0 181.0 0.159025280002 10640.97472 
415.0 306.0 0.366305800009 10433.6942 
286.0 261.0 0.102680000001 10697.32 
260.0 428.0 0.0999600000009 10700.04 
490.0 247.0 0.391751200009 10408.2488 
453.0 162.0 0.172376480003 10627.62352 
865.0 385.0 0.0873486400003 10712.65136 
353.0 178.0 0.107395200002 10692.6048 
445.0 335.0 0.976479680017 9823.52031998 
295.0 432.0 0.0592088000006 10740.7912 
495.0 331.0 1.00954312002 9790.45687998 
431.0 213.0 0.302058480006 10497.94152 
722.0 414.0 0.0886220000011 10711.378 
391.0 251.0 0.340516000005 10459.484 
253.0 438.0 0.0 10800.0 
422.0 180.0 0.179833600004 10620.1664 
519.0 190.0 0.533006320006 10266.99368 
348.0 302.0 0.271966000004 10528.034 
473.0 260.0 0.895634000011 9904.36599999 
612.0 461.0 0.474532960007 10325.46704 
405.0 306.0 0.304603640007 10495.39636 
333.0 396.0 0.0794000000022 10720.6 
213.0 286.0 0.0950960000006 10704.904 
535.0 501.0 0.608455280016 10191.54472 
257.0 344.0 0.212238920003 10587.76108 
582.0 146.0 0.144664200002 10655.3358 
291.0 556.0 0.0207617600002 10779.23824 
682.0 358.0 0.394740560005 10405.25944 
804.0 476.0 0.0 10800.0 
743.0 253.0 0.0928918400006 10707.10816 
710.0 333.0 0.601516000003 10198.484 
801.0 224.0 0.111991800002 10688.0082 
537.0 326.0 0.569029400011 10230.9706 
606.0 264.0 0.169167840003 10630.83216 
371.0 286.0 0.177537400004 10622.4626 
783.0 59.0 0.0 10800.0 
706.0 235.0 0.0715166000015 10728.4834 
324.0 189.0 0.0567982000007 10743.2018 
426.0 187.0 0.165409520003 10634.59048 
463.0 339.0 0.507582320012 10292.41768 
510.0 283.0 0.777251520011 10022.74848 
634.0 345.0 0.831869120007 9968.13087999 
321.0 411.0 0.0593697200013 10740.63028 
454.0 219.0 0.223455760005 10576.54424 
536.0 361.0 0.709258400012 10090.7416 
771.0 282.0 0.168744640002 10631.25536 
617.0 370.0 0.698608600012 10101.3914 
699.0 364.0 0.180147040003 10619.85296 
411.0 295.0 0.357218400007 10442.7816 
390.0 305.0 0.285902360006 10514.09764 
525.0 275.0 0.383004800009 10416.9952 
540.0 254.0 0.303893560007 10496.10644 
739.0 338.0 0.221474200002 10578.5258 
464.0 219.0 0.306339200006 10493.6608 
327.0 556.0 0.00578000000016 10794.22 
454.0 404.0 3.09503776001 7704.96223999 
607.0 380.0 0.464263040012 10335.73696 
181.0 372.0 0.0720590000003 10727.941 
389.0 171.0 0.120908160002 10679.09184 
719.0 128.0 0.0978240000005 10702.176 
380.0 472.0 0.0 10800.0 
562.0 419.0 1.81849488002 8981.50511998 
790.0 368.0 0.119163840001 10680.83616 
705.0 263.0 0.324373000002 10475.627 
651.0 184.0 0.105246000001 10694.754 
321.0 285.0 0.184082640003 10615.91736 
526.0 99.0 0.178524440001 10621.47556 
384.0 276.0 0.214933360005 10585.06664 
431.0 354.0 0.706222480018 10093.77752 
528.0 229.0 0.319209000007 10480.791 
525.0 262.0 0.495792000012 10304.208 
539.0 248.0 0.42656992001 10373.43008 
518.0 294.0 0.385945600009 10414.0544 
846.0 211.0 0.176485600001 10623.5144 
153.0 454.0 0.0 10800.0 
520.0 459.0 1.53643648002 9263.56351998 
618.0 253.0 0.223837600002 10576.1624 
245.0 345.0 0.168341600002 10631.6584 
