500.0 500.0
620.0 564.0 1.57889400001 9221.10599999 
739.0 470.0 0.335293200007 10464.7068 
771.0 555.0 0.290252000006 10509.748 
556.0 441.0 1.31789336003 9482.10663997 
672.0 525.0 0.584217440012 10215.78256 
929.0 537.0 0.145589600002 10654.4104 
810.0 366.0 0.452733840007 10347.26616 
491.0 507.0 0.320659600009 10479.3404 
483.0 373.0 1.05577000001 9744.22999999 
667.0 401.0 0.287787600008 10512.2124 
955.0 432.0 0.0504048400013 10749.59516 
996.0 578.0 0.108938800001 10691.0612 
947.0 407.0 0.305052480001 10494.94752 
657.0 361.0 2.12734696001 8672.65303999 
844.0 356.0 0.332024480007 10467.97552 
587.0 300.0 0.0747200000006 10725.28 
625.0 487.0 0.839533360022 9960.46663998 
544.0 506.0 2.09232608001 8707.67391999 
844.0 323.0 0.200879240004 10599.12076 
886.0 546.0 0.457678400002 10342.3216 
725.0 327.0 0.42406560001 10375.9344 
663.0 658.0 0.194350400004 10605.6496 
528.0 438.0 4.21857504002 6581.42495998 
722.0 542.0 0.42849680001 10371.5032 
690.0 302.0 0.411452800007 10388.5472 
890.0 337.0 0.264911200003 10535.0888 
706.0 501.0 0.318626880008 10481.37312 
852.0 342.0 0.358186400005 10441.8136 
802.0 502.0 0.232963680004 10567.03632 
859.0 416.0 0.182701200004 10617.2988 
642.0 429.0 3.26236600002 7537.63399998 
958.0 548.0 0.150291680002 10649.70832 
437.0 231.0 0.0200654400005 10779.93456 
946.0 688.0 0.0497080000008 10750.292 
417.0 396.0 0.0798340000009 10720.166 
715.0 475.0 0.531849520006 10268.15048 
449.0 244.0 0.146284360001 10653.71564 
801.0 504.0 0.677820200003 10122.1798 
452.0 432.0 0.498791680012 10301.20832 
812.0 219.0 0.0902125200014 10709.78748 
848.0 258.0 0.0852628000013 10714.7372 
728.0 492.0 1.02856320001 9771.43679999 
604.0 637.0 0.940451960005 9859.54803999 
782.0 384.0 1.11973400001 9680.26599999 
581.0 456.0 2.91655000002 7883.44999998 
894.0 364.0 0.472558000003 10327.442 
868.0 447.0 0.143658720003 10656.34128 
751.0 670.0 0.821835120008 9978.16487999 
866.0 218.0 0.139925400001 10660.0746 
834.0 393.0 0.357667400006 10442.3326 
527.0 330.0 0.188888400002 10611.1116 
894.0 798.0 0.110865920001 10689.13408 
755.0 779.0 0.0459693600005 10754.03064 
983.0 437.0 0.0695825600012 10730.41744 
650.0 528.0 0.497180600009 10302.8194 
725.0 597.0 1.20488928 9595.11072 
461.0 368.0 0.157601200003 10642.3988 
817.0 409.0 0.320499360006 10479.50064 
731.0 479.0 0.322465280007 10477.53472 
809.0 422.0 0.212762400004 10587.2376 
580.0 415.0 0.606665760016 10193.33424 
795.0 643.0 0.273353200006 10526.6468 
601.0 506.0 2.19560416003 8604.39583997 
680.0 660.0 0.974516000002 9825.484 
919.0 525.0 0.0952872000009 10704.7128 
887.0 246.0 0.146060640002 10653.93936 
568.0 582.0 1.59907696001 9200.92303999 
927.0 691.0 0.149846280002 10650.15372 
869.0 637.0 0.288990880004 10511.00912 
810.0 241.0 0.129020400001 10670.9796 
866.0 758.0 0.168733000002 10631.267 
933.0 284.0 0.149552800002 10650.4472 
913.0 323.0 0.365915120001 10434.08488 
680.0 434.0 1.00907516002 9790.92483998 
509.0 281.0 0.180258000002 10619.742 
917.0 676.0 0.190706720002 10609.29328 
861.0 364.0 0.293673120006 10506.32688 
586.0 305.0 0.00626000000017 10793.74 
933.0 653.0 0.127402560002 10672.59744 
811.0 585.0 0.407277160003 10392.72284 
789.0 637.0 0.792836960004 10007.16304 
831.0 727.0 0.121535000002 10678.465 
695.0 557.0 1.14063416001 9659.36583999 
359.0 210.0 0.0 10800.0 
638.0 212.0 0.0 10800.0 
753.0 694.0 0.208159520004 10591.84048 
857.0 588.0 0.191440000002 10608.56 
756.0 563.0 0.588117880007 10211.88212 
997.0 285.0 0.134584120001 10665.41588 
998.0 441.0 0.0890268000011 10710.9732 
907.0 589.0 0.165904080002 10634.09592 
791.0 273.0 0.0488200000014 10751.18 
649.0 573.0 0.57696696001 10223.03304 
819.0 261.0 0.0535590400009 10746.44096 
505.0 334.0 0.224462600003 10575.5374 
767.0 422.0 0.713910320007 10086.08968 
849.0 419.0 0.643719200005 10156.2808 
688.0 291.0 0.0273800000005 10772.62 
879.0 636.0 0.176771200003 10623.2288 
867.0 773.0 0.146667040001 10653.33296 
972.0 343.0 0.131962480002 10668.03752 
712.0 801.0 0.00596000000017 10794.04 
985.0 221.0 0.0692392000002 10730.7608 
825.0 503.0 0.162288840001 10637.71116 
885.0 153.0 0.0754464000002 10724.5536 
458.0 443.0 0.576506200011 10223.4938 
895.0 838.0 0.0871523200003 10712.84768 
765.0 339.0 0.748235400007 10051.7646 
953.0 621.0 0.145476520002 10654.52348 
824.0 770.0 0.174649200002 10625.3508 
393.0 509.0 0.0 10800.0 
708.0 377.0 1.14597636001 9654.02363999 
488.0 323.0 0.071711200002 10728.2888 
989.0 581.0 0.105663520001 10694.33648 
958.0 299.0 0.143246080002 10656.75392 
702.0 538.0 0.334169600008 10465.8304 
780.0 871.0 0.0 10800.0 
668.0 514.0 0.432408040008 10367.59196 
852.0 675.0 0.392248320003 10407.75168 
613.0 464.0 0.40724304001 10392.75696 
452.0 145.0 0.0 10800.0 
835.0 634.0 0.258970000004 10541.03 
733.0 648.0 0.263143000005 10536.857 
648.0 884.0 0.0 10800.0 
801.0 712.0 0.565096800002 10234.9032 
