500.0 500.0
588.0 505.0 0.488536400011 10311.4636 
483.0 475.0 0.828544240017 9971.45575998 
634.0 617.0 0.124845760002 10675.15424 
636.0 586.0 0.170738320003 10629.26168 
515.0 586.0 0.618351200007 10181.6488 
609.0 521.0 0.347259520007 10452.74048 
523.0 375.0 0.157419040002 10642.58096 
467.0 691.0 0.125440480001 10674.55952 
377.0 490.0 0.261864800005 10538.1352 
476.0 617.0 0.231417760003 10568.58224 
519.0 467.0 0.727550000008 10072.45 
444.0 461.0 0.533638200013 10266.3618 
657.0 334.0 0.143819360002 10656.18064 
331.0 367.0 0.368852960004 10431.14704 
706.0 612.0 0.131095680001 10668.90432 
390.0 605.0 0.218223400002 10581.7766 
516.0 554.0 0.300980320007 10499.01968 
592.0 509.0 0.419738720008 10380.26128 
273.0 290.0 0.194826600001 10605.1734 
441.0 434.0 0.0721960000017 10727.804 
415.0 494.0 0.583509200012 10216.4908 
370.0 408.0 0.731641720006 10068.35828 
446.0 618.0 0.534428000004 10265.572 
300.0 287.0 0.0721960000017 10727.804 
463.0 503.0 0.555349120011 10244.65088 
461.0 545.0 0.383422000007 10416.578 
371.0 489.0 0.274003160006 10525.99684 
445.0 468.0 0.589734040013 10210.26596 
809.0 616.0 0.0721960000017 10727.804 
618.0 389.0 0.626955880002 10173.04412 
540.0 279.0 0.099531200001 10700.4688 
298.0 138.0 0.0721960000017 10727.804 
674.0 234.0 0.0751737200018 10724.82628 
617.0 545.0 0.348758400008 10451.2416 
463.0 631.0 0.184436800003 10615.5632 
671.0 364.0 0.108008000001 10691.992 
927.0 597.0 0.00586000000016 10794.14 
680.0 413.0 0.162080320002 10637.91968 
558.0 438.0 0.612604160006 10187.39584 
734.0 223.0 0.250196160001 10549.80384 
181.0 33.0 0.0721960000017 10727.804 
393.0 494.0 0.403776800009 10396.2232 
331.0 468.0 0.164559560002 10635.44044 
826.0 118.0 0.0691032800003 10730.89672 
688.0 259.0 0.25905792 10540.94208 
580.0 471.0 0.378548280009 10421.45172 
213.0 210.0 0.0558788000001 10744.1212 
547.0 513.0 0.951559520011 9848.44047999 
421.0 93.0 0.0721960000017 10727.804 
722.0 198.0 0.0830023600009 10716.99764 
212.0 262.0 0.1635306 10636.4694 
578.0 265.0 0.0502080000006 10749.792 
571.0 691.0 0.0507630000003 10749.237 
703.0 581.0 0.156778240002 10643.22176 
635.0 442.0 0.380203600003 10419.7964 
692.0 698.0 0.0721960000017 10727.804 
133.0 229.0 0.0721960000017 10727.804 
592.0 609.0 0.116997840002 10683.00216 
256.0 406.0 0.0721960000017 10727.804 
720.0 515.0 0.0766554000003 10723.3446 
435.0 528.0 0.603189400011 10196.8106 
519.0 550.0 0.383654960008 10416.34504 
710.0 385.0 0.0518774400005 10748.12256 
484.0 607.0 0.206125120004 10593.87488 
604.0 489.0 0.317993000008 10482.007 
311.0 600.0 0.112855840001 10687.14416 
275.0 12.0 0.0826184800001 10717.38152 
485.0 391.0 0.579148600002 10220.8514 
686.0 732.0 0.0721960000017 10727.804 
511.0 597.0 0.229395000004 10570.605 
774.0 331.0 0.0606416000002 10739.3584 
712.0 305.0 0.0419200000012 10758.08 
631.0 621.0 0.117783560002 10682.21644 
161.0 577.0 0.0721960000017 10727.804 
764.0 131.0 0.19224452 10607.75548 
640.0 568.0 0.419219400002 10380.7806 
492.0 333.0 0.112396400001 10687.6036 
230.0 291.0 0.132785000002 10667.215 
504.0 571.0 0.418805000008 10381.195 
444.0 596.0 0.257679400003 10542.3206 
430.0 478.0 0.409938080009 10390.06192 
397.0 495.0 0.444524000005 10355.476 
324.0 476.0 0.299486400003 10500.5136 
568.0 505.0 0.520827520011 10279.17248 
609.0 355.0 0.142948200002 10657.0518 
402.0 625.0 0.0971422000017 10702.8578 
541.0 532.0 0.405744800004 10394.2552 
906.0 92.0 0.0721960000017 10727.804 
383.0 657.0 0.334182400002 10465.8176 
618.0 564.0 0.215048960004 10584.95104 
128.0 348.0 0.0721960000017 10727.804 
270.0 346.0 0.370627760002 10429.37224 
531.0 589.0 0.414497120007 10385.50288 
389.0 529.0 0.296218360004 10503.78164 
444.0 511.0 0.694846600011 10105.1534 
572.0 633.0 0.171915680003 10628.08432 
292.0 609.0 0.0461119200004 10753.88808 
441.0 506.0 0.40499856001 10395.00144 
347.0 516.0 0.134684640002 10665.31536 
536.0 651.0 0.212923920003 10587.07608 
637.0 770.0 0.0721960000017 10727.804 
777.0 649.0 0.0721960000017 10727.804 
373.0 454.0 0.237043200004 10562.9568 
594.0 307.0 0.201024840001 10598.97516 
494.0 557.0 0.541762200008 10258.2378 
756.0 833.0 0.0721960000017 10727.804 
319.0 644.0 0.213128200001 10586.8718 
79.0 34.0 0.0721960000017 10727.804 
599.0 574.0 0.370914720003 10429.08528 
844.0 237.0 0.0721960000017 10727.804 
501.0 376.0 0.105441040002 10694.55896 
435.0 429.0 0.490588800012 10309.4112 
653.0 393.0 0.098904080002 10701.09592 
258.0 667.0 0.0789300000007 10721.07 
430.0 523.0 0.376165160009 10423.83484 
266.0 525.0 0.1754518 10624.5482 
236.0 538.0 0.0310762800006 10768.92372 
530.0 336.0 0.286280000002 10513.72 
718.0 857.0 0.0721960000017 10727.804 
409.0 473.0 0.50543840001 10294.5616 
591.0 278.0 0.123247800001 10676.7522 
448.0 362.0 0.105332000002 10694.668 
745.0 965.0 0.0721960000017 10727.804 
354.0 1.0 0.00602000000017 10793.98 
942.0 570.0 0.0170408800002 10782.95912 
