500.0 500.0
400.0 608.0 0.361448160008 10438.55184 
442.0 758.0 0.0949205200017 10705.07948 
327.0 747.0 0.140505000002 10659.495 
414.0 678.0 0.417310600003 10382.6894 
543.0 764.0 0.081553720001 10718.44628 
632.0 724.0 0.131088640002 10668.91136 
238.0 876.0 0.17380968 10626.19032 
448.0 710.0 0.151665600003 10648.3344 
212.0 782.0 0.106892000001 10693.108 
373.0 698.0 0.313900640002 10486.09936 
726.0 762.0 0.322455200002 10477.5448 
851.0 853.0 0.0190380000002 10780.962 
351.0 826.0 0.037240000001 10762.76 
572.0 701.0 0.410784000003 10389.216 
250.0 656.0 0.0244582400006 10775.54176 
362.0 975.0 0.0244582400006 10775.54176 
442.0 609.0 0.654038640009 10145.96136 
655.0 687.0 0.0861400000024 10713.86 
658.0 641.0 0.695358480002 10104.64152 
739.0 511.0 0.0251200000007 10774.88 
452.0 625.0 0.307785160007 10492.21484 
364.0 552.0 0.217449280005 10582.55072 
793.0 742.0 0.0652394000008 10734.7606 
535.0 504.0 0.240106360001 10559.89364 
389.0 540.0 0.177852200004 10622.1478 
501.0 546.0 0.579695280012 10220.30472 
777.0 706.0 0.141538320002 10658.46168 
639.0 412.0 0.00594000000017 10794.06 
695.0 327.0 0.0244582400006 10775.54176 
819.0 295.0 0.172580120001 10627.41988 
641.0 593.0 0.187100000004 10612.9 
929.0 728.0 0.0760549999998 10723.945 
397.0 459.0 0.097023200001 10702.9768 
491.0 638.0 0.775693920008 10024.30608 
572.0 649.0 0.180168200003 10619.8318 
503.0 555.0 0.58921072001 10210.78928 
319.0 506.0 0.106374080001 10693.62592 
472.0 366.0 0.0462922000006 10753.7078 
334.0 709.0 0.130093760001 10669.90624 
621.0 540.0 0.080094280002 10719.90572 
763.0 501.0 0.0779422400002 10722.05776 
233.0 554.0 0.00614000000017 10793.86 
821.0 858.0 0.0125600000003 10787.44 
705.0 281.0 0.0244582400006 10775.54176 
651.0 159.0 0.0244582400006 10775.54176 
928.0 960.0 0.0244582400006 10775.54176 
332.0 466.0 0.100117680001 10699.88232 
579.0 715.0 0.144034200002 10655.9658 
662.0 810.0 0.248766400001 10551.2336 
767.0 478.0 0.0506290000013 10749.371 
184.0 457.0 0.100117680001 10699.88232 
708.0 834.0 0.135905920002 10664.09408 
937.0 839.0 0.100117680001 10699.88232 
439.0 722.0 0.162960800003 10637.0392 
535.0 572.0 0.676465760004 10123.53424 
313.0 351.0 0.0655664000007 10734.4336 
712.0 690.0 0.704224560002 10095.77544 
660.0 741.0 0.276864160004 10523.13584 
369.0 686.0 0.252414640003 10547.58536 
436.0 889.0 0.0655664000007 10734.4336 
421.0 537.0 0.100117680001 10699.88232 
357.0 567.0 0.287553120006 10512.44688 
879.0 362.0 0.0655664000007 10734.4336 
450.0 256.0 0.0655664000007 10734.4336 
208.0 889.0 0.0325659600006 10767.43404 
98.0 835.0 0.0215596799997 10778.44032 
472.0 520.0 0.932423039997 9867.57696 
807.0 453.0 0.158404800001 10641.5952 
534.0 635.0 0.388773800004 10411.2262 
277.0 817.0 0.403162080002 10396.83792 
78.0 809.0 0.00684000000019 10793.16 
467.0 648.0 0.342338800006 10457.6612 
406.0 258.0 0.0655664000007 10734.4336 
566.0 719.0 0.156335680002 10643.66432 
953.0 817.0 0.0655664000007 10734.4336 
216.0 569.0 0.0124519199998 10787.54808 
767.0 384.0 0.0429600000012 10757.04 
703.0 863.0 0.0940348000008 10705.9652 
505.0 587.0 1.35779080001 9442.20919999 
463.0 469.0 0.292889600006 10507.1104 
204.0 786.0 0.120796000001 10679.204 
825.0 227.0 0.0237190000004 10776.281 
639.0 580.0 0.485524040003 10314.47596 
573.0 847.0 0.00755939999987 10792.4406 
543.0 617.0 0.526533600006 10273.4664 
828.0 891.0 0.0192628800001 10780.73712 
575.0 266.0 0.0400898400001 10759.91016 
210.0 759.0 0.00588000000016 10794.12 
621.0 533.0 0.0795200000022 10720.48 
400.0 503.0 0.565952320009 10234.04768 
917.0 273.0 0.0655664000007 10734.4336 
327.0 833.0 0.0453900000008 10754.61 
417.0 616.0 0.764924160009 10035.07584 
980.0 929.0 0.0655664000007 10734.4336 
859.0 693.0 0.00574000000016 10794.26 
337.0 621.0 0.284528000003 10515.472 
698.0 429.0 0.0507275999999 10749.2724 
688.0 714.0 0.245963720004 10554.03628 
772.0 760.0 0.0935710400014 10706.42896 
372.0 752.0 0.172509600003 10627.4904 
857.0 807.0 0.0655664000007 10734.4336 
973.0 705.0 0.0655664000007 10734.4336 
442.0 600.0 0.660884160008 10139.11584 
805.0 222.0 0.173458000001 10626.542 
847.0 494.0 0.0597956400001 10740.20436 
499.0 392.0 0.108850040001 10691.14996 
830.0 349.0 0.3680576 10431.9424 
532.0 424.0 0.0185400000005 10781.46 
440.0 388.0 0.0748419600004 10725.15804 
713.0 814.0 0.0916607600015 10708.33924 
458.0 709.0 0.366354000003 10433.646 
442.0 716.0 0.281684680004 10518.31532 
754.0 702.0 0.151701600002 10648.2984 
509.0 713.0 0.280965400004 10519.0346 
606.0 743.0 0.0976272000016 10702.3728 
385.0 570.0 0.376328800007 10423.6712 
382.0 447.0 0.0721736000007 10727.8264 
490.0 770.0 0.120428200002 10679.5718 
457.0 723.0 0.108528000002 10691.472 
346.0 643.0 0.505575200003 10294.4248 
269.0 667.0 0.185208080001 10614.79192 
561.0 846.0 0.00586000000016 10794.14 
585.0 319.0 0.00588000000016 10794.12 
705.0 834.0 0.0614190000007 10738.581 
586.0 739.0 0.096194400002 10703.8056 
