500.0 500.0
535.0 394.0 0.990087200012 9809.91279999 
666.0 399.0 0.0721960000017 10727.804 
548.0 360.0 0.582668840015 10217.33116 
622.0 466.0 0.367925800009 10432.0742 
586.0 499.0 0.656660000017 10143.34 
695.0 376.0 0.0721960000017 10727.804 
456.0 351.0 0.334162600002 10465.8374 
632.0 287.0 0.290128520003 10509.87148 
761.0 512.0 0.455768000003 10344.232 
570.0 330.0 0.0721960000017 10727.804 
636.0 614.0 0.0721960000017 10727.804 
550.0 345.0 0.579842560014 10220.15744 
785.0 308.0 0.317987560007 10482.01244 
721.0 437.0 0.420201600008 10379.7984 
742.0 544.0 0.256893720003 10543.10628 
652.0 464.0 0.729292000013 10070.708 
848.0 452.0 0.448731680007 10351.26832 
656.0 355.0 0.564189280014 10235.81072 
882.0 371.0 0.407190040005 10392.80996 
588.0 266.0 0.130141600002 10669.8584 
724.0 596.0 0.370164400004 10429.8356 
535.0 349.0 0.508833040013 10291.16696 
503.0 485.0 0.874891760023 9925.10823998 
603.0 489.0 0.836714040018 9963.28595998 
529.0 316.0 0.230822400004 10569.1776 
596.0 269.0 0.132924600002 10667.0754 
451.0 377.0 0.237305000005 10562.695 
522.0 355.0 0.439757280011 10360.24272 
723.0 617.0 0.147474040002 10652.52596 
421.0 230.0 0.0609338400002 10739.06616 
590.0 405.0 0.0721960000017 10727.804 
625.0 454.0 0.700128880018 10099.87112 
874.0 274.0 0.0675666800007 10732.43332 
461.0 544.0 0.300302280007 10499.69772 
895.0 500.0 0.131957560002 10668.04244 
879.0 474.0 0.455430000002 10344.57 
790.0 492.0 0.148660160002 10651.33984 
360.0 327.0 0.00620000000017 10793.8 
699.0 509.0 0.336947840005 10463.05216 
572.0 455.0 0.956311840025 9843.68815997 
570.0 475.0 0.0721960000017 10727.804 
483.0 428.0 0.0721960000017 10727.804 
907.0 325.0 0.170102240002 10629.89776 
609.0 621.0 0.0565000000016 10743.5 
859.0 629.0 0.0721960000017 10727.804 
315.0 346.0 0.0357864 10764.2136 
667.0 389.0 0.389861280009 10410.13872 
889.0 380.0 0.358164720005 10441.83528 
925.0 352.0 0.0980880000016 10701.912 
778.0 606.0 0.107602240002 10692.39776 
472.0 425.0 0.529208400011 10270.7916 
615.0 483.0 0.867453760015 9932.54623998 
940.0 477.0 0.153515600002 10646.4844 
797.0 338.0 0.275133800006 10524.8662 
849.0 305.0 0.292400000003 10507.6 
624.0 355.0 0.768626640019 10031.37336 
604.0 534.0 0.0721960000017 10727.804 
686.0 322.0 0.601531160014 10198.46884 
812.0 388.0 0.0721960000017 10727.804 
762.0 340.0 0.0721960000017 10727.804 
468.0 428.0 0.73112048001 10068.87952 
446.0 447.0 0.98527600001 9814.72399999 
884.0 467.0 0.191953440003 10608.04656 
659.0 444.0 0.380842160009 10419.15784 
785.0 500.0 0.125970400003 10674.0296 
914.0 545.0 0.120646880001 10679.35312 
724.0 348.0 0.824926200003 9975.0738 
702.0 406.0 0.358624320008 10441.37568 
655.0 399.0 0.534015520013 10265.98448 
653.0 445.0 0.321048960007 10478.95104 
595.0 256.0 0.148744120002 10651.25588 
500.0 403.0 0.649557760009 10150.44224 
585.0 543.0 0.677373720015 10122.62628 
731.0 653.0 0.100021680002 10699.97832 
617.0 276.0 0.163545000003 10636.455 
820.0 361.0 0.276719000007 10523.281 
774.0 488.0 0.168777200002 10631.2228 
500.0 370.0 0.40471496001 10395.28504 
574.0 468.0 0.0721960000017 10727.804 
572.0 110.0 0.0721960000017 10727.804 
832.0 239.0 0.213203000001 10586.797 
347.0 328.0 0.00620000000017 10793.8 
755.0 615.0 0.0802660000015 10719.734 
701.0 195.0 0.0238400000007 10776.16 
648.0 460.0 0.905270400014 9894.72959999 
972.0 370.0 0.115850000001 10684.15 
443.0 283.0 0.158018880001 10641.98112 
937.0 356.0 0.0789560000013 10721.044 
771.0 232.0 0.144239360002 10655.76064 
861.0 616.0 0.0721960000017 10727.804 
522.0 322.0 0.388185440009 10411.81456 
688.0 143.0 0.0464560000003 10753.544 
828.0 421.0 0.340111400005 10459.8886 
879.0 566.0 0.0121200000003 10787.88 
987.0 278.0 0.0721960000017 10727.804 
987.0 509.0 0.0617694000006 10738.2306 
829.0 417.0 0.243355600006 10556.6444 
431.0 431.0 0.127645760003 10672.35424 
753.0 212.0 0.0527982400002 10747.20176 
492.0 339.0 0.211072000005 10588.928 
772.0 492.0 0.162474640003 10637.52536 
371.0 408.0 0.0743234400006 10725.67656 
673.0 595.0 0.160274560003 10639.72544 
932.0 395.0 0.105533600002 10694.4664 
896.0 494.0 0.132564160002 10667.43584 
876.0 119.0 0.0721960000017 10727.804 
692.0 495.0 0.855720000004 9944.28 
374.0 526.0 0.0721960000017 10727.804 
717.0 329.0 0.503626480006 10296.37352 
560.0 417.0 1.08084800002 9719.15199998 
759.0 627.0 0.0887399200014 10711.26008 
626.0 369.0 2.10296480002 8697.03519998 
822.0 354.0 0.385012480009 10414.98752 
536.0 499.0 0.932122720013 9867.87727999 
563.0 390.0 2.98451720002 7815.48279998 
664.0 573.0 0.616550920004 10183.44908 
682.0 291.0 0.210468960004 10589.53104 
708.0 169.0 0.0264910000006 10773.509 
487.0 556.0 0.0504624000002 10749.5376 
946.0 478.0 0.117838600001 10682.1614 
540.0 368.0 0.371364000009 10428.636 
781.0 304.0 0.496836600004 10303.1634 
776.0 292.0 0.415990000006 10384.01 
689.0 290.0 0.154322400003 10645.6776 
639.0 590.0 0.191390000003 10608.61 
