500.0 500.0
428.0 433.0 0.231193560004 10568.80644 
365.0 520.0 0.0721960000017 10727.804 
521.0 554.0 0.111158240002 10688.84176 
301.0 483.0 0.86334580001 9936.65419999 
290.0 631.0 0.285126400004 10514.8736 
382.0 413.0 0.307960000002 10492.04 
396.0 577.0 0.0721960000017 10727.804 
567.0 427.0 0.713981200007 10086.0188 
260.0 357.0 0.178188600003 10621.8114 
266.0 668.0 0.0885752000016 10711.4248 
125.0 643.0 0.0365572000005 10763.4428 
427.0 468.0 0.0721960000017 10727.804 
520.0 459.0 0.229507080006 10570.49292 
656.0 495.0 0.0565708000004 10743.4292 
311.0 209.0 0.0728159999998 10727.184 
542.0 312.0 0.102857600002 10697.1424 
333.0 509.0 0.534710600009 10265.2894 
703.0 456.0 0.0659236000006 10734.0764 
386.0 639.0 0.856118400019 9943.88159998 
274.0 655.0 0.161222000002 10638.778 
413.0 489.0 0.907007000019 9892.99299998 
227.0 307.0 0.281072000001 10518.928 
435.0 523.0 0.0721960000017 10727.804 
571.0 371.0 0.260169760005 10539.83024 
402.0 619.0 0.619944000017 10180.056 
399.0 364.0 0.136036240002 10663.96376 
297.0 639.0 0.156829760003 10643.17024 
286.0 480.0 0.258356000006 10541.644 
272.0 630.0 0.235108000005 10564.892 
563.0 370.0 0.305016400005 10494.9836 
231.0 468.0 0.176395000003 10623.605 
141.0 647.0 0.00604000000017 10793.96 
134.0 416.0 0.181430240001 10618.56976 
354.0 637.0 0.229432480005 10570.56752 
437.0 627.0 0.0721960000017 10727.804 
558.0 537.0 0.250861000001 10549.139 
347.0 615.0 0.601394880007 10198.60512 
394.0 734.0 0.196251840003 10603.74816 
468.0 861.0 0.0724304400003 10727.56956 
268.0 673.0 0.0365154000008 10763.4846 
642.0 408.0 0.173630880002 10626.36912 
439.0 390.0 0.336622240003 10463.37776 
291.0 779.0 0.0971296000009 10702.8704 
292.0 533.0 0.186975600003 10613.0244 
570.0 440.0 0.688980640006 10111.01936 
109.0 362.0 0.0610552800005 10738.94472 
283.0 558.0 0.188022200003 10611.9778 
234.0 456.0 0.403099440002 10396.90056 
458.0 500.0 0.427754720011 10372.24528 
310.0 516.0 0.377396600009 10422.6034 
374.0 250.0 0.00592000000017 10794.08 
369.0 563.0 0.776656000019 10023.344 
278.0 676.0 0.223349120003 10576.65088 
286.0 490.0 0.253527600006 10546.4724 
333.0 759.0 0.109338000002 10690.662 
271.0 611.0 0.198907360003 10601.09264 
478.0 299.0 0.0497062400009 10750.29376 
176.0 254.0 0.1678512 10632.1488 
133.0 726.0 0.0721960000017 10727.804 
570.0 361.0 0.266078760005 10533.92124 
386.0 666.0 0.61522976001 10184.77024 
382.0 595.0 0.758144000021 10041.856 
413.0 347.0 0.0807490000009 10719.251 
639.0 303.0 0.0721960000017 10727.804 
334.0 384.0 0.202085600003 10597.9144 
146.0 608.0 0.0188600000005 10781.14 
241.0 449.0 0.208087040004 10591.91296 
477.0 316.0 0.117883000001 10682.117 
510.0 456.0 0.765925760007 10034.07424 
547.0 557.0 0.123489280002 10676.51072 
486.0 517.0 0.720986800018 10079.0132 
383.0 713.0 0.219105440004 10580.89456 
511.0 571.0 0.121308800001 10678.6912 
508.0 323.0 0.162974280002 10637.02572 
421.0 638.0 0.608347520015 10191.65248 
603.0 429.0 0.128148000003 10671.852 
334.0 795.0 0.181363520002 10618.63648 
17.0 450.0 0.0721960000017 10727.804 
246.0 676.0 0.119023640002 10680.97636 
432.0 704.0 0.611044080005 10188.95592 
335.0 559.0 0.637299600015 10162.7004 
615.0 579.0 0.100164840001 10699.83516 
333.0 489.0 0.362558200009 10437.4418 
364.0 544.0 0.759192960017 10040.80704 
360.0 562.0 0.530532400013 10269.4676 
161.0 488.0 0.294790400001 10505.2096 
176.0 227.0 0.0266130400005 10773.38696 
328.0 448.0 0.538430960006 10261.56904 
435.0 669.0 0.145084840003 10654.91516 
247.0 382.0 0.223716840001 10576.28316 
390.0 346.0 0.119990080002 10680.00992 
349.0 650.0 0.480177600007 10319.8224 
384.0 391.0 0.149903120002 10650.09688 
277.0 408.0 0.239512000005 10560.488 
432.0 444.0 0.470400000011 10329.6 
441.0 852.0 0.0126600000003 10787.34 
425.0 632.0 0.699274560015 10100.72544 
508.0 374.0 0.547743600003 10252.2564 
548.0 511.0 0.213657000005 10586.343 
102.0 567.0 0.0565967600001 10743.40324 
790.0 494.0 0.0721960000017 10727.804 
341.0 737.0 0.158432000003 10641.568 
614.0 581.0 0.0942179200007 10705.78208 
449.0 185.0 0.0721960000017 10727.804 
327.0 747.0 0.134847200003 10665.1528 
324.0 514.0 0.423805160011 10376.19484 
424.0 490.0 0.537636480013 10262.36352 
156.0 641.0 0.04900816 10750.99184 
482.0 464.0 0.437004800009 10362.9952 
394.0 761.0 0.373149640004 10426.85036 
436.0 640.0 0.534856320012 10265.14368 
337.0 725.0 0.229313680004 10570.68632 
478.0 790.0 0.00642000000018 10793.58 
580.0 394.0 0.148549520004 10651.45048 
637.0 472.0 0.294686440002 10505.31356 
438.0 537.0 0.0721960000017 10727.804 
290.0 731.0 0.158643200003 10641.3568 
308.0 666.0 0.250644000006 10549.356 
292.0 408.0 0.377605920006 10422.39408 
394.0 652.0 0.375563040009 10424.43696 
353.0 705.0 0.418055800006 10381.9442 
569.0 345.0 0.134546160002 10665.45384 
266.0 884.0 0.0721960000017 10727.804 
265.0 563.0 0.121718560002 10678.28144 
381.0 847.0 0.0795142400003 10720.48576 
