500.0 500.0
564.0 633.0 0.180888800004 10619.1112 
447.0 534.0 0.00630000000017 10793.7
391.0 473.0 0.182897760003 10617.10224 
630.0 684.0 0.135296000001 10664.704 
306.0 480.0 0.531811760001 10268.18824 
281.0 440.0 0.176556000003 10623.444 
431.0 642.0 0.587333480013 10212.66652 
387.0 778.0 0.151076000003 10648.924 
318.0 381.0 0.143167520001 10656.83248 
467.0 711.0 0.655992160005 10144.00784 
541.0 614.0 0.361449200008 10438.5508 
466.0 447.0 0.463087800002 10336.9122 
557.0 613.0 0.215724160005 10584.27584 
326.0 530.0 0.176491920004 10623.50808 
466.0 595.0 0.00630000000017 10793.7 
377.0 612.0 0.353768480008 10446.23152 
459.0 491.0 0.720509280016 10079.49072 
417.0 424.0 0.263116720005 10536.88328 
571.0 563.0 0.587477760006 10212.52224 
404.0 668.0 0.247317200006 10552.6828 
449.0 753.0 0.241628960006 10558.37104 
458.0 743.0 0.263171200005 10536.8288 
231.0 392.0 0.101196640001 10698.80336 
715.0 784.0 0.0929100000007 10707.09 
542.0 750.0 0.139479680003 10660.52032 
520.0 788.0 0.169225280003 10630.77472 
244.0 550.0 0.112376600001 10687.6234 
423.0 393.0 0.461796600004 10338.2034 
361.0 549.0 0.436548560005 10363.45144 
313.0 574.0 0.242003200002 10557.9968 
572.0 631.0 0.308260000005 10491.74 
266.0 474.0 0.112993600003 10687.0064 
277.0 278.0 0.00630000000017 10793.7 
673.0 753.0 0.0134000000004 10786.6 
351.0 773.0 0.221270680002 10578.72932 
454.0 584.0 0.00630000000017 10793.7 
598.0 814.0 0.204899200001 10595.1008 
496.0 770.0 0.368417760006 10431.58224 
469.0 637.0 0.387117920009 10412.88208 
554.0 449.0 0.118145760001 10681.85424 
389.0 345.0 0.286009600003 10513.9904 
528.0 290.0 0.17886972 10621.13028 
445.0 853.0 0.0704937600009 10729.50624 
519.0 288.0 0.0195230000003 10780.477 
481.0 645.0 0.844494000009 9955.50599999 
273.0 406.0 0.100646000002 10699.354 
650.0 472.0 0.00632000000017 10793.68 
654.0 606.0 0.0492954800005 10750.70452 
578.0 488.0 0.0906054400004 10709.39456 
297.0 398.0 0.101049720002 10698.95028 
464.0 690.0 0.265168000006 10534.832 
532.0 597.0 0.00630000000017 10793.7 
561.0 623.0 0.167322360004 10632.67764 
642.0 875.0 0.18437312 10615.62688 
393.0 697.0 0.343670720003 10456.32928 
331.0 338.0 0.0882942800013 10711.70572 
331.0 801.0 0.0836969600005 10716.30304 
475.0 609.0 0.924888040016 9875.11195998 
513.0 525.0 0.613412080012 10186.58792 
485.0 735.0 0.532148040004 10267.85196 
372.0 294.0 0.0936950400012 10706.30496 
338.0 868.0 0.0817988000006 10718.2012 
566.0 503.0 0.205234600004 10594.7654 
310.0 673.0 0.0916505600008 10708.34944 
433.0 795.0 0.275807360004 10524.19264 
204.0 288.0 0.0747054000001 10725.2946 
401.0 290.0 0.131329000002 10668.671 
638.0 561.0 0.0194600000005 10780.54 
291.0 592.0 0.0958902400011 10704.10976 
509.0 200.0 0.0306612000002 10769.3388 
639.0 835.0 0.0659610400012 10734.03896 
511.0 776.0 0.256217760005 10543.78224 
158.0 454.0 0.00630000000017 10793.7 
222.0 657.0 0.00636000000018 10793.64 
482.0 489.0 0.457533600012 10342.4664 
784.0 927.0 0.0742046000001 10725.7954 
659.0 624.0 0.0762608000006 10723.7392 
452.0 532.0 0.44635920001 10353.6408 
513.0 867.0 0.0424248000007 10757.5752 
590.0 935.0 0.0904620800005 10709.53792 
283.0 500.0 0.165638360002 10634.36164 
479.0 322.0 0.112962720001 10687.03728 
361.0 507.0 0.0930400000026 10706.96 
420.0 334.0 0.203048000002 10596.952 
601.0 322.0 0.0126200000003 10787.38 
129.0 533.0 0.00630000000017 10793.7 
573.0 657.0 0.651179720002 10148.82028 
492.0 834.0 0.163441120002 10636.55888 
340.0 822.0 0.0800084000013 10719.9916 
551.0 791.0 0.346517360001 10453.48264 
547.0 732.0 0.600049920002 10199.95008 
301.0 599.0 0.159702200002 10640.2978 
665.0 472.0 0.00916400000009 10790.836 
684.0 603.0 0.0697448000002 10730.2552 
521.0 625.0 0.417294400009 10382.7056 
236.0 442.0 0.220285600004 10579.7144 
194.0 635.0 0.0224889599999 10777.51104 
468.0 665.0 0.605661280006 10194.33872 
320.0 366.0 0.111055920001 10688.94408 
438.0 544.0 0.876031200016 9923.96879998 
716.0 956.0 0.00622000000017 10793.78 
400.0 757.0 0.409775280003 10390.22472 
486.0 539.0 0.00630000000017 10793.7 
503.0 438.0 0.321181880002 10478.81812 
252.0 519.0 0.108082200001 10691.9178 
426.0 941.0 0.00630000000017 10793.7 
414.0 364.0 0.264242200003 10535.7578 
403.0 820.0 0.134117120002 10665.88288 
407.0 598.0 0.00630000000017 10793.7 
442.0 415.0 0.517265600005 10282.7344 
300.0 450.0 0.168916320003 10631.08368 
464.0 376.0 0.384849600004 10415.1504 
442.0 581.0 0.298873240007 10501.12676 
314.0 675.0 0.157907600002 10642.0924 
468.0 218.0 0.00612000000017 10793.88 
254.0 398.0 0.137960000002 10662.04 
480.0 679.0 0.465393000006 10334.607 
328.0 601.0 0.165904240003 10634.09576 
821.0 566.0 0.00630000000017 10793.7 
489.0 785.0 0.281037600006 10518.9624 
443.0 736.0 0.371182560007 10428.81744 
389.0 657.0 0.706812400009 10093.1876 
745.0 828.0 0.0566345600003 10743.36544 
347.0 582.0 0.314048480006 10485.95152 
570.0 621.0 0.216916200005 10583.0838 
