500.0 500.0
583.0 456.0 0.526140480013 10273.85952 
648.0 402.0 0.485758400013 10314.2416 
784.0 367.0 0.699886400007 10100.1136 
734.0 315.0 0.526140480013 10273.85952 
550.0 519.0 0.327490840008 10472.50916 
565.0 502.0 0.463430440011 10336.56956 
657.0 610.0 0.0850950400006 10714.90496 
889.0 453.0 0.101639600001 10698.3604 
653.0 417.0 0.689093600018 10110.9064 
641.0 631.0 0.0809268800008 10719.07312 
679.0 231.0 0.103414240001 10696.58576 
813.0 427.0 0.145436640002 10654.56336 
653.0 763.0 0.153408000001 10646.592 
575.0 437.0 0.526140480013 10273.85952 
762.0 293.0 0.331394400008 10468.6056 
761.0 479.0 0.381011280006 10418.98872 
696.0 488.0 0.551316160007 10248.68384 
652.0 382.0 0.653528160017 10146.47184 
766.0 488.0 0.369259440008 10430.74056 
790.0 171.0 0.149966400003 10650.0336 
868.0 605.0 0.164040800003 10635.9592 
767.0 273.0 0.305683120007 10494.31688 
673.0 407.0 0.438590000011 10361.41 
516.0 313.0 0.182812240004 10617.18776 
718.0 689.0 0.0134600000004 10786.54 
607.0 282.0 0.319230560006 10480.76944 
767.0 298.0 0.290492000004 10509.508 
523.0 623.0 0.124860640003 10675.13936 
595.0 587.0 0.308536000003 10491.464 
557.0 449.0 0.725232000018 10074.768 
776.0 316.0 0.319583400008 10480.4166 
843.0 396.0 0.244025840002 10555.97416 
680.0 380.0 0.524930400013 10275.0696 
482.0 551.0 0.263300000005 10536.7 
902.0 541.0 0.0947071600015 10705.29284 
588.0 748.0 0.0710602400009 10728.93976 
566.0 428.0 0.526140480013 10273.85952 
626.0 418.0 0.526140480013 10273.85952 
527.0 613.0 0.526140480013 10273.85952 
822.0 314.0 0.167653640003 10632.34636 
739.0 715.0 0.0341044000001 10765.8956 
854.0 228.0 0.149574400002 10650.4256 
697.0 446.0 0.640430000014 10159.57 
709.0 463.0 0.526140480013 10273.85952 
844.0 683.0 0.0991763200018 10700.82368 
486.0 545.0 0.741581440011 10058.41856 
811.0 338.0 0.205842800005 10594.1572 
741.0 144.0 0.098478000001 10701.522 
820.0 228.0 0.885926880005 9914.07312 
659.0 309.0 0.526140480013 10273.85952 
774.0 448.0 0.250106720005 10549.89328 
812.0 583.0 0.343311280004 10456.68872 
847.0 533.0 0.218382000002 10581.618 
442.0 571.0 0.0466000000005 10753.4 
441.0 674.0 0.00660000000018 10793.4 
815.0 23.0 0.0690476400001 10730.95236 
710.0 725.0 0.0870574000008 10712.9426 
450.0 392.0 0.860090240011 9939.90975999 
760.0 280.0 0.555260640009 10244.73936 
438.0 489.0 0.353093000008 10446.907 
543.0 272.0 0.373673400003 10426.3266 
497.0 337.0 0.507829680003 10292.17032 
795.0 471.0 0.0710568000012 10728.9432 
639.0 406.0 0.79744640002 10002.5536 
497.0 865.0 0.00660000000018 10793.4 
886.0 528.0 0.300890000002 10499.11 
894.0 263.0 0.0656570000007 10734.343 
515.0 496.0 0.961964760023 9838.03523998 
772.0 513.0 0.568608000009 10231.392 
695.0 494.0 0.526140480013 10273.85952 
512.0 434.0 0.00660000000018 10793.4 
645.0 384.0 0.672578560018 10127.42144 
696.0 473.0 0.501132880013 10298.86712 
844.0 792.0 0.00660000000018 10793.4 
835.0 668.0 0.109909600001 10690.0904 
704.0 417.0 0.469393800011 10330.6062 
618.0 164.0 0.164796120002 10635.20388 
562.0 364.0 0.549622240014 10250.37776 
974.0 592.0 0.0587512000003 10741.2488 
629.0 196.0 0.240488720003 10559.51128 
790.0 285.0 0.108765680003 10691.23432 
695.0 494.0 0.534526000011 10265.474 
644.0 386.0 0.526140480013 10273.85952 
922.0 572.0 0.125395680001 10674.60432 
385.0 315.0 0.00660000000018 10793.4 
798.0 195.0 0.150369520003 10649.63048 
528.0 355.0 0.196269640005 10603.73036 
844.0 89.0 0.0121800000003 10787.82 
600.0 299.0 0.881611600008 9918.38839999 
918.0 758.0 0.0801232000003 10719.8768 
596.0 212.0 0.163686280003 10636.31372 
475.0 315.0 0.127098800002 10672.9012 
727.0 751.0 0.0855310000006 10714.469 
763.0 592.0 0.643001600002 10156.9984 
586.0 643.0 0.227832640002 10572.16736 
833.0 634.0 0.292753920003 10507.24608 
330.0 574.0 0.0154967999999 10784.5032 
646.0 446.0 0.526140480013 10273.85952 
510.0 265.0 0.141559560002 10658.44044 
552.0 364.0 0.819009920013 9980.99007999 
796.0 278.0 0.311017520007 10488.98248 
594.0 225.0 0.358100160004 10441.89984 
893.0 166.0 0.0928336000005 10707.1664 
598.0 119.0 0.0538850000005 10746.115 
585.0 668.0 0.544111440003 10255.88856 
811.0 503.0 0.377076800006 10422.9232 
754.0 525.0 1.07129304001 9728.70695999 
355.0 855.0 0.00660000000018 10793.4 
646.0 308.0 0.567470000014 10232.53 
509.0 729.0 0.0247800000007 10775.22 
623.0 255.0 0.450068000007 10349.932 
537.0 349.0 0.197188000005 10602.812 
516.0 272.0 0.153842400002 10646.1576 
703.0 180.0 0.0995974400006 10700.40256 
805.0 179.0 0.147218320003 10652.78168 
914.0 113.0 0.0731462400001 10726.85376 
568.0 745.0 0.383104080002 10416.89592 
451.0 504.0 0.333337280008 10466.66272 
862.0 201.0 0.123197960003 10676.80204 
630.0 147.0 0.0612808800007 10738.71912 
601.0 368.0 1.40542208002 9394.57791998 
522.0 669.0 0.109783680001 10690.21632 
897.0 403.0 0.0690390000007 10730.961 
337.0 549.0 0.00660000000018 10793.4 
865.0 709.0 0.104833720001 10695.16628 
