500.0 500.0
539.0 613.0 0.526140480013 10273.85952 
558.0 768.0 0.493645600005 10306.3544 
456.0 771.0 0.756307240011 10043.69276 
540.0 721.0 0.401709200007 10398.2908 
385.0 643.0 0.339844720007 10460.15528 
712.0 738.0 0.799045600011 10000.9544 
722.0 597.0 0.171137400001 10628.8626 
745.0 840.0 0.172649600002 10627.3504 
628.0 653.0 0.526140480013 10273.85952 
607.0 807.0 0.290570320004 10509.42968 
704.0 763.0 0.191459320005 10608.54068 
685.0 727.0 0.507890880012 10292.10912 
530.0 537.0 0.526140480013 10273.85952 
792.0 866.0 0.252868400005 10547.1316 
530.0 760.0 0.305032000006 10494.968 
429.0 471.0 0.117502880001 10682.49712 
778.0 862.0 0.312583200003 10487.4168 
665.0 603.0 0.385336000004 10414.664 
876.0 911.0 0.202460000002 10597.54 
605.0 818.0 0.190113400004 10609.8866 
644.0 644.0 0.497912800013 10302.0872 
479.0 728.0 0.48086400001 10319.136 
663.0 749.0 0.401941200009 10398.0588 
342.0 766.0 0.105663840003 10694.33616 
346.0 762.0 0.402964000004 10397.036 
593.0 624.0 0.0582891200011 10741.71088 
803.0 698.0 0.0582891200011 10741.71088 
756.0 803.0 0.992282160005 9807.71784 
781.0 798.0 0.466872000005 10333.128 
840.0 851.0 0.425975200002 10374.0248 
914.0 968.0 0.0829932000006 10717.0068 
568.0 545.0 0.566972160015 10233.02784 
349.0 588.0 0.239947480005 10560.05252 
516.0 635.0 0.671825600013 10128.1744 
289.0 875.0 0.07151772 10728.48228 
850.0 964.0 0.089294000001 10710.706 
852.0 556.0 0.0286800800001 10771.31992 
244.0 631.0 0.0582891200011 10741.71088 
630.0 688.0 0.833367200011 9966.63279999 
407.0 871.0 0.0932600000009 10706.74 
604.0 763.0 0.614509000006 10185.491 
450.0 524.0 0.293025920003 10506.97408 
567.0 579.0 0.809520920021 9990.47907998 
528.0 642.0 0.526140480013 10273.85952 
566.0 704.0 0.526140480013 10273.85952 
697.0 681.0 0.526140480013 10273.85952 
460.0 663.0 0.549880640009 10250.11936 
623.0 543.0 0.204988840004 10595.01116 
277.0 750.0 0.242572600002 10557.4274 
906.0 686.0 0.0582891200011 10741.71088 
721.0 685.0 0.391593920011 10408.40608 
538.0 794.0 0.134595880002 10665.40412 
425.0 580.0 0.269828000007 10530.172 
808.0 588.0 0.0124400000003 10787.56 
290.0 697.0 0.104310720001 10695.68928 
392.0 625.0 0.342369440008 10457.63056 
688.0 864.0 0.104387200001 10695.6128 
727.0 692.0 0.59234836001 10207.65164 
432.0 615.0 0.666573640002 10133.42636 
680.0 722.0 0.247557440004 10552.44256 
656.0 862.0 0.272573520003 10527.42648 
334.0 630.0 0.231238000005 10568.762 
591.0 546.0 0.526140480013 10273.85952 
294.0 809.0 0.130074400001 10669.9256 
641.0 858.0 0.174704440002 10625.29556 
678.0 738.0 0.410122080009 10389.87792 
530.0 767.0 0.215377040004 10584.62296 
643.0 785.0 0.230531800003 10569.4682 
369.0 740.0 0.399688600007 10400.3114 
424.0 665.0 0.328333600008 10471.6664 
447.0 751.0 0.969712000006 9830.28799999 
416.0 748.0 0.358258800008 10441.7412 
524.0 563.0 0.0582891200011 10741.71088 
889.0 786.0 0.104488640002 10695.51136 
479.0 829.0 0.279205640001 10520.79436 
536.0 972.0 0.0337800000002 10766.22 
492.0 694.0 0.45165060001 10348.3494 
719.0 681.0 0.310446880008 10489.55312 
721.0 675.0 0.538835800011 10261.1642 
986.0 907.0 0.00602000000017 10793.98 
624.0 988.0 0.0582891200011 10741.71088 
999.0 979.0 0.0704701199998 10729.52988 
357.0 485.0 0.103562560001 10696.43744 
707.0 910.0 0.106204000001 10693.796 
375.0 815.0 0.230161600004 10569.8384 
553.0 941.0 0.157013720001 10642.98628 
401.0 756.0 0.276318680007 10523.68132 
501.0 796.0 0.242376480005 10557.62352 
442.0 838.0 0.105092040002 10694.90796 
483.0 399.0 0.0582891200011 10741.71088 
774.0 816.0 0.162563960004 10637.43604 
400.0 652.0 0.493872720012 10306.12728 
535.0 750.0 0.236434000004 10563.566 
880.0 755.0 0.380785600002 10419.2144 
712.0 715.0 0.409448240011 10390.55176 
960.0 786.0 0.0920018400006 10707.99816 
386.0 559.0 0.547469480008 10252.53052 
418.0 704.0 0.0582891200011 10741.71088 
958.0 783.0 0.0896388000009 10710.3612 
746.0 676.0 0.292461600008 10507.5384 
852.0 842.0 0.148023840003 10651.97616 
819.0 911.0 0.211756880002 10588.24312 
391.0 804.0 0.418955800005 10381.0442 
411.0 551.0 0.244880000007 10555.12 
871.0 864.0 0.0755564000014 10724.4436 
876.0 772.0 0.194054280003 10605.94572 
314.0 675.0 0.101301600001 10698.6984 
826.0 955.0 0.104104000001 10695.896 
693.0 493.0 0.0582891200011 10741.71088 
400.0 637.0 0.502450400012 10297.5496 
612.0 824.0 0.226299360004 10573.70064 
825.0 548.0 0.0657183200002 10734.28168 
703.0 896.0 0.139548160002 10660.45184 
467.0 720.0 0.356576880007 10443.42312 
781.0 905.0 0.212083160002 10587.91684 
536.0 873.0 0.247987200001 10552.0128 
398.0 627.0 0.0582891200011 10741.71088 
809.0 744.0 0.643363360005 10156.63664 
353.0 745.0 0.284097200004 10515.9028 
436.0 550.0 0.0582891200011 10741.71088 
814.0 802.0 0.308940560005 10491.05944 
377.0 775.0 0.108893880002 10691.10612 
507.0 679.0 0.341676800005 10458.3232 
562.0 630.0 0.526140480013 10273.85952 
626.0 860.0 0.249928480002 10550.07152 
