500.0 500.0
624.0 406.0 1.56268092004 9237.31907996 
607.0 320.0 0.631398400017 10168.6016 
662.0 258.0 1.11208000001 9687.91999999 
711.0 283.0 1.02998960001 9770.01039999 
668.0 427.0 1.16285800003 9637.14199997 
521.0 363.0 2.45651716002 8343.48283998 
520.0 347.0 1.38850016002 9411.49983998 
578.0 227.0 0.488141280012 10311.85872 
454.0 296.0 0.385806400004 10414.1936 
681.0 163.0 0.644435000008 10155.565 
720.0 232.0 0.690363280012 10109.63672 
397.0 266.0 0.313068160002 10486.93184 
637.0 515.0 1.29839580002 9501.60419998 
496.0 504.0 0.197455040006 10602.54496 
478.0 385.0 1.83591920001 8964.08079999 
758.0 488.0 0.226361360001 10573.63864 
585.0 346.0 3.05362064003 7746.37935997 
509.0 196.0 0.248302000003 10551.698 
474.0 209.0 0.311820000004 10488.18 
565.0 270.0 0.689241280017 10110.75872 
840.0 448.0 0.0574576000004 10742.5424 
525.0 57.0 0.208377160002 10591.62284 
601.0 458.0 6.15145360001 4648.54639999 
417.0 340.0 0.442201320005 10357.79868 
768.0 148.0 0.116113160002 10683.88684 
553.0 141.0 0.165916400003 10634.0836 
545.0 595.0 0.056560000001 10743.44 
663.0 129.0 0.469308880004 10330.69112 
583.0 608.0 0.0976578800009 10702.34212 
437.0 318.0 0.226668800004 10573.3312 
648.0 491.0 0.904245280024 9895.75471998 
654.0 425.0 0.943024000019 9856.97599998 
860.0 218.0 0.396072000002 10403.928 
766.0 209.0 0.390835200007 10409.1648 
696.0 7.0 0.114627200002 10685.3728 
723.0 140.0 0.201140000005 10598.86 
602.0 521.0 0.619440000017 10180.56 
877.0 351.0 0.00830799999985 10791.692 
697.0 70.0 0.294959120004 10505.04088 
454.0 400.0 0.678938400012 10121.0616 
392.0 428.0 0.284973440006 10515.02656 
673.0 408.0 1.09093220001 9709.06779999 
547.0 60.0 0.131399280002 10668.60072 
735.0 415.0 0.377174880006 10422.82512 
540.0 550.0 0.189192 10610.808 
484.0 290.0 0.377392600009 10422.6074 
672.0 273.0 0.603225600009 10196.7744 
689.0 236.0 0.49437628001 10305.62372 
627.0 305.0 0.908085400021 9891.91459998 
558.0 324.0 1.28936000002 9510.63999998 
802.0 270.0 0.490860200003 10309.1398 
569.0 292.0 1.64563544002 9154.36455998 
412.0 542.0 0.00620000000017 10793.8 
700.0 524.0 0.154444000003 10645.556 
722.0 372.0 0.340189440008 10459.81056 
272.0 581.0 0.00646000000018 10793.54 
347.0 206.0 0.107476000001 10692.524 
805.0 226.0 0.458233000004 10341.767 
779.0 508.0 0.0430402800008 10756.95972 
545.0 286.0 2.03055200001 8769.44799999 
784.0 462.0 0.175352800002 10624.6472 
460.0 456.0 1.56619152 9233.80848 
659.0 358.0 0.527911200013 10272.0888 
432.0 125.0 0.0745697600004 10725.43024 
689.0 439.0 0.395409520009 10404.59048 
930.0 286.0 0.0181600000005 10781.84 
741.0 88.0 0.194211760003 10605.78824 
648.0 110.0 0.393766240003 10406.23376 
410.0 571.0 0.016678 10783.322 
671.0 341.0 1.43443824001 9365.56175999 
588.0 239.0 1.01566880001 9784.33119999 
725.0 373.0 0.387927000007 10412.073 
688.0 634.0 0.0 10800.0 
641.0 699.0 0.0 10800.0 
524.0 308.0 1.01566784002 9784.33215998 
576.0 421.0 2.60454336001 8195.45663999 
875.0 64.0 0.1919912 10608.0088 
804.0 15.0 0.0377593200003 10762.24068 
706.0 64.0 0.317948000002 10482.052 
243.0 479.0 0.0811135999997 10718.8864 
703.0 55.0 0.172094000003 10627.906 
732.0 183.0 0.501717920008 10298.28208 
733.0 255.0 0.899908000009 9900.09199999 
555.0 271.0 0.684286240016 10115.71376 
636.0 440.0 1.86507632004 8934.92367996 
629.0 164.0 0.222688400005 10577.3116 
810.0 117.0 0.136713280002 10663.28672 
649.0 348.0 0.817188000021 9982.81199998 
684.0 21.0 0.0853260000012 10714.674 
944.0 143.0 0.14637072 10653.62928 
696.0 150.0 0.250078080005 10549.92192 
623.0 321.0 0.673950160011 10126.04984 
735.0 222.0 0.331481280008 10468.51872 
618.0 226.0 0.631269920011 10168.73008 
615.0 241.0 0.977697400008 9822.30259999 
864.0 350.0 0.00620000000017 10793.8 
298.0 641.0 0.06170592 10738.29408 
474.0 8.0 0.0892456000002 10710.7544 
527.0 22.0 0.106937760001 10693.06224 
691.0 461.0 0.850926080012 9949.07391999 
398.0 195.0 0.137872880002 10662.12712 
740.0 343.0 0.685235200006 10114.7648 
765.0 349.0 0.094406080002 10705.59392 
508.0 246.0 0.41310800001 10386.892 
517.0 265.0 0.677256800013 10122.7432 
782.0 142.0 0.185910200004 10614.0898 
510.0 276.0 0.743275480016 10056.72452 
622.0 417.0 1.36113104003 9438.86895997 
627.0 323.0 0.638485200013 10161.5148 
540.0 57.0 0.129477760002 10670.52224 
755.0 168.0 0.732956120008 10067.04388 
643.0 111.0 0.147521600003 10652.4784 
532.0 219.0 0.984040480007 9815.95951999 
162.0 694.0 0.0805980000002 10719.402 
550.0 123.0 0.200877600004 10599.1224 
223.0 702.0 0.0370502400001 10762.94976 
832.0 108.0 0.224368920002 10575.63108 
495.0 301.0 0.544449600014 10255.5504 
932.0 210.0 0.251487360001 10548.51264 
810.0 253.0 0.123966240002 10676.03376 
621.0 362.0 1.21141216002 9588.58783998 
544.0 155.0 0.680248800003 10119.7512 
471.0 219.0 0.422941440005 10377.05856 
729.0 264.0 0.85845272001 9941.54727999 
223.0 656.0 0.0124200000003 10787.58 
541.0 86.0 0.265584400004 10534.4156 
781.0 132.0 0.239947840002 10560.05216 
414.0 160.0 0.115231960001 10684.76804 
410.0 409.0 0.281573400006 10518.4266 
949.0 489.0 0.0 10800.0 
444.0 187.0 0.111434400002 10688.5656 
899.0 328.0 0.0 10800.0 
561.0 107.0 0.164391320003 10635.60868 
609.0 225.0 0.454352160011 10345.64784 
769.0 29.0 0.178500720001 10621.49928 
689.0 207.0 0.706483800014 10093.5162 
460.0 415.0 0.352574080009 10447.42592 
833.0 202.0 0.113357600001 10686.6424 
642.0 215.0 0.800952320011 9999.04767999 
758.0 397.0 0.155963400002 10644.0366 
699.0 365.0 0.551620000011 10248.38 
317.0 498.0 0.00640000000018 10793.6 
612.0 190.0 0.464586400009 10335.4136 
841.0 14.0 0.0747044800008 10725.29552 
901.0 56.0 0.0399232000008 10760.0768 
666.0 217.0 0.659557080014 10140.44292 
966.0 170.0 0.0319278400006 10768.07216 
41.0 798.0 0.0 10800.0 
884.0 214.0 0.112850400001 10687.1496 
867.0 218.0 0.0793312000015 10720.6688 
