500.0 500.0
613.0 387.0 0.499616200009 10300.3838 
501.0 501.0 0.149147040004 10650.85296 
506.0 638.0 0.170049000003 10629.951 
352.0 663.0 0.289804560007 10510.19544 
439.0 354.0 0.304125200007 10495.8748 
351.0 601.0 0.447852000008 10352.148 
590.0 484.0 0.705384040006 10094.61596 
493.0 346.0 0.507474600004 10292.5254 
525.0 615.0 0.246924000006 10553.076 
355.0 517.0 0.621279520015 10178.72048 
749.0 388.0 0.450334400006 10349.6656 
503.0 584.0 0.632353600006 10167.6464 
455.0 518.0 0.564073240015 10235.92676 
688.0 476.0 0.290390560007 10509.60944 
417.0 456.0 0.933096240016 9866.90375998 
379.0 562.0 1.89944116001 8900.55883999 
325.0 526.0 0.616162560009 10183.83744 
738.0 395.0 0.627025360007 10172.97464 
535.0 492.0 0.590116520009 10209.88348 
623.0 313.0 0.152181120002 10647.81888 
596.0 562.0 0.301312400006 10498.6876 
681.0 454.0 0.262666400006 10537.3336 
543.0 577.0 0.165837280004 10634.16272 
534.0 400.0 0.192920000005 10607.08 
716.0 573.0 0.0829440000006 10717.056 
525.0 605.0 0.307320000006 10492.68 
253.0 688.0 0.266296320003 10533.70368 
681.0 558.0 0.212214720002 10587.78528 
248.0 712.0 0.142505400002 10657.4946 
422.0 415.0 0.627234520005 10172.76548 
360.0 652.0 0.283633000006 10516.367 
635.0 417.0 1.60148080001 9198.51919999 
105.0 772.0 0.0725520000004 10727.448 
797.0 438.0 0.252783600003 10547.2164 
483.0 727.0 0.0121200000003 10787.88 
253.0 599.0 0.532274400005 10267.7256 
545.0 565.0 1.47276000001 9327.23999999 
387.0 397.0 0.300379840002 10499.62016 
318.0 651.0 0.435604000007 10364.396 
717.0 440.0 0.246560480006 10553.43952 
325.0 563.0 0.363450320009 10436.54968 
460.0 518.0 0.717704160016 10082.29584 
320.0 485.0 0.405444000007 10394.556 
353.0 345.0 0.112948800002 10687.0512 
289.0 574.0 0.284968000007 10515.032 
218.0 596.0 0.265051720003 10534.94828 
913.0 370.0 0.105928000001 10694.072 
168.0 652.0 0.0896760000009 10710.324 
325.0 623.0 0.848630000011 9951.36999999 
325.0 556.0 0.486049760011 10313.95024 
326.0 353.0 0.141741680002 10658.25832 
336.0 249.0 0.0 10800.0 
653.0 280.0 0.217430000002 10582.57 
468.0 511.0 0.687934600008 10112.0654 
234.0 392.0 0.0950330000005 10704.967 
289.0 685.0 0.343675200003 10456.3248 
551.0 251.0 0.0190000000005 10781.0 
671.0 496.0 0.373565000004 10426.435 
350.0 361.0 0.178568480003 10621.43152 
384.0 635.0 1.54490568001 9255.09431999 
649.0 465.0 0.344635600008 10455.3644 
201.0 651.0 0.199284800003 10600.7152 
170.0 580.0 0.0601152000007 10739.8848 
457.0 229.0 0.0898935600012 10710.10644 
254.0 510.0 0.411286840002 10388.71316 
459.0 505.0 0.561237920015 10238.76208 
420.0 504.0 0.697725440018 10102.27456 
632.0 579.0 0.0766616000005 10723.3384 
515.0 643.0 0.197025000004 10602.975 
413.0 642.0 0.129040000004 10670.96 
317.0 380.0 0.175584480002 10624.41552 
765.0 368.0 0.189401040005 10610.59896 
817.0 464.0 0.0311828800001 10768.81712 
673.0 618.0 0.0703448000009 10729.6552 
720.0 514.0 0.130237000003 10669.763 
237.0 644.0 0.239524880003 10560.47512 
658.0 345.0 0.268745400002 10531.2546 
374.0 507.0 1.12123184001 9678.76815999 
518.0 616.0 0.108738360003 10691.26164 
341.0 698.0 0.206749840004 10593.25016 
751.0 348.0 0.142180000003 10657.82 
687.0 458.0 0.337393560008 10462.60644 
784.0 592.0 0.0755860000004 10724.414 
772.0 272.0 0.176957600002 10623.0424 
365.0 434.0 0.457077320009 10342.92268 
206.0 699.0 0.139336880002 10660.66312 
434.0 236.0 0.144638200002 10655.3618 
693.0 418.0 1.00088960001 9799.11039999 
325.0 660.0 0.229707760005 10570.29224 
310.0 513.0 0.242235680005 10557.76432 
872.0 303.0 0.0398300000012 10760.17 
419.0 760.0 0.0766014000001 10723.3986 
768.0 336.0 0.519087560002 10280.91244 
784.0 357.0 0.118070560002 10681.92944 
574.0 379.0 2.07986312001 8720.13687999 
207.0 504.0 0.072875200001 10727.1248 
541.0 318.0 0.357927520009 10442.07248 
410.0 356.0 0.130775000002 10669.225 
197.0 497.0 0.0797664800011 10720.23352 
484.0 632.0 0.199165600003 10600.8344 
186.0 723.0 0.129527760001 10670.47224 
647.0 713.0 0.0772357200003 10722.76428 
547.0 814.0 0.0 10800.0 
638.0 442.0 0.847596480009 9952.40351999 
226.0 675.0 0.191689120002 10608.31088 
299.0 358.0 0.200225280002 10599.77472 
429.0 513.0 3.06165880001 7738.34119999 
99.0 767.0 0.0888520400006 10711.14796 
209.0 462.0 0.0982990800013 10701.70092 
284.0 555.0 0.409629760005 10390.37024 
503.0 360.0 1.19084644 9609.15356 
882.0 317.0 0.109503360002 10690.49664 
487.0 617.0 0.304957760006 10495.04224 
253.0 595.0 0.296014560004 10503.98544 
311.0 425.0 0.109503880002 10690.49612 
500.0 744.0 0.0489438000007 10751.0562 
456.0 293.0 0.275755200002 10524.2448 
830.0 309.0 0.405826320001 10394.17368 
447.0 175.0 0.0751588000007 10724.8412 
196.0 675.0 0.111427200002 10688.5728 
500.0 712.0 0.110317440001 10689.68256 
366.0 375.0 0.207835360004 10592.16464 
694.0 213.0 0.104633200001 10695.3668 
541.0 490.0 0.330396960008 10469.60304 
360.0 399.0 0.300276000003 10499.724 
667.0 251.0 0.0442795200008 10755.72048 
385.0 393.0 0.235218240005 10564.78176 
873.0 310.0 0.143416000001 10656.584 
563.0 702.0 0.129927360002 10670.07264 
326.0 576.0 0.351363200009 10448.6368 
220.0 414.0 0.00626000000017 10793.74 
565.0 239.0 0.0165792000004 10783.4208 
156.0 815.0 0.0184400000005 10781.56 
385.0 420.0 0.363156000004 10436.844 
330.0 471.0 0.215105280005 10584.89472 
592.0 677.0 0.190618840002 10609.38116 
506.0 466.0 0.279194560007 10520.80544 
548.0 194.0 0.0620056000005 10737.9944 
107.0 419.0 0.0 10800.0 
118.0 789.0 0.0439648000002 10756.0352 
243.0 882.0 0.0 10800.0 
420.0 480.0 1.17989400002 9620.10599998 
263.0 567.0 0.224334000004 10575.666 
496.0 699.0 0.169938400001 10630.0616 
388.0 750.0 0.0818368800004 10718.16312 
593.0 139.0 0.0 10800.0 
747.0 341.0 0.170162920004 10629.83708 
447.0 349.0 0.299119600007 10500.8804 
531.0 637.0 0.523085600005 10276.9144 
506.0 242.0 0.0587095200009 10741.29048 
