500.0 500.0
600.0 540.0 0.974714240006 9825.28575999 
555.0 693.0 0.221544160004 10578.45584 
661.0 460.0 0.82232032002 9977.67967998 
533.0 523.0 0.443049600005 10356.9504 
414.0 669.0 0.413076000006 10386.924 
817.0 428.0 0.64903112001 10150.96888 
536.0 661.0 0.453679200011 10346.3208 
275.0 712.0 0.264715200002 10535.2848 
548.0 387.0 0.109646800001 10690.3532 
409.0 711.0 1.0047308 9795.2692 
680.0 672.0 0.146609120003 10653.39088 
651.0 734.0 0.257728600002 10542.2714 
580.0 801.0 0.0996132800019 10700.38672 
800.0 271.0 0.0851896400024 10714.81036 
702.0 416.0 0.488856400013 10311.1436 
889.0 354.0 0.624280520006 10175.71948 
817.0 409.0 0.477162400011 10322.8376 
747.0 188.0 0.138191200002 10661.8088 
683.0 629.0 0.190764800004 10609.2352 
427.0 728.0 0.252392000005 10547.608 
806.0 360.0 0.242858800005 10557.1412 
694.0 609.0 0.228147360004 10571.85264 
898.0 484.0 0.150453560003 10649.54644 
725.0 545.0 0.340602400005 10459.3976 
466.0 538.0 1.076172 9723.828 
892.0 350.0 0.243547680005 10556.45232 
556.0 682.0 0.295073600006 10504.9264 
876.0 458.0 0.152509160002 10647.49084 
709.0 796.0 0.0464354000005 10753.5646 
382.0 652.0 0.95327400001 9846.72599999 
933.0 300.0 0.183590720003 10616.40928 
729.0 326.0 2.72308920001 8076.91079999 
278.0 704.0 0.336589640002 10463.41036 
755.0 524.0 0.108873840002 10691.12616 
656.0 734.0 0.151700000003 10648.3 
908.0 399.0 0.308503520004 10491.49648 
312.0 645.0 0.168587200003 10631.4128 
219.0 566.0 0.0 10800.0 
709.0 237.0 0.613847360002 10186.15264 
784.0 341.0 0.954550000009 9845.44999999 
368.0 581.0 0.272344320007 10527.65568 
644.0 668.0 0.497888600003 10302.1114 
899.0 254.0 0.0745994000012 10725.4006 
819.0 166.0 0.0795629600002 10720.43704 
589.0 593.0 0.073440000002 10726.56 
694.0 535.0 0.219014600003 10580.9854 
636.0 632.0 0.398921800006 10401.0782 
684.0 189.0 0.177311160002 10622.68884 
505.0 785.0 0.121981200001 10678.0188 
665.0 568.0 0.795793720006 10004.20628 
873.0 227.0 0.134142400001 10665.8576 
379.0 820.0 0.0 10800.0 
756.0 437.0 0.560840000013 10239.16 
741.0 300.0 0.588829600006 10211.1704 
636.0 85.0 0.0652984000005 10734.7016 
707.0 426.0 1.00509200002 9794.90799998 
601.0 718.0 0.196567400004 10603.4326 
583.0 369.0 0.0679860000004 10732.014 
212.0 689.0 0.115832560002 10684.16744 
747.0 547.0 0.0811040400008 10718.89596 
611.0 712.0 0.210319760005 10589.68024 
956.0 295.0 0.104826000001 10695.174 
865.0 281.0 0.366254160004 10433.74584 
859.0 505.0 0.305373600002 10494.6264 
937.0 337.0 0.196635720003 10603.36428 
824.0 348.0 0.483260560006 10316.73944 
468.0 754.0 0.475378400004 10324.6216 
669.0 139.0 0.155903360001 10644.09664 
637.0 467.0 0.788446400011 10011.5536 
632.0 434.0 2.23267872001 8567.32127999 
734.0 446.0 0.543371400005 10256.6286 
811.0 400.0 0.292469200007 10507.5308 
533.0 613.0 0.676321680006 10123.67832 
814.0 234.0 0.157589600002 10642.4104 
397.0 716.0 0.293627520006 10506.37248 
727.0 633.0 0.056846000001 10743.154 
703.0 536.0 0.215292200005 10584.7078 
500.0 450.0 0.129820000001 10670.18 
795.0 615.0 0.198273920001 10601.72608 
412.0 686.0 0.362114880008 10437.88512 
550.0 515.0 0.427487000006 10372.513 
485.0 455.0 0.0523100000007 10747.69 
984.0 437.0 0.0186800000005 10781.32 
997.0 238.0 0.0741364000002 10725.8636 
659.0 518.0 0.283668400006 10516.3316 
528.0 802.0 0.248873920003 10551.12608 
617.0 621.0 0.345756200007 10454.2438 
669.0 382.0 3.14625224001 7653.74775999 
696.0 407.0 1.52912000002 9270.87999998 
428.0 646.0 0.400874400007 10399.1256 
611.0 806.0 0.0984280000011 10701.572 
998.0 390.0 0.0333312800006 10766.66872 
689.0 554.0 0.251748000005 10548.252 
849.0 554.0 0.0916040000005 10708.396 
918.0 448.0 0.132663800002 10667.3362 
837.0 583.0 0.106342400001 10693.6576 
652.0 524.0 0.501201920006 10298.79808 
873.0 435.0 0.167809600003 10632.1904 
693.0 199.0 0.157164000002 10642.836 
582.0 753.0 0.428030160004 10371.96984 
743.0 583.0 0.455421000004 10344.579 
412.0 607.0 0.586001600004 10213.9984 
905.0 541.0 0.149828480001 10650.17152 
510.0 630.0 0.263485200006 10536.5148 
974.0 379.0 0.181951680002 10618.04832 
767.0 435.0 0.544743000013 10255.257 
247.0 476.0 0.0 10800.0 
895.0 361.0 0.264070000005 10535.93 
498.0 601.0 1.86910484 8930.89516 
621.0 709.0 0.192750400004 10607.2496 
492.0 377.0 0.102599040001 10697.40096 
682.0 762.0 0.089751400001 10710.2486 
650.0 792.0 0.152319400002 10647.6806 
723.0 570.0 0.185807680004 10614.19232 
860.0 447.0 0.535840760004 10264.15924 
561.0 678.0 0.587070600006 10212.9294 
958.0 494.0 0.111518800001 10688.4812 
351.0 734.0 0.568841240003 10231.15876 
764.0 544.0 0.120014520002 10679.98548 
323.0 889.0 0.0 10800.0 
913.0 289.0 0.321196000004 10478.804 
784.0 446.0 0.946905480013 9853.09451999 
753.0 191.0 0.101839200001 10698.1608 
845.0 482.0 0.349848640006 10450.15136 
608.0 168.0 0.0130200000004 10786.98 
401.0 575.0 0.147400000004 10652.6 
556.0 846.0 0.106034880001 10693.96512 
576.0 623.0 0.310957400008 10489.0426 
591.0 620.0 0.508736760007 10291.26324 
434.0 736.0 0.221930320004 10578.06968 
276.0 730.0 0.249146040002 10550.85396 
617.0 289.0 0.0 10800.0 
580.0 848.0 0.0969424000008 10703.0576 
605.0 560.0 0.542916000005 10257.084 
808.0 725.0 0.0 10800.0 
586.0 438.0 0.416020000012 10383.98 
785.0 506.0 0.721573640005 10078.42636 
907.0 337.0 0.162096680004 10637.90332 
708.0 889.0 0.0 10800.0 
881.0 479.0 0.125276800002 10674.7232 
621.0 575.0 0.325584240008 10474.41576 
531.0 692.0 0.150945000002 10649.055 
289.0 801.0 0.0887472000005 10711.2528 
928.0 635.0 0.0 10800.0 
587.0 661.0 0.570452000009 10229.548 
796.0 280.0 0.628670000006 10171.33 
745.0 403.0 3.42678688001 7373.21311999 
263.0 737.0 0.0468248400008 10753.17516 
988.0 368.0 0.0916489600014 10708.35104 
263.0 716.0 0.0538789200013 10746.12108 
