500.0 500.0
519.0 405.0 0.118120000003 10681.88 
384.0 417.0 0.216693480004 10583.30652 
554.0 477.0 1.14821600001 9651.78399999 
653.0 476.0 0.271148080006 10528.85192 
425.0 283.0 0.239112840001 10560.88716 
405.0 394.0 0.322559280008 10477.44072 
462.0 462.0 0.452718880011 10347.28112 
662.0 442.0 0.193366800003 10606.6332 
634.0 372.0 0.360975000008 10439.025 
755.0 377.0 0.212110000003 10587.89 
533.0 385.0 0.162360000004 10637.64 
594.0 249.0 0.188254200003 10611.7458 
560.0 365.0 0.238912440003 10561.08756 
590.0 251.0 0.198404600003 10601.5954 
583.0 588.0 0.214844480005 10585.15552 
675.0 507.0 0.259620000005 10540.38 
463.0 453.0 0.41726976001 10382.73024 
386.0 163.0 0.0744650000004 10725.535 
774.0 559.0 0.044378160001 10755.62184 
749.0 563.0 0.271544120002 10528.45588 
381.0 595.0 0.0122400000003 10787.76 
294.0 314.0 0.162168640002 10637.83136 
666.0 365.0 0.442976960007 10357.02304 
702.0 310.0 0.230457840003 10569.54216 
426.0 503.0 0.412830400007 10387.1696 
585.0 451.0 0.204040000006 10595.96 
794.0 421.0 0.140963920002 10659.03608 
382.0 417.0 0.500727800011 10299.2722 
609.0 263.0 0.244595680003 10555.40432 
631.0 208.0 0.153701040002 10646.29896 
668.0 668.0 0.199279200003 10600.7208 
471.0 656.0 0.00610000000017 10793.9 
712.0 635.0 0.385323600003 10414.6764 
698.0 372.0 0.206079040004 10593.92096 
517.0 137.0 0.0898484800016 10710.15152 
646.0 319.0 0.228605000005 10571.395 
669.0 366.0 0.239522800005 10560.4772 
698.0 416.0 0.576899880005 10223.10012 
753.0 713.0 0.110333120001 10689.66688 
415.0 330.0 0.829464000011 9970.53599999 
843.0 394.0 0.00618000000017 10793.82 
424.0 44.0 0.0 10800.0 
529.0 500.0 0.299713280008 10500.28672 
651.0 593.0 0.961161880005 9838.83812 
483.0 480.0 0.256193840007 10543.80616 
708.0 193.0 0.082357840001 10717.64216 
621.0 728.0 0.0778731200006 10722.12688 
806.0 132.0 0.0 10800.0 
357.0 436.0 0.290065200006 10509.9348 
438.0 535.0 0.239055120001 10560.94488 
477.0 262.0 0.710133120005 10089.86688 
170.0 247.0 0.0976350400006 10702.36496 
500.0 143.0 0.124756600001 10675.2434 
917.0 336.0 0.00688000000019 10793.12 
376.0 397.0 0.401069600009 10398.9304 
166.0 345.0 0.0729748800006 10727.02512 
492.0 340.0 0.653667120004 10146.33288 
803.0 248.0 0.0556714400001 10744.32856 
407.0 570.0 0.0922476800004 10707.75232 
642.0 406.0 0.339616560006 10460.38344 
975.0 189.0 0.0 10800.0 
341.0 282.0 0.167390560003 10632.60944 
803.0 697.0 0.049315840001 10750.68416 
647.0 506.0 0.312287760007 10487.71224 
598.0 541.0 1.58905536001 9210.94463999 
603.0 382.0 1.20647680001 9593.52319999 
424.0 242.0 0.114971360002 10685.02864 
209.0 266.0 0.0541787200008 10745.82128 
561.0 338.0 0.764036800004 10035.9632 
373.0 459.0 0.528968800009 10271.0312 
671.0 347.0 0.212134880004 10587.86512 
338.0 545.0 0.0971109600008 10702.88904 
473.0 228.0 0.220710720003 10579.28928 
656.0 161.0 0.0599349600005 10740.06504 
718.0 788.0 0.0 10800.0 
331.0 338.0 0.227108640004 10572.89136 
984.0 332.0 0.0688687999998 10731.1312 
378.0 383.0 0.433053920011 10366.94608 
385.0 379.0 0.424396120011 10375.60388 
848.0 281.0 0.0530041600006 10746.99584 
710.0 240.0 0.0930864000013 10706.9136 
676.0 553.0 0.565881760007 10234.11824 
210.0 434.0 0.0807448000006 10719.2552 
814.0 287.0 0.0116600000003 10788.34 
763.0 329.0 0.0965063200008 10703.49368 
171.0 115.0 0.0 10800.0 
871.0 437.0 0.0946466000005 10705.3534 
210.0 305.0 0.339804120001 10460.19588 
607.0 541.0 0.312932000007 10487.068 
347.0 452.0 0.0646390000016 10735.361 
362.0 330.0 0.260313120005 10539.68688 
807.0 562.0 0.0784314000009 10721.5686 
303.0 467.0 0.0987536000006 10701.2464 
713.0 622.0 0.251048600003 10548.9514 
350.0 490.0 0.125375400001 10674.6246 
632.0 451.0 0.561624520005 10238.37548 
531.0 181.0 0.443955640003 10356.04436 
314.0 329.0 0.185865920003 10614.13408 
595.0 610.0 0.420280480005 10379.71952 
249.0 371.0 0.200501720001 10599.49828 
545.0 548.0 0.496739800004 10303.2602 
95.0 264.0 0.0 10800.0 
698.0 463.0 0.260477600005 10539.5224 
763.0 574.0 0.113417120001 10686.58288 
548.0 682.0 0.0242400000007 10775.76 
624.0 451.0 0.235198280005 10564.80172 
602.0 352.0 0.292269400006 10507.7306 
721.0 277.0 0.131630320002 10668.36968 
790.0 734.0 0.0713954000009 10728.6046 
774.0 683.0 0.288659840001 10511.34016 
545.0 173.0 0.0600048000012 10739.9952 
932.0 550.0 0.0 10800.0 
191.0 581.0 0.0 10800.0 
705.0 462.0 0.521678000004 10278.322 
440.0 468.0 0.785794720009 10014.20528 
703.0 651.0 0.276841760003 10523.15824 
612.0 320.0 0.592086000007 10207.914 
410.0 392.0 0.451520640008 10348.47936 
486.0 375.0 0.479491040011 10320.50896 
723.0 256.0 0.161049600001 10638.9504 
755.0 343.0 0.147815200002 10652.1848 
656.0 247.0 0.282952000003 10517.048 
430.0 405.0 2.46036784 8339.63216 
597.0 529.0 0.393749200009 10406.2508 
657.0 452.0 0.251987200005 10548.0128 
450.0 227.0 0.179649480003 10620.35052 
953.0 408.0 0.0 10800.0 
488.0 453.0 1.37468444001 9425.31555999 
478.0 692.0 0.0225089999999 10777.491 
566.0 524.0 0.569375200009 10230.6248 
737.0 414.0 0.253193920003 10546.80608 
789.0 402.0 0.067522920001 10732.47708 
766.0 537.0 0.0187000000005 10781.3 
509.0 85.0 0.0676246000008 10732.3754 
414.0 222.0 0.240903680004 10559.09632 
611.0 664.0 0.126756800001 10673.2432 
618.0 527.0 0.417537200009 10382.4628 
277.0 333.0 0.459848480003 10340.15152 
618.0 715.0 0.102049320001 10697.95068 
523.0 367.0 0.0737384000015 10726.2616 
400.0 338.0 0.337703520007 10462.29648 
626.0 299.0 0.574928880006 10225.07112 
545.0 590.0 0.225520800006 10574.4792 
160.0 483.0 0.0 10800.0 
706.0 343.0 0.255876360003 10544.12364 
894.0 555.0 0.0 10800.0 
643.0 545.0 0.332348800007 10467.6512 
325.0 616.0 0.0555932400003 10744.40676 
635.0 312.0 0.247208160004 10552.79184 
348.0 354.0 1.00438416 9795.61584 
