500.0 500.0
596.0 431.0 0.143550280003 10656.44972 
475.0 329.0 0.166322400004 10633.6776 
467.0 476.0 0.81831920002 9981.68079998 
359.0 530.0 1.56138600002 9238.61399998 
604.0 308.0 0.25546292 10544.53708 
371.0 422.0 0.558859000009 10241.141 
376.0 466.0 1.70425032002 9095.74967998 
258.0 443.0 0.352213840008 10447.78616 
175.0 552.0 0.502678400004 10297.3216 
236.0 571.0 0.677775000007 10122.225 
240.0 356.0 0.0979448000018 10702.0552 
332.0 675.0 0.0127000000003 10787.3 
489.0 628.0 0.121408640002 10678.59136 
304.0 411.0 0.46924740001 10330.7526 
409.0 583.0 0.349921600008 10450.0784 
479.0 357.0 0.289264200005 10510.7358 
416.0 741.0 0.0832482400004 10716.75176 
519.0 624.0 0.152185760004 10647.81424 
360.0 456.0 0.506680000012 10293.32 
503.0 365.0 0.989500320006 9810.49967999 
548.0 613.0 0.393672320003 10406.32768 
368.0 566.0 0.38823960001 10411.7604 
275.0 559.0 0.178356000005 10621.644 
397.0 465.0 1.18322620001 9616.77379999 
151.0 376.0 0.132813000001 10667.187 
435.0 491.0 2.23781680002 8562.18319998 
307.0 455.0 1.59788784001 9202.11215999 
537.0 571.0 0.583228000011 10216.772 
440.0 525.0 0.936490000024 9863.50999998 
293.0 517.0 0.481792000007 10318.208 
367.0 570.0 0.315764800007 10484.2352 
289.0 602.0 0.256792600005 10543.2074 
385.0 561.0 0.584244480014 10215.75552 
483.0 719.0 0.193406360002 10606.59364 
402.0 340.0 0.206280640003 10593.71936 
440.0 594.0 0.801529520018 9998.47047998 
455.0 240.0 0.0796092000005 10720.3908 
443.0 642.0 0.463306400009 10336.6936 
35.0 495.0 0.0678672000009 10732.1328 
302.0 280.0 0.125130120001 10674.86988 
215.0 454.0 0.289526280007 10510.47372 
531.0 427.0 1.3450916 9454.9084 
624.0 569.0 0.0556800000015 10744.32 
238.0 502.0 0.347100000008 10452.9 
620.0 730.0 0.0772014400002 10722.79856 
118.0 525.0 0.170933600003 10629.0664 
458.0 623.0 0.43761376001 10362.38624 
94.0 586.0 0.160947280002 10639.05272 
332.0 681.0 0.0653038000005 10734.6962 
431.0 706.0 0.101893600001 10698.1064 
430.0 335.0 0.281563720005 10518.43628 
485.0 420.0 0.284974400004 10515.0256 
495.0 607.0 0.470430240011 10329.56976 
357.0 338.0 0.418886840003 10381.11316 
219.0 444.0 0.382041040006 10417.95896 
723.0 530.0 0.0 10800.0 
655.0 635.0 0.5604326 10239.5674 
135.0 307.0 0.0804887600005 10719.51124 
332.0 269.0 0.119007440001 10680.99256 
699.0 705.0 0.188144960001 10611.85504 
594.0 269.0 0.0749343200004 10725.06568 
514.0 265.0 0.0954944000005 10704.5056 
184.0 698.0 0.0661056000004 10733.8944 
41.0 222.0 0.0 10800.0 
234.0 352.0 0.103248320001 10696.75168 
173.0 232.0 0.0 10800.0 
350.0 516.0 0.40932336001 10390.67664 
297.0 594.0 0.326116520004 10473.88348 
291.0 531.0 0.923315000009 9876.68499999 
507.0 738.0 0.05878536 10741.21464 
418.0 291.0 0.267785840003 10532.21416 
272.0 434.0 0.641949440006 10158.05056 
302.0 751.0 0.0915760000005 10708.424 
289.0 337.0 0.129507080002 10670.49292 
276.0 602.0 0.977668000007 9822.33199999 
209.0 395.0 0.455979600007 10344.0204 
421.0 569.0 2.68575280003 8114.24719997 
202.0 585.0 0.901867000004 9898.133 
408.0 826.0 0.0 10800.0 
362.0 550.0 0.652543360014 10147.45664 
575.0 677.0 0.168181000001 10631.819 
86.0 517.0 0.159539840002 10640.46016 
396.0 252.0 0.0554614000009 10744.5386 
133.0 545.0 0.277964200005 10522.0358 
128.0 389.0 0.121958600001 10678.0414 
349.0 111.0 0.00630000000017 10793.7 
470.0 491.0 0.970991160019 9829.00883998 
294.0 344.0 0.240763280002 10559.23672 
627.0 685.0 0.145857200002 10654.1428 
374.0 458.0 0.715392400018 10084.6076 
559.0 145.0 0.0 10800.0 
502.0 756.0 0.0355040000004 10764.496 
288.0 167.0 0.0 10800.0 
485.0 541.0 1.89896664003 8901.03335997 
24.0 341.0 0.0 10800.0 
355.0 460.0 0.495427080013 10304.57292 
497.0 602.0 0.948880800012 9851.11919999 
387.0 881.0 0.0 10800.0 
356.0 101.0 0.007119 10792.881 
455.0 592.0 0.45554876001 10344.45124 
113.0 491.0 0.0876000000019 10712.4 
23.0 491.0 0.0859716000006 10714.0284 
499.0 323.0 0.181165600005 10618.8344 
40.0 630.0 0.0795011200003 10720.49888 
758.0 757.0 0.0978932000005 10702.1068 
352.0 591.0 1.19820900001 9601.79099999 
234.0 515.0 0.308386000007 10491.614 
122.0 401.0 0.115208600001 10684.7914 
114.0 628.0 0.0862590000011 10713.741 
530.0 536.0 0.404953280008 10395.04672 
151.0 594.0 0.351085920005 10448.91408 
363.0 375.0 0.240808040002 10559.19196 
441.0 677.0 0.155601000002 10644.399 
533.0 342.0 0.0423000000012 10757.7 
554.0 703.0 0.0235200000007 10776.48 
828.0 612.0 0.0 10800.0 
228.0 660.0 0.232801120002 10567.19888 
457.0 529.0 0.865316800018 9934.68319998 
406.0 522.0 1.08493308002 9715.06691998 
155.0 485.0 0.288110440004 10511.88956 
751.0 640.0 0.141612960001 10658.38704 
360.0 108.0 0.00630000000017 10793.7 
397.0 595.0 0.607379200008 10192.6208 
300.0 302.0 0.105287000001 10694.713 
331.0 315.0 0.147292960002 10652.70704 
484.0 462.0 0.532684000014 10267.316 
453.0 445.0 0.380573520008 10419.42648 
305.0 443.0 0.516419200012 10283.5808 
361.0 665.0 0.358724160003 10441.27584 
394.0 596.0 0.536691200013 10263.3088 
132.0 531.0 0.248343200003 10551.6568 
521.0 508.0 0.263248400005 10536.7516 
607.0 251.0 0.0239157200006 10776.08428 
691.0 664.0 0.193140240003 10606.85976 
453.0 444.0 0.295301400006 10504.6986 
333.0 416.0 0.360196000007 10439.804 
456.0 649.0 0.333470800005 10466.5292 
430.0 356.0 0.730116000003 10069.884 
255.0 532.0 0.312871040006 10487.12896 
667.0 643.0 0.108450560002 10691.54944 
588.0 621.0 0.224779560002 10575.22044 
224.0 464.0 0.480442880007 10319.55712 
155.0 474.0 0.191287600004 10608.7124 
111.0 440.0 0.109659000001 10690.341 
175.0 668.0 0.128758080001 10671.24192 
476.0 327.0 0.166929840004 10633.07016 
167.0 457.0 0.320447280004 10479.55272 
250.0 422.0 0.410864400008 10389.1356 
150.0 419.0 0.164981840003 10635.01816 
771.0 675.0 0.0385750000001 10761.425 
