500.0 500.0
409.0 372.0 0.41249440001 10387.5056 
557.0 346.0 1.44458704001 9355.41295999 
375.0 257.0 0.241916000005 10558.084 
535.0 342.0 1.68234480002 9117.65519998 
431.0 270.0 0.542061520013 10257.93848 
502.0 413.0 2.83849392004 7961.50607996 
499.0 310.0 1.51947724002 9280.52275998 
449.0 413.0 0.773969000018 10026.031 
445.0 312.0 1.47760320001 9322.39679999 
400.0 381.0 0.164840680003 10635.15932 
649.0 236.0 0.195158000003 10604.842 
703.0 353.0 0.00584000000016 10794.16 
369.0 135.0 0.700566080007 10099.43392 
524.0 305.0 0.715770200018 10084.2298 
379.0 51.0 0.0478257600011 10752.17424 
331.0 254.0 0.0871228000017 10712.8772 
498.0 209.0 0.383945000007 10416.055 
191.0 236.0 0.0 10800.0 
449.0 355.0 1.23086900002 9569.13099998 
406.0 348.0 0.764758560012 10035.24144 
558.0 321.0 0.723354360017 10076.64564 
603.0 316.0 0.727472480008 10072.52752 
589.0 364.0 0.903776920015 9896.22307999 
535.0 74.0 0.270068000001 10529.932 
566.0 141.0 0.359092560002 10440.90744 
584.0 246.0 0.412696880009 10387.30312 
687.0 470.0 0.00891480000007 10791.0852 
670.0 205.0 0.225375040004 10574.62496 
547.0 463.0 1.86400168002 8935.99831998 
511.0 237.0 0.391129520009 10408.87048 
284.0 27.0 0.106420400001 10693.5796 
394.0 47.0 0.151980480002 10648.01952 
710.0 108.0 0.086350080001 10713.64992 
539.0 192.0 0.308051440006 10491.94856 
355.0 534.0 0.053553400001 10746.4466 
346.0 517.0 0.0637475600011 10736.25244 
519.0 288.0 0.701294400013 10098.7056 
658.0 515.0 0.0 10800.0 
407.0 177.0 1.21063000001 9589.36999999 
554.0 480.0 0.544080480014 10255.91952 
279.0 138.0 0.0931512000025 10706.8488 
487.0 157.0 0.201042240004 10598.95776 
484.0 28.0 0.165812560001 10634.18744 
605.0 321.0 0.514299960007 10285.70004 
603.0 400.0 0.53708800001 10262.912 
553.0 275.0 1.00008820001 9799.91179999 
551.0 36.0 0.0388720400001 10761.12796 
418.0 174.0 0.395750320009 10404.24968 
144.0 19.0 0.0 10800.0 
694.0 633.0 0.0 10800.0 
364.0 295.0 0.198215800002 10601.7842 
429.0 285.0 0.801096000012 9998.90399999 
333.0 304.0 0.109136000001 10690.864 
413.0 282.0 0.319026600007 10480.9734 
186.0 302.0 0.0823865999998 10717.6134 
471.0 273.0 0.62354880001 10176.4512 
301.0 144.0 0.701778600001 10098.2214 
517.0 550.0 0.277959920007 10522.04008 
482.0 144.0 0.189055280003 10610.94472 
469.0 335.0 1.34477336002 9455.22663998 
430.0 259.0 0.39694392001 10403.05608 
392.0 167.0 0.273837600006 10526.1624 
475.0 188.0 0.543484800011 10256.5152 
749.0 527.0 0.0656544000001 10734.3456 
316.0 314.0 0.108259720001 10691.74028 
574.0 142.0 0.187446560003 10612.55344 
658.0 110.0 0.0810560000007 10718.944 
819.0 442.0 0.0 10800.0 
379.0 354.0 0.527626400011 10272.3736 
626.0 263.0 0.168291200003 10631.7088 
710.0 21.0 0.00646000000018 10793.54 
362.0 546.0 0.388373600001 10411.6264 
281.0 15.0 0.0867359200009 10713.26408 
430.0 616.0 0.0311800000009 10768.82 
641.0 139.0 0.177325840003 10622.67416 
724.0 268.0 0.0322880000012 10767.712 
613.0 206.0 0.282461280005 10517.53872 
428.0 251.0 1.18868720001 9611.31279999 
423.0 3.0 0.0766133600003 10723.38664 
492.0 521.0 0.173240800004 10626.7592 
417.0 134.0 0.260352800005 10539.6472 
367.0 421.0 0.321804640007 10478.19536 
725.0 275.0 0.0250000000007 10775.0 
644.0 256.0 0.774416120001 10025.58388 
189.0 112.0 0.0 10800.0 
583.0 59.0 0.00634000000017 10793.66 
393.0 396.0 0.476530080009 10323.46992 
526.0 459.0 1.45836924002 9341.63075998 
273.0 106.0 0.122353120002 10677.64688 
253.0 344.0 0.00610000000017 10793.9 
682.0 459.0 0.00690000000019 10793.1 
603.0 251.0 0.354349600008 10445.6504 
384.0 386.0 0.229415200004 10570.5848 
732.0 171.0 0.133860000002 10666.14 
289.0 491.0 0.0948088000005 10705.1912 
595.0 337.0 0.41348920001 10386.5108 
452.0 418.0 1.07487360002 9725.12639998 
408.0 279.0 0.409734400009 10390.2656 
564.0 228.0 0.354905000006 10445.095 
549.0 209.0 0.619054720005 10180.94528 
686.0 164.0 0.161126960002 10638.87304 
440.0 451.0 3.0018142 7798.1858 
34.0 2.0 0.0311328000003 10768.8672 
462.0 172.0 0.701977280008 10098.02272 
587.0 280.0 0.373726400007 10426.2736 
743.0 707.0 0.0 10800.0 
529.0 572.0 0.168839000001 10631.161 
676.0 5.0 0.02470304 10775.29696 
402.0 149.0 0.339062080007 10460.93792 
411.0 609.0 0.0813876000024 10718.6124 
502.0 479.0 1.09852340002 9701.47659998 
535.0 371.0 1.06601004002 9733.98995998 
412.0 367.0 0.483996320011 10316.00368 
565.0 404.0 1.80345580002 8996.54419998 
648.0 636.0 0.00648000000018 10793.52 
403.0 228.0 0.359167000005 10440.833 
499.0 318.0 1.17342140002 9626.57859998 
552.0 322.0 0.510174040008 10289.82596 
538.0 206.0 0.303338000007 10496.662 
705.0 194.0 0.113824440001 10686.17556 
288.0 77.0 0.274317520002 10525.68248 
508.0 162.0 0.225527840004 10574.47216 
466.0 213.0 0.446710000011 10353.29 
292.0 128.0 0.253486080005 10546.51392 
681.0 196.0 0.154172960003 10645.82704 
289.0 121.0 0.120161320003 10679.83868 
524.0 392.0 2.21645816003 8583.54183997 
633.0 690.0 0.0471873600001 10752.81264 
491.0 227.0 0.411118200008 10388.8818 
732.0 591.0 0.00672000000018 10793.28 
265.0 92.0 0.194520000003 10605.48 
437.0 114.0 0.448238640005 10351.76136 
255.0 8.0 0.110666000001 10689.334 
572.0 164.0 0.156421600003 10643.5784 
407.0 53.0 0.245807680002 10554.19232 
335.0 37.0 0.116618400001 10683.3816 
771.0 221.0 0.104528800001 10695.4712 
769.0 356.0 0.0568232000002 10743.1768 
569.0 210.0 0.280371360006 10519.62864 
391.0 348.0 0.395490080007 10404.50992 
504.0 261.0 0.669752560014 10130.24744 
452.0 373.0 2.80670384003 7993.29615997 
329.0 412.0 0.0844564800007 10715.54352 
498.0 238.0 0.93495320001 9865.04679999 
789.0 282.0 0.0749058000003 10725.0942 
360.0 212.0 0.287114800005 10512.8852 
566.0 620.0 0.0616560000002 10738.344 
300.0 668.0 0.0 10800.0 
30.0 50.0 0.00552000000016 10794.48 
398.0 249.0 0.481001440011 10318.99856 
