500.0 500.0
579.0 378.0 0.789330000018 10010.67 
640.0 505.0 0.270353600006 10529.6464 
696.0 341.0 0.199610360001 10600.38964 
603.0 296.0 0.952903040024 9847.09695998 
496.0 474.0 1.91852368002 8881.47631998 
700.0 180.0 0.50547308001 10294.52692 
733.0 252.0 1.04486960002 9755.13039998 
849.0 158.0 0.366655360006 10433.34464 
563.0 297.0 1.44951680004 9350.48319996 
650.0 468.0 0.346676120008 10453.32388 
703.0 116.0 0.303013400007 10496.9866 
816.0 305.0 0.246458560005 10553.54144 
818.0 54.0 0.276479600005 10523.5204 
732.0 24.0 0.105053480001 10694.94652 
529.0 426.0 1.23617616003 9563.82383997 
482.0 618.0 0.377016400003 10422.9836 
935.0 114.0 0.153691480002 10646.30852 
858.0 73.0 0.099803200002 10700.1968 
626.0 159.0 0.388995200006 10411.0048 
484.0 583.0 0.188270400003 10611.7296 
514.0 562.0 0.408311200005 10391.6888 
851.0 14.0 0.109205280001 10690.79472 
519.0 541.0 0.666162320018 10133.83768 
554.0 462.0 1.06782080002 9732.17919998 
498.0 387.0 0.742766800019 10057.2332 
963.0 38.0 0.0125200000003 10787.48 
570.0 123.0 0.230700400004 10569.2996 
799.0 82.0 0.260096000005 10539.904 
513.0 264.0 0.943014680025 9856.98531998 
542.0 184.0 0.155478400001 10644.5216 
667.0 88.0 0.256156480003 10543.84352 
626.0 343.0 0.617500280015 10182.49972 
657.0 371.0 0.170760400003 10629.2396 
634.0 473.0 0.464120800006 10335.8792 
940.0 68.0 0.095456080001 10704.54392 
759.0 272.0 0.560587360011 10239.41264 
684.0 253.0 2.83552768002 7964.47231998 
555.0 566.0 0.269527720004 10530.47228 
600.0 449.0 0.989324800011 9810.67519999 
527.0 640.0 0.331874000002 10468.126 
388.0 702.0 0.0 10800.0 
881.0 73.0 0.158592080002 10641.40792 
580.0 622.0 0.102576400001 10697.4236 
926.0 169.0 0.228392000002 10571.608 
681.0 537.0 0.174567200003 10625.4328 
771.0 12.0 0.108208960001 10691.79104 
758.0 43.0 0.0820333600017 10717.96664 
942.0 221.0 0.344791000002 10455.209 
503.0 541.0 0.806345600019 9993.65439998 
630.0 54.0 0.158714400003 10641.2856 
507.0 702.0 0.109607680001 10690.39232 
601.0 142.0 0.207973520005 10592.02648 
610.0 171.0 1.69795992002 9102.04007998 
410.0 514.0 0.171468320002 10628.53168 
607.0 428.0 0.506116200007 10293.8838 
541.0 322.0 1.41929920004 9380.70079996 
626.0 433.0 0.369482600008 10430.5174 
567.0 33.0 0.0888330000003 10711.167 
806.0 116.0 0.285976000006 10514.024 
414.0 341.0 0.0988728000005 10701.1272 
516.0 740.0 0.0762656000005 10723.7344 
708.0 85.0 0.243790720003 10556.20928 
444.0 552.0 0.330923200005 10469.0768 
568.0 288.0 5.84804136002 4951.95863998 
972.0 136.0 0.0753708000008 10724.6292 
383.0 585.0 0.0893496000008 10710.6504 
775.0 253.0 0.40286360001 10397.1364 
535.0 253.0 1.12149600003 9678.50399997 
785.0 125.0 0.913621120008 9886.37887999 
567.0 129.0 0.205726280004 10594.27372 
629.0 389.0 0.378477680006 10421.52232 
451.0 6.0 0.0 10800.0 
537.0 342.0 6.13132880002 4668.67119998 
458.0 539.0 1.00243300002 9797.56699998 
294.0 357.0 0.0602999999997 10739.7 
505.0 406.0 6.14888800002 4651.11199998 
983.0 43.0 0.010989 10789.011 
788.0 192.0 0.458273600011 10341.7264 
661.0 103.0 0.209482960004 10590.51704 
844.0 54.0 0.107616840002 10692.38316 
872.0 210.0 0.486635000004 10313.365 
670.0 526.0 0.207092400002 10592.9076 
632.0 59.0 0.199121160003 10600.87884 
769.0 167.0 0.351073120007 10448.92688 
827.0 85.0 0.296357920006 10503.64208 
675.0 214.0 1.28375824003 9516.24175997 
420.0 452.0 0.590135200014 10209.8648 
606.0 641.0 0.113752400001 10686.2476 
623.0 244.0 5.19043916003 5609.56083997 
526.0 446.0 2.55147312003 8248.52687997 
500.0 346.0 0.593665000014 10206.335 
669.0 411.0 0.251627600005 10548.3724 
818.0 270.0 0.208316240005 10591.68376 
716.0 346.0 0.111574000001 10688.426 
720.0 206.0 0.683877800012 10116.1222 
629.0 344.0 0.123775000003 10676.225 
763.0 253.0 2.56326736002 8236.73263998 
644.0 122.0 0.483456080007 10316.54392 
677.0 61.0 0.184984000003 10615.016 
411.0 476.0 0.245419840003 10554.58016 
707.0 128.0 0.473436240011 10326.56376 
685.0 585.0 0.0686002400008 10731.39976 
509.0 679.0 0.164270000001 10635.73 
588.0 620.0 0.087403000001 10712.597 
820.0 594.0 0.0 10800.0 
749.0 82.0 0.297800480005 10502.19952 
667.0 359.0 0.104295680002 10695.70432 
329.0 468.0 0.0 10800.0 
483.0 379.0 1.27508328003 9524.91671997 
950.0 170.0 0.175028000001 10624.972 
676.0 143.0 0.713408000007 10086.592 
844.0 105.0 0.444519080006 10355.48092 
548.0 265.0 1.82471200005 8975.28799995 
659.0 20.0 0.101648640001 10698.35136 
574.0 454.0 0.440449120009 10359.55088 
750.0 176.0 1.46767296001 9332.32703999 
648.0 365.0 0.329927440004 10470.07256 
645.0 326.0 0.120691200002 10679.3088 
298.0 578.0 0.0 10800.0 
747.0 431.0 0.187990400001 10612.0096 
850.0 63.0 0.195673120003 10604.32688 
766.0 273.0 0.299104800008 10500.8952 
759.0 164.0 0.391999520007 10408.00048 
602.0 452.0 0.997536480011 9802.46351999 
578.0 501.0 0.900457800009 9899.54219999 
778.0 273.0 0.353367440008 10446.63256 
577.0 399.0 1.57702200004 9222.97799996 
786.0 103.0 0.297534000005 10502.466 
708.0 137.0 0.52144200001 10278.558 
482.0 647.0 0.107376000001 10692.624 
647.0 14.0 0.117422560001 10682.57744 
608.0 375.0 0.846583200016 9953.41679998 
723.0 503.0 0.250891960001 10549.10804 
403.0 518.0 0.149054880003 10650.94512 
546.0 441.0 1.43329592004 9366.70407996 
644.0 114.0 0.312398200007 10487.6018 
408.0 443.0 0.116763200001 10683.2368 
800.0 189.0 1.07669660001 9723.30339999 
441.0 273.0 0.527232480013 10272.76752 
979.0 50.0 0.105641120001 10694.35888 
594.0 412.0 0.505606400012 10294.3936 
759.0 216.0 0.486412640012 10313.58736 
632.0 370.0 0.279580040004 10520.41996 
351.0 433.0 0.103644760001 10696.35524 
870.0 54.0 0.187897000003 10612.103 
361.0 363.0 0.00600000000017 10794.0 
501.0 321.0 2.89676744004 7903.23255996 
793.0 380.0 0.0807266400004 10719.27336 
661.0 476.0 0.457440000006 10342.56 
759.0 363.0 0.0964541200008 10703.54588 
