500.0 500.0
453.0 420.0 1.96770704002 8832.29295998 
434.0 530.0 0.711051520018 10088.94848 
490.0 313.0 0.281597800006 10518.4022 
355.0 441.0 1.20406168001 9595.93831999 
553.0 255.0 0.189292160003 10610.70784 
446.0 421.0 0.734860040019 10065.13996 
425.0 459.0 1.01118608003 9788.81391997 
394.0 301.0 0.318645600007 10481.3544 
576.0 429.0 0.525301040012 10274.69896 
540.0 378.0 0.470681000008 10329.319 
696.0 346.0 0.102500000001 10697.5 
375.0 333.0 0.324941000007 10475.059 
318.0 486.0 0.304044960004 10495.95504 
462.0 348.0 0.561833200014 10238.1668 
392.0 401.0 0.699856000018 10100.144 
616.0 433.0 0.225073800004 10574.9262 
466.0 513.0 1.21577800002 9584.22199998 
342.0 441.0 0.489786240009 10310.21376 
694.0 414.0 0.170540080003 10629.45992 
685.0 232.0 0.0276712799999 10772.32872 
250.0 336.0 0.156726080002 10643.27392 
442.0 349.0 0.50728888001 10292.71112 
600.0 525.0 0.120335040003 10679.66496 
415.0 307.0 0.335325000007 10464.675 
398.0 465.0 1.22091100002 9579.08899998 
470.0 352.0 0.560939400013 10239.0606 
451.0 229.0 0.144080560004 10655.91944 
474.0 386.0 0.851270400019 9948.72959998 
428.0 433.0 0.988299400025 9811.70059997 
373.0 336.0 0.326588640007 10473.41136 
389.0 180.0 0.167974800002 10632.0252 
549.0 419.0 0.256000000007 10544.0 
357.0 434.0 0.530571840012 10269.42816 
510.0 374.0 0.517754200012 10282.2458 
319.0 281.0 0.335579040002 10464.42096 
270.0 486.0 0.154998960002 10645.00104 
466.0 447.0 1.37947260002 9420.52739998 
584.0 334.0 0.219125600003 10580.8744 
695.0 467.0 0.564643920003 10235.35608 
650.0 334.0 0.164564080003 10635.43592 
497.0 350.0 0.359311200007 10440.6888 
706.0 502.0 0.122672480001 10677.32752 
458.0 209.0 0.134725000003 10665.275 
503.0 426.0 1.25854360001 9541.45639999 
367.0 319.0 0.280211400006 10519.7886 
511.0 490.0 0.850983760023 9949.01623998 
552.0 420.0 0.892756000011 9907.24399999 
474.0 552.0 0.615953600013 10184.0464 
531.0 370.0 0.347109600008 10452.8904 
376.0 334.0 0.520330560006 10279.66944 
321.0 545.0 0.148821000002 10651.179 
357.0 505.0 0.298517600006 10501.4824 
292.0 453.0 0.149188200003 10650.8118 
265.0 441.0 0.226080080004 10573.91992 
772.0 215.0 0.0128200000004 10787.18 
658.0 349.0 0.140204560002 10659.79544 
365.0 380.0 0.474850000009 10325.15 
825.0 404.0 0.0 10800.0 
437.0 594.0 0.191406680003 10608.59332 
424.0 387.0 1.12268160002 9677.31839998 
399.0 304.0 0.561550000006 10238.45 
334.0 428.0 0.365500400008 10434.4996 
400.0 444.0 0.999456080023 9800.54391998 
324.0 583.0 0.123429400001 10676.5706 
416.0 554.0 0.244425000002 10555.575 
728.0 485.0 0.0937586000021 10706.2414 
326.0 202.0 0.112889680001 10687.11032 
433.0 645.0 0.0241000000007 10775.9 
800.0 529.0 0.0329443200007 10767.05568 
255.0 376.0 0.148876160002 10651.12384 
444.0 525.0 1.04985588002 9750.14411998 
549.0 339.0 0.148561800004 10651.4382 
648.0 210.0 0.00588000000016 10794.12 
416.0 375.0 1.47374000001 9326.25999999 
291.0 315.0 0.142861440002 10657.13856 
458.0 672.0 0.0400230400006 10759.97696 
583.0 445.0 0.520973840006 10279.02616 
331.0 445.0 0.403449520008 10396.55048 
280.0 349.0 0.140918640002 10659.08136 
272.0 322.0 0.167557440003 10632.44256 
314.0 541.0 0.0870284000016 10712.9716 
385.0 656.0 0.0528120000005 10747.188 
565.0 430.0 0.477477600012 10322.5224 
359.0 318.0 0.172327200003 10627.6728 
328.0 413.0 0.333637400007 10466.3626 
402.0 311.0 0.315732000006 10484.268 
585.0 360.0 0.643531320007 10156.46868 
570.0 301.0 0.288352880003 10511.64712 
373.0 155.0 0.138082480002 10661.91752 
404.0 418.0 0.635297000016 10164.703 
435.0 191.0 0.176453600004 10623.5464 
449.0 314.0 0.294832720006 10505.16728 
765.0 320.0 0.00638000000018 10793.62 
430.0 452.0 2.76011956003 8039.88043997 
578.0 515.0 0.276785000003 10523.215 
386.0 305.0 0.266824000005 10533.176 
517.0 379.0 1.29800164001 9501.99835999 
363.0 569.0 0.141175760003 10658.82424 
651.0 429.0 0.496084800005 10303.9152 
478.0 375.0 0.653559280014 10146.44072 
795.0 170.0 0.0467371200003 10753.26288 
397.0 644.0 0.0778760000005 10722.124 
762.0 158.0 0.0542136400001 10745.78636 
307.0 386.0 0.705212600005 10094.7874 
270.0 483.0 0.0794812000014 10720.5188 
717.0 362.0 0.0954495200011 10704.55048 
441.0 472.0 1.08434380003 9715.65619997 
525.0 327.0 0.312297200005 10487.7028 
412.0 202.0 0.249516800003 10550.4832 
338.0 440.0 0.46409100001 10335.909 
458.0 211.0 0.108882200003 10691.1178 
283.0 322.0 0.156897280002 10643.10272 
720.0 584.0 0.0 10800.0 
372.0 370.0 0.359948920008 10440.05108 
395.0 522.0 0.764274880017 10035.72512 
540.0 373.0 0.174360960004 10625.63904 
459.0 482.0 1.01915380002 9780.84619998 
384.0 305.0 0.275745440006 10524.25456 
790.0 294.0 0.0229807599997 10777.01924 
420.0 721.0 0.0945538000001 10705.4462 
265.0 313.0 0.0557770400009 10744.22296 
422.0 207.0 0.162101680003 10637.89832 
168.0 271.0 0.00612000000017 10793.88 
305.0 425.0 0.239749280005 10560.25072 
484.0 309.0 1.01642524001 9783.57475999 
354.0 512.0 0.370584000004 10429.416 
414.0 425.0 0.829476160016 9970.52383998 
268.0 468.0 0.171805600002 10628.1944 
480.0 230.0 0.880171680006 9919.82831999 
182.0 235.0 0.0243820800002 10775.61792 
392.0 456.0 0.689037600013 10110.9624 
421.0 468.0 0.976442000026 9823.55799997 
396.0 288.0 0.243546640004 10556.45336 
336.0 227.0 0.0867216000014 10713.2784 
570.0 161.0 0.0276992000005 10772.3008 
774.0 513.0 0.171307600001 10628.6924 
459.0 493.0 1.16807360002 9631.92639998 
555.0 252.0 0.216267680004 10583.73232 
393.0 126.0 0.103093040001 10696.90696 
502.0 460.0 1.33832400002 9461.67599998 
390.0 227.0 0.429686800002 10370.3132 
436.0 503.0 0.955591400023 9844.40859998 
696.0 386.0 0.133858080002 10666.14192 
546.0 174.0 0.192344800001 10607.6552 
585.0 500.0 1.35236144 9447.63856 
641.0 451.0 0.370480560007 10429.51944 
676.0 406.0 0.162861200003 10637.1388 
616.0 457.0 0.516526000008 10283.474 
295.0 212.0 0.102691840001 10697.30816 
261.0 232.0 0.107714200001 10692.2858 
