500.0 500.0
565.0 556.0 0.644463200017 10155.5368 
648.0 457.0 0.352471360008 10447.52864 
629.0 377.0 2.25833104001 8541.66895999 
569.0 647.0 0.0998740000024 10700.126 
676.0 285.0 0.361520000008 10438.48 
489.0 687.0 0.0817940000014 10718.206 
645.0 607.0 1.15793420001 9642.06579999 
630.0 488.0 1.54956644002 9250.43355998 
652.0 610.0 0.282807680006 10517.19232 
808.0 302.0 0.0615744000012 10738.4256 
650.0 495.0 0.521565120011 10278.43488 
745.0 489.0 0.178659200004 10621.3408 
673.0 364.0 0.791391800013 10008.6082 
769.0 210.0 0.248593800005 10551.4062 
711.0 543.0 0.300735000006 10499.265 
841.0 611.0 0.182635080003 10617.36492 
707.0 688.0 0.125370400001 10674.6296 
748.0 669.0 0.139690000002 10660.31 
521.0 445.0 2.69110808002 8108.89191998 
655.0 664.0 0.256557960003 10543.44204 
555.0 564.0 0.412627280008 10387.37272 
565.0 646.0 0.110892080003 10689.10792 
779.0 672.0 0.191024000003 10608.976 
461.0 608.0 0.0433200000012 10756.68 
791.0 524.0 0.177626720003 10622.37328 
858.0 517.0 0.247891000001 10552.109 
761.0 707.0 0.0932686000012 10706.7314 
829.0 603.0 0.437468800004 10362.5312 
721.0 265.0 0.510855040011 10289.14496 
629.0 445.0 0.73513376002 10064.86624 
492.0 390.0 1.29149792001 9508.50207999 
746.0 370.0 0.244271400005 10555.7286 
584.0 318.0 0.521059200009 10278.9408 
895.0 616.0 0.249440000003 10550.56 
762.0 550.0 0.220040000004 10579.96 
749.0 586.0 0.593767200006 10206.2328 
630.0 630.0 0.545572000005 10254.428 
617.0 434.0 0.772363000018 10027.637 
347.0 379.0 0.0872438000002 10712.7562 
595.0 420.0 0.747180800018 10052.8192 
557.0 537.0 1.22191624002 9578.08375998 
575.0 403.0 3.12786000002 7672.13999998 
690.0 332.0 0.38261356001 10417.38644 
562.0 624.0 0.517436040003 10282.56396 
563.0 553.0 0.608906920015 10191.09308 
651.0 479.0 0.466990040011 10333.00996 
501.0 689.0 0.101502600001 10698.4974 
747.0 552.0 0.420310800008 10379.6892 
512.0 456.0 0.751076800019 10048.9232 
717.0 174.0 0.201485760004 10598.51424 
621.0 534.0 2.45278128003 8347.21871997 
718.0 261.0 0.45405800001 10345.942 
635.0 699.0 0.31171704 10488.28296 
585.0 551.0 0.816177080021 9983.82291998 
403.0 314.0 0.00684000000019 10793.16 
716.0 545.0 0.328585600006 10471.4144 
609.0 477.0 0.74102532001 10058.97468 
843.0 143.0 0.313490560003 10486.50944 
615.0 740.0 0.100369920001 10699.63008 
680.0 586.0 1.60924580001 9190.75419999 
753.0 601.0 0.611429680006 10188.57032 
600.0 785.0 0.0463700000006 10753.63 
895.0 455.0 0.0868888000007 10713.1112 
915.0 414.0 0.103038240001 10696.96176 
572.0 622.0 0.293013440006 10506.98656 
716.0 328.0 0.404398400007 10395.6016 
458.0 645.0 0.157242400001 10642.7576 
693.0 426.0 0.400644800004 10399.3552 
623.0 435.0 0.656400960017 10143.59904 
726.0 395.0 0.240584000006 10559.416 
789.0 123.0 0.234324000004 10565.676 
607.0 331.0 0.737313280012 10062.68672 
674.0 233.0 0.383479360007 10416.52064 
557.0 508.0 3.50219040001 7297.80959999 
744.0 221.0 0.184989600003 10615.0104 
912.0 368.0 0.211553200001 10588.4468 
704.0 376.0 0.375599400008 10424.4006 
581.0 160.0 0.0552698800009 10744.73012 
622.0 265.0 0.429018000006 10370.982 
709.0 642.0 0.669409080008 10130.59092 
877.0 128.0 0.0970754800016 10702.92452 
450.0 168.0 0.0 10800.0 
650.0 572.0 0.796644040016 10003.35596 
949.0 515.0 0.11166336 10688.33664 
673.0 322.0 2.03122156002 8768.77843998 
934.0 628.0 0.0947962000012 10705.2038 
738.0 451.0 0.211832840004 10588.16716 
974.0 73.0 0.0865140000004 10713.486 
445.0 607.0 0.0563208800014 10743.67912 
618.0 268.0 0.434662800007 10365.3372 
790.0 737.0 0.10242768 10697.57232 
873.0 616.0 0.188802760003 10611.19724 
288.0 460.0 0.0 10800.0 
216.0 322.0 0.0 10800.0 
742.0 251.0 0.335454400008 10464.5456 
804.0 277.0 0.101534040002 10698.46596 
707.0 222.0 0.589698320007 10210.30168 
633.0 225.0 0.200825880004 10599.17412 
378.0 447.0 0.14301824 10656.98176 
791.0 125.0 0.748613600005 10051.3864 
419.0 502.0 0.0190400000005 10780.96 
934.0 496.0 0.167463640002 10632.53636 
665.0 288.0 0.40933080001 10390.6692 
632.0 182.0 0.0661920000008 10733.808 
680.0 255.0 1.27483408001 9525.16591999 
809.0 295.0 0.0668688000009 10733.1312 
654.0 517.0 0.442840000009 10357.16 
895.0 429.0 0.17861776 10621.38224 
769.0 410.0 0.189798560003 10610.20144 
538.0 352.0 0.867792800009 9932.20719999 
954.0 665.0 0.100358160001 10699.64184 
873.0 539.0 0.253284640003 10546.71536 
620.0 732.0 0.0607796800013 10739.22032 
927.0 529.0 0.115668600002 10684.3314 
633.0 440.0 0.721304600019 10078.6954 
812.0 484.0 0.465859400003 10334.1406 
646.0 184.0 0.285085800006 10514.9142 
899.0 223.0 0.0936878000005 10706.3122 
523.0 379.0 0.663636000016 10136.364 
792.0 612.0 0.192610000003 10607.39 
874.0 706.0 0.0 10800.0 
727.0 626.0 0.295028240006 10504.97176 
751.0 158.0 0.232201440004 10567.79856 
637.0 476.0 0.396684000009 10403.316 
594.0 521.0 1.14748368002 9652.51631998 
773.0 628.0 0.285253600005 10514.7464 
849.0 413.0 0.037080000001 10762.92 
946.0 388.0 0.0767644800004 10723.23552 
823.0 595.0 0.509902600004 10290.0974 
782.0 30.0 0.00634000000017 10793.66 
903.0 574.0 0.152488560003 10647.51144 
419.0 303.0 0.0119973599999 10788.00264 
790.0 338.0 0.354715360001 10445.28464 
902.0 610.0 0.159747680002 10640.25232 
972.0 341.0 0.0568158000001 10743.1842 
419.0 475.0 0.0285461600005 10771.45384 
847.0 166.0 0.224908920003 10575.09108 
737.0 179.0 0.558557440005 10241.44256 
703.0 513.0 1.10002680001 9699.97319999 
745.0 446.0 0.645443440003 10154.55656 
568.0 60.0 0.0 10800.0 
516.0 691.0 0.111350400001 10688.6496 
715.0 428.0 0.265674800006 10534.3252 
557.0 251.0 0.279130560001 10520.86944 
539.0 183.0 0.15472784 10645.27216 
396.0 684.0 0.0977302000008 10702.2698 
913.0 115.0 0.202126400001 10597.8736 
842.0 63.0 0.0879860000002 10712.014 
508.0 466.0 0.68136400001 10118.636 
408.0 614.0 0.0677169600009 10732.28304 
