500.0 500.0
401.0 397.0 0.933004400018 9866.99559998 
289.0 401.0 0.742585840016 10057.41416 
354.0 272.0 0.644711160008 10155.28884 
366.0 363.0 1.44078736002 9359.21263998 
264.0 369.0 0.48074040001 10319.2596 
233.0 328.0 0.291518080007 10508.48192 
418.0 380.0 1.45267328002 9347.32671998 
274.0 324.0 0.322012000007 10477.988 
353.0 442.0 2.21248792002 8587.51207998 
316.0 368.0 0.495976800007 10304.0232 
316.0 484.0 1.11693360002 9683.06639998 
274.0 257.0 0.675729360005 10124.27064 
428.0 280.0 0.0980400000027 10701.96 
426.0 238.0 0.404293800003 10395.7062 
452.0 504.0 2.19603520003 8603.96479997 
189.0 318.0 0.646461600005 10153.5384 
104.0 411.0 0.0573572000013 10742.6428 
88.0 288.0 0.298464520002 10501.53548 
336.0 580.0 0.037220000001 10762.78 
0.0 394.0 0.0978684000003 10702.1316 
305.0 150.0 0.126267000002 10673.733 
182.0 362.0 0.870700280005 9929.29971999 
362.0 329.0 0.733633400015 10066.3666 
184.0 224.0 0.153360000002 10646.64 
326.0 388.0 1.02984052002 9770.15947998 
301.0 246.0 0.300776960006 10499.22304 
396.0 395.0 0.510229800013 10289.7702 
144.0 363.0 0.436264000005 10363.736 
205.0 194.0 0.0651682000012 10734.8318 
421.0 500.0 1.42422552003 9375.77447997 
444.0 82.0 0.00628000000017 10793.72 
530.0 305.0 0.0775200000007 10722.48 
236.0 534.0 0.175607240001 10624.39276 
499.0 359.0 0.341163040007 10458.83696 
215.0 639.0 0.018866 10781.134 
358.0 429.0 1.11820000003 9681.79999997 
177.0 317.0 0.253222800005 10546.7772 
62.0 264.0 0.0823849600016 10717.61504 
494.0 207.0 0.273783200001 10526.2168 
535.0 305.0 0.089037280001 10710.96272 
407.0 371.0 0.899581120015 9900.41887999 
279.0 97.0 0.0730808000004 10726.9192 
309.0 544.0 0.232863200002 10567.1368 
550.0 116.0 0.0 10800.0 
432.0 511.0 0.595131800015 10204.8682 
262.0 455.0 0.542724760009 10257.27524 
306.0 290.0 0.286531240006 10513.46876 
302.0 316.0 0.609958600007 10190.0414 
492.0 418.0 0.530865000009 10269.135 
185.0 440.0 0.463401280005 10336.59872 
287.0 163.0 0.176779840001 10623.22016 
449.0 204.0 0.0865850000013 10713.415 
374.0 231.0 0.359108800005 10440.8912 
451.0 417.0 1.59525960002 9204.74039998 
72.0 268.0 0.256518000003 10543.482 
132.0 303.0 0.909971280004 9890.02872 
443.0 419.0 0.957709600022 9842.29039998 
542.0 443.0 0.708218240008 10091.78176 
487.0 354.0 0.386648840008 10413.35116 
236.0 403.0 0.819646480014 9980.35351999 
224.0 222.0 0.319718000003 10480.282 
63.0 151.0 0.1939606 10606.0394 
499.0 141.0 0.0843377200004 10715.66228 
648.0 369.0 0.0629894000006 10737.0106 
324.0 568.0 0.135161680001 10664.83832 
224.0 347.0 0.322661280007 10477.33872 
347.0 313.0 0.424787520011 10375.21248 
473.0 169.0 0.0546894000006 10745.3106 
386.0 243.0 0.292353440006 10507.64656 
128.0 552.0 0.0512697599999 10748.73024 
418.0 19.0 0.0646212 10735.3788 
211.0 412.0 0.328608200007 10471.3918 
321.0 536.0 0.200802080003 10599.19792 
156.0 375.0 0.415082240007 10384.91776 
229.0 458.0 0.332689600007 10467.3104 
620.0 408.0 0.260264160001 10539.73584 
194.0 541.0 0.0462060800005 10753.79392 
684.0 292.0 0.0122000000003 10787.8 
111.0 535.0 0.0330175200002 10766.98248 
314.0 87.0 0.0119000000003 10788.1 
207.0 181.0 0.0814724000013 10718.5276 
337.0 211.0 0.319696800002 10480.3032 
389.0 399.0 0.746257280014 10053.74272 
337.0 199.0 0.194444560003 10605.55544 
269.0 344.0 0.613441400013 10186.5586 
315.0 561.0 0.0914226400019 10708.57736 
716.0 323.0 0.0359405999999 10764.0594 
570.0 421.0 0.120326080003 10679.67392 
247.0 480.0 0.220068880004 10579.93112 
480.0 376.0 0.213128160005 10586.87184 
368.0 409.0 0.676889000017 10123.111 
263.0 349.0 0.494351600012 10305.6484 
544.0 489.0 0.535408440006 10264.59156 
554.0 434.0 0.450855000008 10349.145 
235.0 376.0 0.985070360013 9814.92963999 
449.0 463.0 2.11958080002 8680.41919998 
478.0 488.0 1.21892208003 9581.07791997 
228.0 283.0 0.219728320004 10580.27168 
409.0 249.0 0.248006200004 10551.9938 
322.0 435.0 0.865335360018 9934.66463998 
74.0 377.0 0.226321440003 10573.67856 
319.0 323.0 0.780979560011 10019.02044 
382.0 487.0 1.44499340003 9355.00659997 
649.0 93.0 0.0 10800.0 
203.0 598.0 0.0404670000003 10759.533 
584.0 538.0 0.107592600001 10692.4074 
71.0 230.0 0.225478160002 10574.52184 
244.0 269.0 0.381319680005 10418.68032 
583.0 482.0 0.151358800003 10648.6412 
408.0 301.0 1.30328 9496.72 
173.0 327.0 0.378255200008 10421.7448 
239.0 382.0 0.525595800014 10274.4042 
219.0 32.0 0.0 10800.0 
683.0 376.0 0.10134396 10698.65604 
225.0 368.0 0.616536000013 10183.464 
685.0 253.0 0.0311336800001 10768.86632 
245.0 452.0 0.355809400008 10444.1906 
207.0 189.0 0.0726662400013 10727.33376 
47.0 298.0 0.0723270000013 10727.673 
143.0 90.0 0.0 10800.0 
97.0 363.0 0.164370000003 10635.63 
45.0 275.0 0.109336000002 10690.664 
455.0 408.0 0.527309240014 10272.69076 
381.0 432.0 2.25779540001 8542.20459999 
471.0 528.0 0.700650000018 10099.35 
9.0 365.0 0.100424000001 10699.576 
275.0 402.0 0.521732000012 10278.268 
485.0 578.0 0.0935232800006 10706.47672 
336.0 171.0 0.135200320002 10664.79968 
210.0 207.0 0.147160000002 10652.84 
70.0 392.0 0.242621080002 10557.37892 
234.0 626.0 0.0124000000003 10787.6 
301.0 229.0 0.233738240004 10566.26176 
125.0 402.0 0.199469920002 10600.53008 
497.0 505.0 0.768855200021 10031.1448 
393.0 302.0 0.707796360009 10092.20364 
592.0 645.0 0.0 10800.0 
352.0 323.0 0.44462704001 10355.37296 
352.0 49.0 0.04255328 10757.44672 
222.0 197.0 0.198642560003 10601.35744 
129.0 720.0 0.0 10800.0 
278.0 303.0 0.266868000005 10533.132 
343.0 498.0 0.73507168001 10064.92832 
478.0 418.0 1.86668000002 8933.31999998 
0.0 128.0 0.07263592 10727.36408 
127.0 496.0 0.0121200000003 10787.88 
671.0 476.0 0.0 10800.0 
392.0 492.0 2.82139344003 7978.60655997 
508.0 25.0 0.0 10800.0 
287.0 409.0 2.34953200002 8450.46799998 
