500.0 500.0
484.0 624.0 0.947266440024 9852.73355998 
601.0 672.0 0.263239200006 10536.7608 
352.0 608.0 0.564220000014 10235.78 
709.0 785.0 0.0894264000016 10710.5736 
447.0 762.0 0.265672000005 10534.328 
511.0 651.0 0.743632440018 10056.36756 
595.0 582.0 0.144738880003 10655.26112 
306.0 509.0 0.198146200003 10601.8538 
541.0 800.0 0.235941400005 10564.0586 
335.0 587.0 0.348464480009 10451.53552 
529.0 512.0 0.282497000005 10517.503 
541.0 733.0 0.553452320011 10246.54768 
473.0 732.0 0.779806400009 10020.1936 
539.0 400.0 0.240012240006 10559.98776 
659.0 480.0 0.149566880003 10650.43312 
431.0 396.0 0.143673680002 10656.32632 
661.0 829.0 0.269604000001 10530.396 
503.0 562.0 2.98561516001 7814.38483999 
639.0 691.0 0.641824000003 10158.176 
571.0 372.0 0.305216960004 10494.78304 
426.0 728.0 0.318024480006 10481.97552 
517.0 759.0 0.308371320006 10491.62868 
349.0 781.0 0.169954760002 10630.04524 
501.0 345.0 0.151445120002 10648.55488 
446.0 777.0 0.211373920004 10588.62608 
542.0 679.0 1.32623872002 9473.76127998 
492.0 706.0 0.893274000014 9906.72599999 
616.0 692.0 0.301721200006 10498.2788 
313.0 698.0 0.587430120004 10212.56988 
325.0 765.0 0.578420560002 10221.57944 
481.0 480.0 0.596529600015 10203.4704 
343.0 661.0 0.779486880005 10020.51312 
259.0 631.0 0.141164760002 10658.83524 
652.0 500.0 0.0815048000017 10718.4952 
549.0 449.0 0.675814000004 10124.186 
371.0 379.0 0.292348400001 10507.6516 
256.0 902.0 0.0726078000002 10727.3922 
176.0 542.0 0.0605317200006 10739.46828 
448.0 269.0 0.0120800000003 10787.92 
322.0 962.0 0.0 10800.0 
511.0 385.0 0.496070400003 10303.9296 
571.0 261.0 0.158801400001 10641.1986 
648.0 606.0 0.135905000002 10664.095 
561.0 687.0 1.60393112001 9196.06887999 
540.0 896.0 0.161070400002 10638.9296 
582.0 832.0 0.304091440004 10495.90856 
517.0 646.0 1.57744800002 9222.55199998 
287.0 765.0 0.186276000003 10613.724 
543.0 849.0 0.390858880004 10409.14112 
241.0 732.0 0.462368800004 10337.6312 
461.0 927.0 0.0871742400011 10712.82576 
631.0 475.0 0.550543360006 10249.45664 
487.0 608.0 1.68606952002 9113.93047998 
396.0 713.0 0.264120720006 10535.87928 
501.0 419.0 0.365316400004 10434.6836 
515.0 634.0 1.03662000003 9763.37999997 
512.0 615.0 1.34298920002 9457.01079998 
436.0 410.0 0.159445120003 10640.55488 
309.0 480.0 0.320572400005 10479.4276 
452.0 861.0 0.196562000002 10603.438 
218.0 849.0 0.1937472 10606.2528 
563.0 790.0 0.438947600008 10361.0524 
580.0 757.0 0.810247040004 9989.75296 
402.0 731.0 0.186115880003 10613.88412 
424.0 979.0 0.0 10800.0 
674.0 591.0 0.151604640002 10648.39536 
479.0 578.0 1.32322704003 9476.77295997 
483.0 778.0 0.290080000006 10509.92 
432.0 513.0 0.783956800016 10016.0432 
543.0 713.0 0.685531600013 10114.4684 
687.0 756.0 0.0532724400014 10746.72756 
532.0 929.0 0.0918920000008 10708.108 
179.0 876.0 0.0 10800.0 
504.0 506.0 0.341699360009 10458.30064 
725.0 770.0 0.0971336400017 10702.86636 
482.0 865.0 0.175809360002 10624.19064 
408.0 676.0 0.524099400013 10275.9006 
265.0 593.0 0.431111800002 10368.8882 
659.0 538.0 0.268140000003 10531.86 
516.0 628.0 1.80956100002 8990.43899998 
561.0 503.0 1.37549240001 9424.50759999 
350.0 372.0 0.0373128000007 10762.6872 
565.0 828.0 0.207500800004 10592.4992 
689.0 381.0 0.206603240001 10593.39676 
515.0 918.0 0.0931503200009 10706.84968 
125.0 640.0 0.0 10800.0 
355.0 507.0 0.474965000008 10325.035 
329.0 839.0 0.209949920002 10590.05008 
641.0 464.0 0.209981600005 10590.0184 
473.0 694.0 0.364422400007 10435.5776 
363.0 628.0 0.50902480001 10290.9752 
208.0 579.0 0.195119000002 10604.881 
554.0 810.0 0.301132080006 10498.86792 
426.0 615.0 1.97846560001 8821.53439999 
399.0 529.0 0.791357600019 10008.6424 
338.0 903.0 0.0663202800002 10733.67972 
378.0 755.0 0.138194400001 10661.8056 
354.0 330.0 0.0654044000006 10734.5956 
495.0 870.0 0.212216480002 10587.78352 
766.0 542.0 0.0 10800.0 
658.0 947.0 0.00604000000017 10793.96 
582.0 446.0 0.718463200009 10081.5368 
347.0 840.0 0.141012360001 10658.98764 
656.0 275.0 0.103620800001 10696.3792 
284.0 755.0 0.143043840002 10656.95616 
399.0 473.0 0.40858800001 10391.412 
298.0 556.0 0.230634000004 10569.366 
552.0 803.0 0.385050000006 10414.95 
696.0 864.0 0.0675200000009 10732.48 
576.0 861.0 0.160526400003 10639.4736 
656.0 954.0 0.00668023999983 10793.31976 
593.0 805.0 0.340962760006 10459.03724 
708.0 754.0 0.0664132800012 10733.58672 
557.0 724.0 0.469100000011 10330.9 
397.0 235.0 0.10884912 10691.15088 
617.0 512.0 0.533567040008 10266.43296 
574.0 382.0 0.409111200004 10390.8888 
496.0 753.0 0.299892800007 10500.1072 
455.0 696.0 0.334509280007 10465.49072 
268.0 469.0 0.0853282000012 10714.6718 
539.0 320.0 0.367871080002 10432.12892 
617.0 862.0 0.163277000003 10636.723 
657.0 335.0 0.0631992000004 10736.8008 
760.0 580.0 0.0399608000003 10760.0392 
326.0 648.0 0.375867200009 10424.1328 
91.0 741.0 0.0 10800.0 
450.0 553.0 3.99743496003 6802.56503997 
425.0 707.0 0.505049120006 10294.95088 
435.0 515.0 2.32340600002 8476.59399998 
609.0 712.0 0.354652880008 10445.34712 
404.0 450.0 0.668168400011 10131.8316 
310.0 508.0 0.289611520004 10510.38848 
395.0 716.0 0.324817440007 10475.18256 
604.0 861.0 0.195313120003 10604.68688 
721.0 429.0 0.0931746000005 10706.8254 
367.0 491.0 1.45038400001 9349.61599999 
498.0 470.0 0.38499264001 10415.00736 
362.0 750.0 0.324461120005 10475.53888 
336.0 823.0 0.117948000002 10682.052 
569.0 567.0 0.781415000016 10018.585 
724.0 554.0 0.154112360001 10645.88764 
213.0 395.0 0.0682510800006 10731.74892 
327.0 202.0 0.0899480000004 10710.052 
495.0 802.0 0.514971040006 10285.02896 
326.0 623.0 0.453925000007 10346.075 
585.0 572.0 0.329950280005 10470.04972 
404.0 683.0 0.365365280006 10434.63472 
521.0 776.0 0.666815240008 10133.18476 
676.0 746.0 0.383674800003 10416.3252 
362.0 577.0 0.40642520001 10393.5748 
450.0 607.0 1.00483168003 9795.16831997 
674.0 871.0 0.0606560000011 10739.344 
472.0 655.0 1.08397904002 9716.02095998 
357.0 611.0 1.35631928001 9443.68071999 
837.0 751.0 0.0 10800.0 
171.0 616.0 0.0678616000007 10732.1384 
185.0 778.0 0.253925120001 10546.07488 
624.0 339.0 0.300860600002 10499.1394 
236.0 764.0 0.0806342000013 10719.3658 
542.0 729.0 0.434000000011 10366.0 
691.0 181.0 0.0 10800.0 
668.0 617.0 0.156918240002 10643.08176 
648.0 357.0 0.140263360001 10659.73664 
296.0 675.0 0.157473760003 10642.52624 
613.0 95.0 0.0438804000002 10756.1196 
357.0 565.0 1.15358448001 9646.41551999 
272.0 415.0 0.1800476 10619.9524 
386.0 660.0 0.673010000012 10126.99 
600.0 149.0 0.00612000000017 10793.88 
408.0 500.0 0.697017160017 10102.98284 
475.0 698.0 0.343081760007 10456.91824 
582.0 300.0 0.102127520002 10697.87248 
322.0 537.0 0.613881240005 10186.11876 
555.0 218.0 0.0432958000003 10756.7042 
654.0 415.0 0.157328880002 10642.67112 
