500.0 500.0
370.0 517.0 1.00919760001 9790.80239999 
362.0 651.0 0.238380000005 10561.62 
305.0 514.0 0.42478628001 10375.21372 
382.0 618.0 0.233239200006 10566.7608 
236.0 561.0 0.387393000003 10412.607 
430.0 638.0 1.07993104001 9720.06895999 
364.0 674.0 0.243947520005 10556.05248 
516.0 634.0 1.29421640001 9505.78359999 
289.0 492.0 0.716809240008 10083.19076 
348.0 668.0 0.140478000003 10659.522 
378.0 532.0 0.997357880012 9802.64211999 
489.0 482.0 0.804962200016 9995.03779998 
255.0 447.0 0.277121440004 10522.87856 
465.0 676.0 0.275443640005 10524.55636 
607.0 462.0 0.148760320002 10651.23968 
571.0 473.0 0.323214400002 10476.7856 
544.0 695.0 0.800336200002 9999.6638 
287.0 395.0 0.257858240003 10542.14176 
454.0 513.0 1.05775340002 9742.24659998 
285.0 620.0 0.152146760003 10647.85324 
277.0 472.0 0.396183200004 10403.8168 
516.0 540.0 0.477718400012 10322.2816 
573.0 768.0 0.736655200003 10063.3448 
435.0 381.0 0.279176320004 10520.82368 
674.0 624.0 0.0124400000003 10787.56 
581.0 335.0 0.0985746000013 10701.4254 
558.0 560.0 0.444664000008 10355.336 
300.0 529.0 0.361797840008 10438.20216 
343.0 458.0 0.338069760007 10461.93024 
421.0 430.0 0.624617760009 10175.38224 
534.0 883.0 0.0245200000007 10775.48 
450.0 407.0 0.198192480005 10601.80752 
507.0 766.0 0.0633000000017 10736.7 
370.0 499.0 0.620195680013 10179.80432 
295.0 531.0 0.290917440006 10509.08256 
338.0 374.0 0.277873760004 10522.12624 
411.0 598.0 0.659790400011 10140.2096 
543.0 384.0 0.453441840003 10346.55816 
584.0 445.0 0.158244480002 10641.75552 
364.0 381.0 0.460094000006 10339.906 
319.0 518.0 0.756511200006 10043.4888 
454.0 419.0 0.79998440001 10000.0156 
419.0 685.0 0.376525600004 10423.4744 
463.0 659.0 0.198188800005 10601.8112 
602.0 821.0 0.216402000003 10583.598 
466.0 679.0 0.409975600009 10390.0244 
738.0 717.0 0.0659456000002 10734.0544 
835.0 664.0 0.0124800000003 10787.52 
369.0 487.0 0.696694000017 10103.306 
507.0 770.0 0.0635022400018 10736.49776 
510.0 499.0 0.617629920017 10182.37008 
909.0 701.0 0.0414456000004 10758.5544 
557.0 485.0 0.275075280007 10524.92472 
481.0 427.0 0.374019200009 10425.9808 
616.0 981.0 0.17326032 10626.73968 
661.0 876.0 0.193771520001 10606.22848 
333.0 428.0 0.346814560008 10453.18544 
404.0 510.0 1.09765040001 9702.34959999 
352.0 444.0 0.788525200011 10011.4748 
970.0 788.0 0.0 10800.0 
411.0 770.0 0.172174200002 10627.8258 
570.0 771.0 0.198800400003 10601.1996 
404.0 280.0 0.141362400002 10658.6376 
150.0 545.0 0.115629200001 10684.3708 
402.0 591.0 0.499683200011 10300.3168 
568.0 533.0 0.430192560005 10369.80744 
283.0 315.0 0.192668000001 10607.332 
853.0 544.0 0.00634000000017 10793.66 
381.0 275.0 0.0368754400008 10763.12456 
841.0 387.0 0.0 10800.0 
418.0 477.0 1.28678528002 9513.21471998 
984.0 455.0 0.0 10800.0 
264.0 722.0 0.0 10800.0 
539.0 516.0 0.519746120013 10280.25388 
333.0 551.0 0.396746560008 10403.25344 
459.0 564.0 1.70957088001 9090.42911999 
410.0 421.0 0.447405240011 10352.59476 
713.0 916.0 0.0705444800006 10729.45552 
259.0 756.0 0.0 10800.0 
552.0 299.0 0.0933710800009 10706.62892 
224.0 388.0 0.120021600002 10679.9784 
430.0 735.0 0.268225360003 10531.77464 
465.0 664.0 0.366627400005 10433.3726 
487.0 603.0 0.977443120018 9822.55687998 
584.0 914.0 0.16093672 10639.06328 
658.0 798.0 0.114925840002 10685.07416 
199.0 489.0 0.113192000001 10686.808 
371.0 482.0 0.37718416001 10422.81584 
681.0 686.0 0.11497784 10685.02216 
645.0 471.0 0.193518400001 10606.4816 
544.0 526.0 0.463596480012 10336.40352 
541.0 498.0 0.517728600012 10282.2714 
900.0 658.0 0.12479456 10675.20544 
361.0 495.0 0.623537120011 10176.46288 
182.0 433.0 0.143010000002 10656.99 
484.0 538.0 0.876268000016 9923.73199998 
442.0 476.0 1.69309680002 9106.90319998 
427.0 354.0 0.491514720005 10308.48528 
226.0 612.0 0.113128720001 10686.87128 
499.0 615.0 0.672439120014 10127.56088 
961.0 943.0 0.0 10800.0 
468.0 309.0 0.145027040002 10654.97296 
630.0 551.0 0.162028480001 10637.97152 
444.0 576.0 0.835328480012 9964.67151999 
148.0 420.0 0.0720588000004 10727.9412 
262.0 473.0 0.254283360005 10545.71664 
241.0 426.0 0.150437120003 10649.56288 
490.0 667.0 0.41457560001 10385.4244 
334.0 373.0 0.345332400004 10454.6676 
820.0 252.0 0.0 10800.0 
315.0 337.0 0.141274840002 10658.72516 
533.0 611.0 0.266909200005 10533.0908 
379.0 752.0 0.475232560001 10324.76744 
638.0 989.0 0.0256086400003 10774.39136 
227.0 464.0 0.200466720004 10599.53328 
343.0 607.0 0.348304400003 10451.6956 
290.0 365.0 0.175725920003 10624.27408 
190.0 584.0 0.159067600001 10640.9324 
473.0 512.0 1.00570528002 9794.29471998 
403.0 691.0 0.254396000004 10545.604 
383.0 475.0 0.907232080014 9892.76791999 
518.0 453.0 0.640326120011 10159.67388 
496.0 258.0 0.0798922400006 10720.10776 
207.0 437.0 0.262145000002 10537.855 
352.0 814.0 0.182816680001 10617.18332 
287.0 338.0 0.123237480002 10676.76252 
339.0 581.0 0.328400480007 10471.59952 
230.0 771.0 0.0 10800.0 
861.0 549.0 0.00746851999997 10792.53148 
366.0 305.0 0.143240560002 10656.75944 
681.0 571.0 0.0589730800005 10741.02692 
578.0 581.0 0.241634560005 10558.36544 
390.0 296.0 0.180958600001 10619.0414 
468.0 801.0 0.102360000001 10697.64 
563.0 727.0 0.181634600004 10618.3654 
702.0 308.0 0.0 10800.0 
234.0 472.0 0.154844000003 10645.156 
505.0 952.0 0.0762150400002 10723.78496 
550.0 344.0 0.123680680001 10676.31932 
392.0 980.0 0.0 10800.0 
312.0 572.0 0.589224600004 10210.7754 
437.0 671.0 0.310419400007 10489.5806 
88.0 518.0 0.0728672400002 10727.13276 
689.0 489.0 0.0475368000002 10752.4632 
434.0 545.0 1.49242624002 9307.57375998 
743.0 885.0 0.0 10800.0 
561.0 618.0 0.208838520005 10591.16148 
348.0 169.0 0.0429428800002 10757.05712 
569.0 784.0 0.157225000003 10642.775 
634.0 773.0 0.302189200003 10497.8108 
441.0 393.0 0.226600080005 10573.39992 
368.0 819.0 0.118499600002 10681.5004 
402.0 163.0 0.00622000000017 10793.78 
312.0 546.0 0.367795560008 10432.20444 
351.0 838.0 0.0260209600001 10773.97904 
328.0 541.0 0.333168760008 10466.83124 
447.0 649.0 0.540000560007 10259.99944 
285.0 563.0 0.245400000005 10554.6 
582.0 446.0 0.179214200003 10620.7858 
284.0 239.0 0.0861707600003 10713.82924 
964.0 851.0 0.0 10800.0 
345.0 425.0 0.513317400007 10286.6826 
212.0 472.0 0.205209560004 10594.79044 
501.0 910.0 0.0796060800003 10720.39392 
634.0 882.0 0.0919666000008 10708.0334 
911.0 458.0 0.0 10800.0 
416.0 431.0 0.477523960012 10322.47604 
792.0 800.0 0.0 10800.0 
509.0 557.0 1.25881960002 9541.18039998 
377.0 660.0 0.181972160003 10618.02784 
525.0 539.0 0.438580480011 10361.41952 
452.0 449.0 0.710239200011 10089.7608 
445.0 859.0 0.00592000000017 10794.08 
556.0 696.0 0.359184800006 10440.8152 
356.0 758.0 0.0683226000017 10731.6774 
