500.0 500.0
453.0 354.0 0.873308080015 9926.69191999 
370.0 383.0 0.261760000007 10538.24 
540.0 389.0 3.51138256003 7288.61743997 
416.0 335.0 0.93924480001 9860.75519999 
435.0 248.0 0.836102880009 9963.89711999 
297.0 243.0 0.220646800002 10579.3532 
415.0 268.0 0.408744960009 10391.25504 
445.0 189.0 0.307061400006 10492.9386 
406.0 310.0 0.459913400011 10340.0866 
468.0 389.0 1.63772724003 9162.27275997 
423.0 39.0 0.115233280001 10684.76672 
521.0 116.0 0.140950200001 10659.0498 
409.0 504.0 1.27801776001 9521.98223999 
356.0 467.0 0.975403360008 9824.59663999 
634.0 311.0 0.151336960004 10648.66304 
276.0 231.0 0.133729320002 10666.27068 
495.0 437.0 2.93113904003 7868.86095997 
395.0 144.0 0.186436520004 10613.56348 
437.0 232.0 0.43533280001 10364.6672 
576.0 314.0 0.405531280003 10394.46872 
531.0 198.0 0.289834720007 10510.16528 
449.0 332.0 0.907972000009 9892.02799999 
286.0 587.0 0.638486240005 10161.51376 
207.0 519.0 0.224184000001 10575.816 
495.0 208.0 0.527122400008 10272.8776 
441.0 304.0 0.410524640011 10389.47536 
343.0 483.0 0.261304000006 10538.696 
347.0 153.0 0.255733600004 10544.2664 
619.0 309.0 0.289527200007 10510.4728 
506.0 249.0 1.22932008001 9570.67991999 
306.0 288.0 0.348060000005 10451.94 
338.0 622.0 0.162499120002 10637.50088 
552.0 467.0 2.60974384002 8190.25615998 
122.0 532.0 0.104240000002 10695.76 
392.0 248.0 0.499239360007 10300.76064 
307.0 384.0 0.334491200007 10465.5088 
449.0 195.0 0.50069000001 10299.31 
119.0 603.0 0.0871920000004 10712.808 
236.0 330.0 0.392538440006 10407.46156 
129.0 581.0 0.131107000002 10668.893 
306.0 269.0 0.184447280003 10615.55272 
428.0 267.0 0.613264880007 10186.73512 
137.0 512.0 0.569515680003 10230.48432 
608.0 553.0 0.0316619200007 10768.33808 
141.0 396.0 0.0443128400009 10755.68716 
531.0 315.0 1.60737288002 9192.62711998 
206.0 685.0 0.0 10800.0 
424.0 169.0 0.673754880005 10126.24512 
211.0 373.0 0.225775680004 10574.22432 
474.0 397.0 0.877591160017 9922.40883998 
576.0 198.0 0.0874726000015 10712.5274 
698.0 229.0 0.0691912400009 10730.80876 
475.0 528.0 0.543437919999 10256.56208 
618.0 384.0 0.192353440004 10607.64656 
431.0 224.0 0.382452000009 10417.548 
356.0 114.0 0.158024480002 10641.97552 
344.0 312.0 0.281324760006 10518.67524 
495.0 131.0 0.239919480004 10560.08052 
266.0 447.0 0.253730400005 10546.2696 
141.0 227.0 0.0723292000009 10727.6708 
461.0 169.0 0.203046640004 10596.95336 
374.0 118.0 0.314789520002 10485.21048 
147.0 295.0 0.0779368000006 10722.0632 
327.0 750.0 0.0 10800.0 
481.0 91.0 0.223665600002 10576.3344 
221.0 388.0 0.586284960005 10213.71504 
506.0 293.0 0.41569120001 10384.3088 
625.0 450.0 0.489572080007 10310.42792 
743.0 368.0 0.00632000000017 10793.68 
297.0 407.0 0.720349640007 10079.65036 
678.0 226.0 0.245132880001 10554.86712 
507.0 139.0 0.596753200005 10203.2468 
314.0 260.0 0.229264560004 10570.73544 
561.0 381.0 0.778308000012 10021.692 
256.0 386.0 0.314969600006 10485.0304 
319.0 335.0 0.312359400005 10487.6406 
770.0 321.0 0.0434563200001 10756.54368 
281.0 179.0 0.0848248000005 10715.1752 
350.0 286.0 0.396730160006 10403.26984 
171.0 383.0 0.176603000002 10623.397 
195.0 238.0 0.249135280002 10550.86472 
413.0 713.0 0.0 10800.0 
195.0 366.0 0.268263920004 10531.73608 
464.0 237.0 0.577607960012 10222.39204 
25.0 718.0 0.1516966 10648.3034 
516.0 84.0 0.125284720002 10674.71528 
149.0 407.0 0.0829640000008 10717.036 
765.0 548.0 0.0 10800.0 
408.0 93.0 0.174733760003 10625.26624 
591.0 198.0 0.117371200002 10682.6288 
331.0 86.0 0.123036000002 10676.964 
488.0 128.0 0.0870004000023 10712.9996 
389.0 47.0 0.111020080001 10688.97992 
309.0 360.0 0.713500000008 10086.5 
446.0 304.0 0.54186468001 10258.13532 
694.0 468.0 0.0887042000007 10711.2958 
386.0 56.0 0.104331680001 10695.66832 
371.0 297.0 0.558645640006 10241.35436 
245.0 806.0 0.0 10800.0 
466.0 414.0 0.803056000018 9996.94399998 
322.0 411.0 0.451035840011 10348.96416 
357.0 500.0 0.344476800008 10455.5232 
301.0 339.0 0.330892480007 10469.10752 
134.0 254.0 0.0903918000008 10709.6082 
407.0 587.0 0.0740000000021 10726.0 
203.0 323.0 0.247777560004 10552.22244 
386.0 110.0 0.159113000003 10640.887 
630.0 261.0 0.364525000004 10435.475 
105.0 829.0 0.0 10800.0 
736.0 219.0 0.0537486400005 10746.25136 
125.0 83.0 0.0 10800.0 
779.0 121.0 0.0 10800.0 
423.0 447.0 0.340405280009 10459.59472 
578.0 100.0 0.00606000000017 10793.94 
389.0 158.0 0.217277600004 10582.7224 
389.0 304.0 0.41044336001 10389.55664 
612.0 601.0 0.0641303200009 10735.86968 
356.0 190.0 0.227295200002 10572.7048 
347.0 399.0 0.454169600008 10345.8304 
519.0 427.0 1.49783200003 9302.16799997 
457.0 315.0 1.28717292001 9512.82707999 
585.0 246.0 0.342459200003 10457.5408 
420.0 454.0 0.233760000006 10566.24 
58.0 504.0 0.163260600002 10636.7394 
669.0 234.0 0.0303000000008 10769.7 
214.0 274.0 0.114883200002 10685.1168 
603.0 551.0 0.127165200001 10672.8348 
24.0 579.0 0.0 10800.0 
537.0 225.0 0.316904320006 10483.09568 
622.0 344.0 0.445849720005 10354.15028 
471.0 204.0 0.372750000009 10427.25 
346.0 589.0 0.649413000002 10150.587 
25.0 751.0 0.0307302000005 10769.2698 
504.0 108.0 0.100366400003 10699.6336 
610.0 508.0 0.536059200006 10263.9408 
708.0 419.0 0.0849030400006 10715.09696 
251.0 401.0 0.677890800008 10122.1092 
78.0 497.0 0.171781680002 10628.21832 
71.0 466.0 0.0372032000006 10762.7968 
579.0 293.0 0.391663160007 10408.33684 
552.0 188.0 0.383058480006 10416.94152 
564.0 327.0 1.32331920001 9476.68079999 
512.0 494.0 0.607208000017 10192.792 
649.0 329.0 0.171142960005 10628.85704 
656.0 369.0 0.110871440001 10689.12856 
289.0 482.0 0.206930560004 10593.06944 
230.0 354.0 0.631849400007 10168.1506 
439.0 239.0 0.415920000009 10384.08 
267.0 277.0 0.160732160002 10639.26784 
518.0 492.0 0.652087040018 10147.91296 
364.0 332.0 0.237293120004 10562.70688 
93.0 749.0 0.0119800000003 10788.02 
711.0 186.0 0.0660478400005 10733.95216 
365.0 430.0 0.896305040005 9903.69495999 
306.0 257.0 0.220759000004 10579.241 
148.0 422.0 0.114064400001 10685.9356 
648.0 483.0 0.0452126400007 10754.78736 
533.0 717.0 0.0 10800.0 
53.0 324.0 0.0 10800.0 
399.0 615.0 0.0921200000026 10707.88 
228.0 301.0 0.229346920001 10570.65308 
336.0 387.0 0.292930400007 10507.0696 
330.0 403.0 0.869597120011 9930.40287999 
347.0 225.0 0.374839200005 10425.1608 
931.0 76.0 0.0 10800.0 
353.0 361.0 0.568988800009 10231.0112 
286.0 759.0 0.0 10800.0 
523.0 581.0 0.181939280003 10618.06072 
728.0 210.0 0.0510320000007 10748.968 
451.0 21.0 0.108780000001 10691.22 
228.0 536.0 0.836277200001 9963.7228 
393.0 618.0 0.0986564000025 10701.3436 
455.0 664.0 0.0516920000005 10748.308 
486.0 622.0 0.00616000000017 10793.84 
320.0 599.0 0.214834800004 10585.1652 
