500.0 500.0
506.0 653.0 0.3462284 10453.7716 
640.0 641.0 0.741186960018 10058.81304 
632.0 647.0 1.06228016002 9737.71983998 
745.0 710.0 0.848487800009 9951.51219999 
762.0 558.0 1.28627520002 9513.72479998 
766.0 454.0 0.351088320009 10448.91168 
515.0 586.0 0.289360000008 10510.64 
579.0 489.0 5.59356584002 5206.43415998 
885.0 634.0 0.324095600005 10475.9044 
847.0 488.0 0.389641600007 10410.3584 
617.0 789.0 0.390990440004 10409.00956 
512.0 431.0 0.673322800004 10126.6772 
666.0 613.0 1.25362096002 9546.37903998 
588.0 715.0 0.337843200007 10462.1568 
732.0 647.0 0.78275072002 10017.24928 
963.0 430.0 0.0705800000011 10729.42 
842.0 548.0 0.307207200007 10492.7928 
444.0 540.0 0.138133440001 10661.86656 
657.0 506.0 2.25936656003 8540.63343997 
768.0 863.0 0.0896326000015 10710.3674 
736.0 570.0 0.78739040002 10012.6096 
683.0 671.0 1.29348976002 9506.51023998 
879.0 498.0 0.742497520006 10057.50248 
490.0 335.0 0.135292800001 10664.7072 
791.0 695.0 0.399677040009 10400.32296 
640.0 726.0 0.795056800007 10004.9432 
720.0 659.0 1.19533392001 9604.66607999 
966.0 644.0 0.128137120002 10671.86288 
808.0 504.0 1.40225424001 9397.74575999 
773.0 507.0 0.716341120011 10083.65888 
865.0 623.0 0.417127040009 10382.87296 
627.0 647.0 1.64972672001 9150.27327999 
854.0 721.0 0.252275120005 10547.72488 
752.0 836.0 0.207677600004 10592.3224 
997.0 710.0 0.0932984000008 10706.7016 
642.0 741.0 0.476544320005 10323.45568 
400.0 540.0 0.0413494400003 10758.65056 
839.0 715.0 0.509835000006 10290.165 
722.0 559.0 1.10046408003 9699.53591997 
718.0 434.0 0.756485360015 10043.51464 
858.0 638.0 0.374483200008 10425.5168 
766.0 814.0 0.275436000002 10524.564 
635.0 462.0 0.708193200017 10091.8068 
789.0 478.0 0.398684800009 10401.3152 
507.0 771.0 0.0764352000006 10723.5648 
858.0 840.0 0.147976800002 10652.0232 
986.0 506.0 0.0946222000014 10705.3778 
579.0 688.0 0.894462800006 9905.53719999 
657.0 706.0 0.468908880009 10331.09112 
819.0 531.0 0.630777360012 10169.22264 
647.0 808.0 0.427785760002 10372.21424 
657.0 634.0 0.87714840002 9922.85159998 
633.0 892.0 0.115073200002 10684.9268 
787.0 615.0 1.12976828001 9670.23171999 
905.0 948.0 0.03695352 10763.04648 
534.0 515.0 1.23777808001 9562.22191999 
814.0 627.0 0.503657400008 10296.3426 
471.0 371.0 0.175066720002 10624.93328 
484.0 644.0 0.0924340000006 10707.566 
951.0 584.0 0.146080640002 10653.91936 
535.0 408.0 0.144719840003 10655.28016 
939.0 538.0 0.327172000002 10472.828 
692.0 826.0 0.243590800003 10556.4092 
901.0 675.0 0.351061600005 10448.9384 
910.0 656.0 0.227483360005 10572.51664 
818.0 617.0 0.474811440011 10325.18856 
828.0 607.0 0.325118400008 10474.8816 
577.0 811.0 0.0999948800016 10700.00512 
832.0 501.0 0.331112560008 10468.88744 
981.0 866.0 0.106547200001 10693.4528 
685.0 711.0 0.397423040007 10402.57696 
779.0 657.0 0.805383000012 9994.61699999 
562.0 441.0 1.15757520003 9642.42479997 
578.0 627.0 1.47150800001 9328.49199999 
748.0 604.0 0.909627640019 9890.37235998 
711.0 295.0 0.0 10800.0 
873.0 624.0 0.282546400006 10517.4536 
733.0 604.0 1.00705760001 9792.94239999 
545.0 886.0 0.0336481200001 10766.35188 
943.0 644.0 0.199489440003 10600.51056 
876.0 623.0 0.470968000006 10329.032 
716.0 774.0 0.551420000005 10248.58 
620.0 843.0 0.154752000003 10645.248 
708.0 346.0 0.0543398399997 10745.66016 
525.0 284.0 0.0671867200003 10732.81328 
303.0 505.0 0.0471760800005 10752.82392 
809.0 604.0 1.18468000001 9615.31999999 
358.0 420.0 0.128709600001 10671.2904 
938.0 401.0 0.113877240002 10686.12276 
862.0 971.0 0.00642000000018 10793.58 
860.0 490.0 0.375213200008 10424.7868 
768.0 430.0 0.256307400005 10543.6926 
882.0 775.0 0.465591480003 10334.40852 
797.0 531.0 0.581454400013 10218.5456 
575.0 604.0 1.70677264001 9093.22735999 
779.0 708.0 0.813615520004 9986.38448 
746.0 990.0 0.0499123200003 10750.08768 
840.0 548.0 0.517667200007 10282.3328 
697.0 410.0 0.0430400000012 10756.96 
880.0 547.0 0.225852040005 10574.14796 
509.0 857.0 0.00638000000018 10793.62 
763.0 770.0 0.424966880005 10375.03312 
940.0 684.0 0.152723000002 10647.277 
537.0 488.0 0.945851600025 9854.14839997 
841.0 784.0 0.278918400003 10521.0816 
938.0 807.0 0.104232800001 10695.7672 
948.0 516.0 0.216821200004 10583.1788 
677.0 772.0 0.239949920005 10560.05008 
588.0 360.0 0.0831883200002 10716.81168 
716.0 953.0 0.143241840001 10656.75816 
873.0 415.0 0.224943200001 10575.0568 
772.0 857.0 0.0782468000012 10721.7532 
953.0 625.0 0.171437240003 10628.56276 
845.0 702.0 0.270313920005 10529.68608 
744.0 869.0 0.0869866000006 10713.0134 
509.0 750.0 0.0852062400007 10714.79376 
815.0 727.0 0.326467680007 10473.53232 
849.0 641.0 0.709604800009 10090.3952 
588.0 519.0 2.78007760004 8019.92239996 
651.0 773.0 0.323681200004 10476.3188 
865.0 755.0 0.282545000004 10517.455 
910.0 573.0 0.204973000004 10595.027 
855.0 461.0 0.471917520005 10328.08248 
626.0 455.0 3.00446400003 7795.53599997 
888.0 593.0 0.304901920006 10495.09808 
654.0 860.0 0.236409280002 10563.59072 
440.0 503.0 0.0633003200005 10736.69968 
687.0 600.0 1.82080800002 8979.19199998 
913.0 554.0 0.206432000004 10593.568 
392.0 632.0 0.0 10800.0 
735.0 572.0 1.64157168002 9158.42831998 
324.0 460.0 0.101713280001 10698.28672 
905.0 846.0 0.197962400001 10602.0376 
718.0 496.0 0.93670840001 9863.29159999 
483.0 694.0 0.185206400001 10614.7936 
957.0 506.0 0.196557440003 10603.44256 
925.0 824.0 0.110340000002 10689.66 
658.0 564.0 1.31796520002 9482.03479998 
649.0 556.0 3.19173520001 7608.26479999 
782.0 776.0 0.273190000005 10526.81 
933.0 678.0 0.267698720003 10532.30128 
831.0 692.0 0.383664720005 10416.33528 
350.0 846.0 0.0 10800.0 
410.0 426.0 0.0240600000007 10775.94 
818.0 555.0 0.528346200012 10271.6538 
772.0 610.0 0.478220280011 10321.77972 
890.0 478.0 0.201539840005 10598.46016 
775.0 539.0 0.82321400002 9976.78599998 
883.0 818.0 0.123538400002 10676.4616 
700.0 698.0 0.482971400011 10317.0286 
738.0 488.0 1.49390840002 9306.09159998 
755.0 616.0 0.670596000017 10129.404 
916.0 662.0 0.254626800005 10545.3732 
679.0 479.0 2.60826520001 8191.73479999 
944.0 458.0 0.178054000003 10621.946 
856.0 550.0 0.446011360011 10353.98864 
689.0 896.0 0.158454640001 10641.54536 
776.0 487.0 0.683097120012 10116.90288 
914.0 659.0 0.255224040005 10544.77596 
922.0 768.0 0.0779291200011 10722.07088 
870.0 626.0 0.313972200006 10486.0278 
918.0 445.0 0.157894000002 10642.106 
884.0 485.0 0.419221280009 10380.77872 
820.0 534.0 0.41222872001 10387.77128 
449.0 388.0 0.163821440003 10636.17856 
551.0 725.0 0.255939400002 10544.0606 
881.0 558.0 0.359610840006 10440.38916 
997.0 564.0 0.101824000001 10698.176 
846.0 332.0 0.0 10800.0 
956.0 710.0 0.124510000002 10675.49 
502.0 415.0 0.123196480003 10676.80352 
878.0 627.0 0.299384400006 10500.6156 
615.0 833.0 0.237529920003 10562.47008 
504.0 397.0 0.175888800003 10624.1112 
802.0 793.0 0.170996000003 10629.004 
