500.0 500.0
432.0 415.0 0.959712480021 9840.28751998 
423.0 333.0 0.625152600016 10174.8474 
384.0 455.0 0.450315920011 10349.68408 
332.0 246.0 0.349019600005 10450.9804 
537.0 256.0 1.27886624001 9521.13375999 
314.0 358.0 0.278123000006 10521.877 
433.0 553.0 0.54968512001 10250.31488 
408.0 426.0 0.756664200018 10043.3358 
480.0 537.0 0.578866520014 10221.13348 
559.0 506.0 0.0881501200014 10711.84988 
429.0 288.0 1.03640928001 9763.59071999 
504.0 392.0 1.34403384003 9455.96615997 
353.0 323.0 0.420970440005 10379.02956 
393.0 104.0 0.262269440002 10537.73056 
447.0 386.0 2.90002640003 7899.97359997 
657.0 240.0 0.0955897600023 10704.41024 
490.0 304.0 0.720135200018 10079.8648 
304.0 364.0 0.355804200008 10444.1958 
443.0 316.0 1.26199472002 9538.00527998 
306.0 397.0 0.654231240006 10145.76876 
474.0 194.0 0.798379400003 10001.6206 
592.0 210.0 0.780994560006 10019.00544 
431.0 63.0 0.0392868800005 10760.71312 
365.0 609.0 0.100120920002 10699.87908 
767.0 271.0 0.0570178000002 10742.9822 
553.0 284.0 0.377515920009 10422.48408 
634.0 216.0 0.139165360002 10660.83464 
552.0 156.0 0.366290240002 10433.70976 
341.0 486.0 0.540211960009 10259.78804 
455.0 6.0 0.0 10800.0 
464.0 418.0 1.58905500004 9210.94499996 
399.0 445.0 1.81130492002 8988.69507998 
286.0 278.0 0.145337600002 10654.6624 
661.0 269.0 0.209456000001 10590.544 
521.0 381.0 0.792951880021 10007.04812 
241.0 413.0 0.381732040004 10418.26796 
400.0 470.0 0.962076480025 9837.92351998 
378.0 576.0 0.210460240003 10589.53976 
630.0 326.0 0.424712720003 10375.28728 
401.0 503.0 0.625464120013 10174.53588 
278.0 394.0 0.565651200006 10234.3488 
281.0 381.0 0.346772040008 10453.22796 
428.0 246.0 0.844210000008 9955.78999999 
266.0 462.0 0.348756720007 10451.24328 
209.0 194.0 0.102224800001 10697.7752 
332.0 513.0 0.234586600004 10565.4134 
463.0 138.0 0.369034280002 10430.96572 
656.0 322.0 0.0934524400014 10706.54756 
452.0 183.0 0.131598080003 10668.40192 
576.0 116.0 0.104645440001 10695.35456 
331.0 531.0 0.179457280003 10620.54272 
512.0 329.0 1.06438708002 9735.61291998 
287.0 483.0 0.183668600003 10616.3314 
366.0 240.0 0.820044120008 9979.95587999 
434.0 328.0 0.590735800015 10209.2642 
293.0 410.0 0.455812080008 10344.18792 
331.0 220.0 0.228497560005 10571.50244 
359.0 40.0 0.111215520001 10688.78448 
354.0 278.0 0.354496560006 10445.50344 
399.0 331.0 1.13078264001 9669.21735999 
364.0 430.0 0.846484360013 9953.51563999 
363.0 111.0 0.0586320000013 10741.368 
577.0 92.0 0.134673440002 10665.32656 
440.0 198.0 0.131706400003 10668.2936 
455.0 344.0 1.72453776002 9075.46223998 
337.0 311.0 0.223645120004 10576.35488 
350.0 298.0 0.327084840007 10472.91516 
135.0 384.0 0.174851200001 10625.1488 
770.0 337.0 0.00586000000016 10794.14 
234.0 410.0 0.228024320004 10571.97568 
266.0 497.0 0.140410080002 10659.58992 
454.0 597.0 0.146220320002 10653.77968 
68.0 502.0 0.0758093599998 10724.19064 
350.0 483.0 0.339229800008 10460.7702 
324.0 190.0 0.309473120002 10490.52688 
597.0 306.0 0.225643840005 10574.35616 
518.0 102.0 0.153033280003 10646.96672 
215.0 349.0 0.567049760006 10232.95024 
422.0 542.0 0.315564240007 10484.43576 
223.0 427.0 0.183664080003 10616.33592 
432.0 389.0 0.674358720017 10125.64128 
532.0 245.0 0.981580800005 9818.4192 
310.0 401.0 0.565699200009 10234.3008 
509.0 381.0 1.63499600003 9165.00399997 
378.0 626.0 0.0809200000015 10719.08 
417.0 97.0 0.167381680002 10632.61832 
417.0 438.0 1.77433920003 9025.66079997 
432.0 221.0 0.263351120003 10536.64888 
570.0 425.0 0.810666480019 9989.33351998 
433.0 489.0 1.25069080003 9549.30919997 
528.0 284.0 0.186932480004 10613.06752 
565.0 298.0 0.288451440007 10511.54856 
195.0 317.0 0.145970400002 10654.0296 
524.0 152.0 0.209815360004 10590.18464 
517.0 422.0 6.76012452002 4039.87547998 
564.0 386.0 0.918524600024 9881.47539998 
231.0 192.0 0.0972273200013 10702.77268 
289.0 497.0 0.317407560005 10482.59244 
637.0 331.0 0.120909000001 10679.091 
513.0 281.0 0.449100640011 10350.89936 
413.0 346.0 0.725276800016 10074.7232 
269.0 75.0 0.0611184000007 10738.8816 
446.0 223.0 0.0867316800023 10713.26832 
379.0 263.0 0.364180480008 10435.81952 
194.0 45.0 0.0 10800.0 
553.0 343.0 1.07295104001 9727.04895999 
374.0 123.0 0.375252960002 10424.74704 
395.0 404.0 0.689310000011 10110.69 
235.0 398.0 0.288121600006 10511.8784 
432.0 244.0 0.48644400001 10313.556 
361.0 588.0 0.149697040002 10650.30296 
411.0 515.0 1.35994180002 9440.05819998 
104.0 342.0 0.0507200000005 10749.28 
342.0 277.0 0.226366400004 10573.6336 
311.0 394.0 0.333906200008 10466.0938 
486.0 415.0 1.88767304003 8912.32695997 
603.0 171.0 0.163382080003 10636.61792 
193.0 266.0 0.113474200001 10686.5258 
245.0 200.0 0.0907174400014 10709.28256 
360.0 591.0 0.160226200002 10639.7738 
360.0 507.0 0.528551640006 10271.44836 
312.0 168.0 0.180424000003 10619.576 
402.0 216.0 0.369157760008 10430.84224 
295.0 326.0 0.254904000006 10545.096 
549.0 306.0 0.377372200008 10422.6278 
339.0 368.0 0.465338720008 10334.66128 
473.0 470.0 2.37951548003 8420.48451997 
289.0 182.0 0.143397000002 10656.603 
720.0 126.0 0.0 10800.0 
186.0 326.0 0.107006400002 10692.9936 
382.0 198.0 0.513387200004 10286.6128 
406.0 360.0 0.621564600015 10178.4354 
288.0 128.0 0.183380000001 10616.62 
535.0 339.0 0.740688800013 10059.3112 
615.0 309.0 0.143303800003 10656.6962 
589.0 76.0 0.0888419600011 10711.15804 
573.0 304.0 0.202280000006 10597.72 
470.0 501.0 0.712031960012 10087.96804 
203.0 350.0 0.331668880004 10468.33112 
596.0 408.0 0.106132600003 10693.8674 
141.0 105.0 0.0 10800.0 
516.0 550.0 0.228417280005 10571.58272 
462.0 553.0 0.766910320004 10033.08968 
411.0 324.0 0.651158400016 10148.8416 
358.0 562.0 0.268134560006 10531.86544 
313.0 313.0 0.140665160003 10659.33484 
426.0 87.0 0.116966400002 10683.0336 
84.0 264.0 0.0 10800.0 
305.0 87.0 0.132242760002 10667.75724 
133.0 465.0 0.00622000000017 10793.78 
357.0 578.0 0.159212400003 10640.7876 
153.0 433.0 0.0120200000003 10787.98 
245.0 401.0 0.212079000004 10587.921 
525.0 110.0 0.110022800002 10689.9772 
342.0 304.0 0.262754240006 10537.24576 
414.0 609.0 0.360554400004 10439.4456 
546.0 7.0 0.0 10800.0 
361.0 109.0 0.0915752000025 10708.4248 
239.0 475.0 0.0973118400013 10702.68816 
388.0 391.0 0.813824000017 9986.17599998 
354.0 464.0 0.707714000012 10092.286 
531.0 487.0 0.903524800024 9896.47519998 
279.0 380.0 0.348394640008 10451.60536 
649.0 426.0 0.0993194400005 10700.68056 
483.0 308.0 1.45661260002 9343.38739998 
489.0 508.0 0.514284600014 10285.7154 
589.0 139.0 0.249890000003 10550.11 
555.0 194.0 0.296399680005 10503.60032 
596.0 134.0 0.163083240002 10636.91676 
330.0 331.0 0.293386640005 10506.61336 
448.0 687.0 0.0 10800.0 
291.0 215.0 0.342720000003 10457.28 
414.0 379.0 0.555763600014 10244.2364 
661.0 9.0 0.0 10800.0 
324.0 433.0 1.27563240001 9524.36759999 
