500.0 500.0
354.0 523.0 1.29623200002 9503.76799998 
367.0 634.0 0.388927200003 10411.0728 
434.0 727.0 0.243852800005 10556.1472 
263.0 567.0 0.384675280009 10415.32472 
495.0 569.0 0.551912320011 10248.08768 
198.0 444.0 0.183710320003 10616.28968 
562.0 438.0 0.145022720002 10654.97728 
461.0 753.0 0.730397600004 10069.6024 
298.0 396.0 0.415484000008 10384.516 
353.0 489.0 0.483647800012 10316.3522 
278.0 541.0 1.20045600001 9599.54399999 
570.0 790.0 0.181558800003 10618.4412 
240.0 435.0 0.297685280006 10502.31472 
333.0 405.0 0.349956840006 10450.04316 
124.0 404.0 0.333949920002 10466.05008 
266.0 396.0 0.408683400007 10391.3166 
584.0 891.0 0.101609240001 10698.39076 
222.0 333.0 0.120333600001 10679.6664 
288.0 501.0 0.327108960008 10472.89104 
598.0 651.0 0.0671544000006 10732.8456 
357.0 483.0 0.439038600012 10360.9614 
151.0 532.0 0.143228800002 10656.7712 
46.0 398.0 0.185733600001 10614.2664 
513.0 669.0 1.02118608001 9778.81391999 
566.0 713.0 0.680504800005 10119.4952 
554.0 633.0 0.293044600003 10506.9554 
476.0 568.0 2.15086400001 8649.13599999 
205.0 484.0 0.401838800003 10398.1612 
305.0 490.0 0.548920000013 10251.08 
280.0 633.0 0.204021920005 10595.97808 
283.0 451.0 0.338598000008 10461.402 
707.0 680.0 0.0 10800.0 
183.0 563.0 0.0842000000016 10715.8 
4.0 563.0 0.0 10800.0 
77.0 638.0 0.0930216400013 10706.97836 
340.0 805.0 0.320092720002 10479.90728 
287.0 585.0 0.646162800009 10153.8372 
430.0 389.0 0.304557600007 10495.4424 
408.0 716.0 0.345576440005 10454.42356 
198.0 677.0 0.278013920002 10521.98608 
396.0 501.0 1.17524000002 9624.75999998 
86.0 272.0 0.0326828800004 10767.31712 
116.0 437.0 0.152675120001 10647.32488 
451.0 491.0 1.25095016002 9549.04983998 
115.0 456.0 0.0121200000003 10787.88 
231.0 654.0 0.156398400002 10643.6016 
431.0 772.0 0.304629200007 10495.3708 
296.0 507.0 0.363095560008 10436.90444 
328.0 739.0 0.248577440003 10551.42256 
360.0 462.0 0.591964240013 10208.03576 
204.0 290.0 0.0957622000004 10704.2378 
364.0 377.0 0.407191200005 10392.8088 
428.0 405.0 0.532536400009 10267.4636 
543.0 870.0 0.147738000002 10652.262 
97.0 250.0 0.0697900800003 10730.20992 
281.0 280.0 0.179500640001 10620.49936 
82.0 480.0 0.0561428000003 10743.8572 
719.0 884.0 0.0 10800.0 
465.0 388.0 0.798379960008 10001.62004 
338.0 380.0 0.278510000007 10521.49 
391.0 442.0 0.806690920012 9993.30907999 
551.0 530.0 0.473788360008 10326.21164 
552.0 802.0 0.202174560003 10597.82544 
280.0 437.0 0.312336480007 10487.66352 
12.0 666.0 0.0863009600002 10713.69904 
425.0 789.0 0.291375120006 10508.62488 
80.0 312.0 0.0129200000004 10787.08 
421.0 828.0 0.241378920005 10558.62108 
213.0 622.0 0.188494400003 10611.5056 
479.0 822.0 0.735295600006 10064.7044 
392.0 270.0 0.143283040002 10656.71696 
281.0 590.0 0.330629240005 10469.37076 
455.0 454.0 0.392509440009 10407.49056 
342.0 669.0 0.231096000001 10568.904 
175.0 586.0 0.162469600002 10637.5304 
491.0 936.0 0.134043000002 10665.957 
261.0 795.0 0.10573108 10694.26892 
489.0 797.0 0.386742960005 10413.25704 
598.0 781.0 0.618519040001 10181.48096 
551.0 714.0 0.220041440003 10579.95856 
393.0 390.0 0.313816400007 10486.1836 
178.0 450.0 0.156140400002 10643.8596 
223.0 543.0 0.451635360006 10348.36464 
113.0 669.0 0.200807600001 10599.1924 
523.0 969.0 0.0819800000006 10718.02 
349.0 585.0 0.291280160006 10508.71984 
295.0 686.0 0.194050160003 10605.94984 
412.0 549.0 2.06891316002 8731.08683998 
539.0 402.0 0.200475000005 10599.525 
501.0 599.0 1.11046552002 9689.53447998 
435.0 779.0 0.313503360007 10486.49664 
370.0 305.0 0.114762600002 10685.2374 
223.0 395.0 0.233791680005 10566.20832 
374.0 793.0 0.123075200003 10676.9248 
312.0 674.0 0.0971900000021 10702.81 
510.0 430.0 1.14914 9650.86 
302.0 721.0 0.0845127200012 10715.48728 
198.0 311.0 0.103416600001 10696.5834 
459.0 601.0 1.46467248002 9335.32751998 
675.0 782.0 0.144882800002 10655.1172 
264.0 479.0 0.472915680009 10327.08432 
371.0 473.0 0.501897760012 10298.10224 
384.0 493.0 1.55056048002 9249.43951998 
451.0 271.0 0.182172600001 10617.8274 
329.0 655.0 0.0564400000016 10743.56 
243.0 421.0 0.356323360008 10443.67664 
20.0 369.0 0.03844168 10761.55832 
602.0 499.0 0.0919190400014 10708.08096 
652.0 783.0 0.113124000002 10686.876 
546.0 686.0 0.334915520007 10465.08448 
468.0 673.0 0.842675200007 9957.32479999 
256.0 536.0 0.271919800007 10528.0802 
192.0 387.0 0.223540000004 10576.46 
490.0 329.0 0.350035280004 10449.96472 
446.0 915.0 0.170714000002 10629.286 
284.0 779.0 0.101697920001 10698.30208 
611.0 794.0 0.0885948000023 10711.4052 
609.0 827.0 0.154416560002 10645.58344 
483.0 865.0 0.316220600003 10483.7794 
383.0 799.0 0.102148960002 10697.85104 
354.0 286.0 0.0754110400013 10724.58896 
236.0 639.0 0.580230920005 10219.76908 
417.0 337.0 0.515419600006 10284.5804 
433.0 214.0 0.0689135200007 10731.08648 
795.0 852.0 0.0 10800.0 
537.0 427.0 0.0254800000007 10774.52 
439.0 959.0 0.0520820000002 10747.918 
300.0 501.0 0.364903960008 10435.09604 
431.0 724.0 0.274400800006 10525.5992 
511.0 313.0 0.0244800000007 10775.52 
446.0 501.0 1.38323060001 9416.76939999 
289.0 713.0 0.109649120001 10690.35088 
370.0 946.0 0.0376232000001 10762.3768 
406.0 764.0 0.490958960002 10309.04104 
280.0 359.0 0.126476000002 10673.524 
298.0 485.0 0.378233840008 10421.76616 
524.0 557.0 1.84267400001 8957.32599999 
505.0 702.0 0.313676360007 10486.32364 
335.0 552.0 1.35021168001 9449.78831999 
562.0 232.0 0.0 10800.0 
310.0 349.0 0.295516000003 10504.484 
390.0 302.0 0.105548160001 10694.45184 
196.0 462.0 0.149507280002 10650.49272 
315.0 454.0 1.67392584001 9126.07415999 
457.0 569.0 1.44694272002 9353.05727998 
429.0 376.0 0.299972320007 10500.02768 
471.0 636.0 0.300904400006 10499.0956 
470.0 298.0 0.0947687600022 10705.23124 
323.0 405.0 0.280591240005 10519.40876 
359.0 903.0 0.00628000000017 10793.72 
431.0 421.0 0.823480000011 9976.51999999 
481.0 416.0 0.367036320008 10432.96368 
481.0 825.0 0.260431840005 10539.56816 
372.0 408.0 0.388468000006 10411.532 
287.0 833.0 0.081169480001 10718.83052 
602.0 558.0 0.263967800006 10536.0322 
459.0 456.0 0.821014640009 9978.98535999 
604.0 694.0 0.170845920003 10629.15408 
481.0 509.0 0.908878720019 9891.12127998 
200.0 380.0 0.469389440004 10330.61056 
613.0 863.0 0.099518800001 10700.4812 
423.0 701.0 0.168380000005 10631.62 
269.0 401.0 0.719722000007 10080.278 
487.0 312.0 0.197870400003 10602.1296 
566.0 556.0 0.158420320004 10641.57968 
117.0 586.0 0.0585862400005 10741.41376 
91.0 788.0 0.0 10800.0 
489.0 724.0 0.390544560007 10409.45544 
502.0 630.0 0.915275960019 9884.72403998 
384.0 581.0 1.23013208001 9569.86791999 
455.0 633.0 0.519417120012 10280.58288 
517.0 913.0 0.111825600002 10688.1744 
525.0 905.0 0.164910880002 10635.08912 
158.0 712.0 0.215604000001 10584.396 
339.0 458.0 0.619915520014 10180.08448 
