500.0 500.0
343.0 511.0 0.556436200015 10243.5638 
478.0 477.0 2.52716028005 8272.83971995 
230.0 577.0 0.503352000011 10296.648 
116.0 571.0 0.141348000003 10658.652 
367.0 447.0 0.860484800015 9939.51519998 
377.0 547.0 1.63176900003 9168.23099997 
319.0 622.0 1.23056220002 9569.43779998 
149.0 689.0 0.204463200004 10595.5368 
234.0 439.0 0.304822280004 10495.17772 
312.0 470.0 1.00350256002 9796.49743998 
231.0 615.0 0.519818200012 10280.1818 
326.0 448.0 1.14080880002 9659.19119998 
23.0 695.0 0.0690372000002 10730.9628 
280.0 735.0 0.70419120001 10095.8088 
334.0 593.0 1.37583360003 9424.16639997 
126.0 729.0 0.374548320004 10425.45168 
473.0 556.0 0.928601200024 9871.39879998 
239.0 571.0 0.400453680009 10399.54632 
298.0 659.0 0.524370880013 10275.62912 
332.0 610.0 1.01808136002 9781.91863998 
285.0 690.0 0.482530400012 10317.4696 
332.0 614.0 1.92838540002 8871.61459998 
355.0 522.0 1.78707800004 9012.92199996 
241.0 559.0 0.542737000013 10257.263 
504.0 416.0 0.248964000004 10551.036 
214.0 698.0 0.321981000007 10478.019 
278.0 384.0 0.187427000002 10612.573 
488.0 532.0 1.87866640004 8921.33359996 
210.0 681.0 0.801169200007 9998.83079999 
332.0 519.0 1.27206528003 9527.93471997 
481.0 324.0 0.287215200001 10512.7848 
362.0 653.0 0.720332480015 10079.66752 
125.0 823.0 0.127407600002 10672.5924 
192.0 755.0 0.470811000006 10329.189 
265.0 615.0 0.535200200008 10264.7998 
560.0 419.0 0.517910400003 10282.0896 
74.0 658.0 0.0503680000014 10749.632 
150.0 583.0 0.324966960007 10475.03304 
401.0 721.0 0.166404400002 10633.5956 
368.0 617.0 1.46672248002 9333.27751998 
254.0 580.0 0.522810560012 10277.18944 
336.0 385.0 0.190118800003 10609.8812 
410.0 332.0 0.0123800000003 10787.62 
116.0 787.0 0.130414800002 10669.5852 
84.0 914.0 0.0 10800.0 
17.0 727.0 0.0826977200005 10717.30228 
243.0 728.0 0.254225600006 10545.7744 
283.0 457.0 0.355379200007 10444.6208 
255.0 881.0 0.0601939200012 10739.80608 
157.0 594.0 0.264882120006 10535.11788 
193.0 558.0 0.495091200007 10304.9088 
377.0 631.0 1.73158360002 9068.41639998 
244.0 624.0 1.24396876001 9556.03123999 
342.0 691.0 1.31521184001 9484.78815999 
7.0 578.0 0.108122040002 10691.87796 
228.0 831.0 0.220102200002 10579.8978 
207.0 481.0 0.228656000005 10571.344 
583.0 552.0 0.0271061200005 10772.89388 
301.0 666.0 0.581416520015 10218.58348 
218.0 960.0 0.0 10800.0 
284.0 559.0 1.79083280002 9009.16719998 
534.0 201.0 0.0 10800.0 
333.0 480.0 0.853621160021 9946.37883998 
164.0 689.0 0.375950400005 10424.0496 
351.0 910.0 0.0 10800.0 
462.0 591.0 0.959569120025 9840.43087998 
165.0 624.0 0.423858240008 10376.14176 
163.0 513.0 0.249285200005 10550.7148 
305.0 540.0 0.899700800018 9900.29919998 
311.0 534.0 1.17179956003 9628.20043997 
450.0 272.0 0.127765400001 10672.2346 
234.0 505.0 0.52905216001 10270.94784 
376.0 558.0 1.98238400002 8817.61599998 
76.0 584.0 0.671172400003 10128.8276 
515.0 483.0 0.900064880021 9899.93511998 
605.0 470.0 0.103000440001 10696.99956 
454.0 158.0 0.0 10800.0 
548.0 365.0 0.233460000002 10566.54 
572.0 546.0 0.0316600000009 10768.34 
262.0 619.0 0.710575200017 10089.4248 
239.0 724.0 0.285637760007 10514.36224 
302.0 652.0 0.78859244002 10011.40756 
333.0 655.0 0.548117440014 10251.88256 
302.0 755.0 0.313444480006 10486.55552 
361.0 425.0 0.670936000015 10129.064 
257.0 516.0 0.798154960011 10001.84504 
340.0 521.0 1.71429060003 9085.70939997 
182.0 804.0 0.203257200002 10596.7428 
598.0 618.0 0.1845544 10615.4456 
382.0 343.0 0.108247200001 10691.7528 
383.0 794.0 0.0694209600005 10730.57904 
416.0 619.0 0.654608920012 10145.39108 
221.0 559.0 1.19034428001 9609.65571999 
307.0 231.0 0.0 10800.0 
422.0 527.0 8.38250368003 2417.49631997 
53.0 493.0 0.1003524 10699.6476 
579.0 575.0 0.0368636000004 10763.1364 
289.0 735.0 0.471005600006 10328.9944 
437.0 639.0 0.568872800013 10231.1272 
292.0 518.0 0.599774000014 10200.226 
298.0 480.0 0.705576000014 10094.424 
124.0 516.0 0.159930400002 10640.0696 
155.0 593.0 0.783467200006 10016.5328 
245.0 417.0 0.201310400003 10598.6896 
698.0 346.0 0.0729800000004 10727.02 
253.0 834.0 0.214310000002 10585.69 
708.0 215.0 0.0 10800.0 
115.0 878.0 0.177194120001 10622.80588 
382.0 105.0 0.00636000000018 10793.64 
159.0 556.0 0.385302960007 10414.69704 
533.0 25.0 0.0 10800.0 
411.0 412.0 0.235548960003 10564.45104 
225.0 610.0 0.466323000011 10333.677 
214.0 733.0 0.327344120007 10472.65588 
199.0 584.0 0.467910360009 10332.08964 
277.0 561.0 0.770100200017 10029.8998 
775.0 407.0 0.0 10800.0 
227.0 753.0 0.361020640005 10438.97936 
543.0 447.0 0.172919360001 10627.08064 
67.0 508.0 0.145288720002 10654.71128 
78.0 652.0 0.311982240002 10488.01776 
635.0 464.0 0.0237800000007 10776.22 
378.0 494.0 4.10939900002 6690.60099998 
130.0 806.0 0.323929400002 10476.0706 
379.0 636.0 0.656972720016 10143.02728 
456.0 242.0 0.0306459200005 10769.35408 
458.0 582.0 2.02915200003 8770.84799997 
160.0 411.0 0.127264000001 10672.736 
337.0 75.0 0.0435660000001 10756.434 
239.0 719.0 0.744162400007 10055.8376 
82.0 759.0 0.161171200002 10638.8288 
45.0 681.0 0.0666720000011 10733.328 
225.0 432.0 0.167465360003 10632.53464 
17.0 383.0 0.0 10800.0 
503.0 353.0 0.108941200001 10691.0588 
305.0 381.0 0.166164000003 10633.836 
200.0 440.0 0.205149600003 10594.8504 
219.0 861.0 0.0833062000015 10716.6938 
409.0 612.0 1.46499172002 9335.00827998 
67.0 824.0 0.0846408000006 10715.3592 
305.0 687.0 1.45031800001 9349.68199999 
234.0 462.0 0.235298240004 10564.70176 
402.0 665.0 0.256157160006 10543.84284 
634.0 639.0 0.0400798400006 10759.92016 
459.0 444.0 0.924681120019 9875.31887998 
316.0 435.0 0.368160600006 10431.8394 
466.0 611.0 0.170311400005 10629.6886 
196.0 431.0 0.146816800002 10653.1832 
126.0 441.0 0.103281240001 10696.71876 
725.0 465.0 0.0690500000004 10730.95 
8.0 559.0 0.117437880001 10682.56212 
278.0 851.0 0.036300000001 10763.7 
134.0 506.0 0.261162800003 10538.8372 
558.0 104.0 0.0 10800.0 
164.0 814.0 0.135369000002 10664.631 
137.0 574.0 0.179443200004 10620.5568 
278.0 764.0 0.172752600003 10627.2474 
695.0 410.0 0.176985600002 10623.0144 
214.0 347.0 0.0948934000006 10705.1066 
577.0 582.0 0.0473534800008 10752.64652 
358.0 736.0 0.311386160007 10488.61384 
286.0 437.0 0.252654000005 10547.346 
726.0 616.0 0.0 10800.0 
142.0 774.0 0.169552000004 10630.448 
89.0 618.0 0.186636320003 10613.36368 
377.0 534.0 0.406220000011 10393.78 
636.0 407.0 0.19607 10603.93 
201.0 867.0 0.125634000001 10674.366 
819.0 516.0 0.0 10800.0 
317.0 624.0 0.75217000002 10047.83 
250.0 468.0 0.553582240007 10246.41776 
388.0 746.0 0.147893520002 10652.10648 
320.0 700.0 0.39398572001 10406.01428 
201.0 492.0 0.228233760005 10571.76624 
176.0 510.0 0.357095440004 10442.90456 
