500.0 500.0
400.0 384.0 0.130074760003 10669.92524 
426.0 523.0 0.296446800004 10503.5532 
552.0 509.0 0.800179800021 9999.82019998 
484.0 285.0 0.333091000007 10466.909 
568.0 623.0 0.459175600008 10340.8244 
373.0 615.0 0.176957600003 10623.0424 
513.0 171.0 0.306267960003 10493.73204 
453.0 526.0 0.490669400012 10309.3306 
624.0 280.0 0.113784120003 10686.21588 
411.0 508.0 0.434307200008 10365.6928 
515.0 565.0 0.298772000007 10501.228 
470.0 664.0 0.317866400006 10482.1336 
482.0 269.0 0.592890000008 10207.11 
648.0 547.0 0.408803120005 10391.19688 
649.0 420.0 0.426754560005 10373.24544 
316.0 380.0 0.0933984000023 10706.6016 
406.0 646.0 0.166468800003 10633.5312 
424.0 727.0 0.691524280006 10108.47572 
305.0 335.0 0.177604120003 10622.39588 
480.0 160.0 0.121556960002 10678.44304 
447.0 508.0 0.789032400005 10010.9676 
479.0 751.0 0.690501640006 10109.49836 
373.0 662.0 0.181152000002 10618.848 
521.0 540.0 1.38400028001 9415.99971999 
536.0 228.0 0.363981400008 10436.0186 
335.0 258.0 0.109013360003 10690.98664 
609.0 296.0 0.287778080006 10512.22192 
628.0 560.0 0.718382800002 10081.6172 
528.0 417.0 1.29311760002 9506.88239998 
550.0 443.0 5.30712372 5492.87628 
355.0 642.0 0.165021760003 10634.97824 
292.0 343.0 0.134478000002 10665.522 
504.0 360.0 1.35286900002 9447.13099998 
367.0 825.0 0.227726760003 10572.27324 
553.0 706.0 0.223850840004 10576.14916 
449.0 151.0 0.124166600002 10675.8334 
486.0 879.0 0.127980400002 10672.0196 
433.0 733.0 0.310443600006 10489.5564 
567.0 592.0 0.608059200015 10191.9408 
630.0 311.0 0.545714000006 10254.286 
523.0 581.0 0.902214200014 9897.78579999 
418.0 762.0 0.150126640003 10649.87336 
232.0 241.0 0.0 10800.0 
385.0 210.0 0.114533200001 10685.4668 
355.0 275.0 0.371641840003 10428.35816 
590.0 984.0 0.0347438 10765.2562 
702.0 472.0 0.231004960003 10568.99504 
646.0 496.0 0.268800000002 10531.2 
537.0 550.0 0.752483080011 10047.51692 
597.0 148.0 0.0655484000013 10734.4516 
661.0 844.0 0.0771120000001 10722.888 
454.0 382.0 1.16140840001 9638.59159999 
680.0 592.0 0.180978240002 10619.02176 
364.0 753.0 0.486609920003 10313.39008 
388.0 851.0 0.0908352000009 10709.1648 
268.0 530.0 0.0937802000009 10706.2198 
653.0 476.0 1.01926600001 9780.73399999 
394.0 670.0 0.447587960005 10352.41204 
690.0 580.0 0.147464160002 10652.53584 
418.0 317.0 0.593923840007 10206.07616 
482.0 334.0 1.03302240001 9766.97759999 
584.0 437.0 1.13326736002 9666.73263998 
606.0 175.0 0.314239560002 10485.76044 
650.0 433.0 0.299378880006 10500.62112 
595.0 362.0 0.543195600009 10256.8044 
419.0 414.0 0.119740000003 10680.26 
645.0 431.0 0.204581040004 10595.41896 
648.0 861.0 0.0828487200003 10717.15128 
496.0 671.0 0.180487280004 10619.51272 
563.0 577.0 0.629878560016 10170.12144 
449.0 376.0 0.407951800009 10392.0482 
525.0 816.0 0.313087960001 10486.91204 
537.0 231.0 0.317814680007 10482.18532 
505.0 680.0 0.339244600004 10460.7554 
537.0 207.0 0.218420200004 10581.5798 
589.0 690.0 0.104140400001 10695.8596 
676.0 354.0 0.450329400004 10349.6706 
197.0 663.0 0.0 10800.0 
511.0 407.0 1.84200220003 8957.99779997 
373.0 50.0 0.0127600000004 10787.24 
429.0 315.0 0.84751784001 9952.48215999 
698.0 280.0 0.131259200002 10668.7408 
686.0 149.0 0.02984004 10770.15996 
313.0 110.0 0.0571328000005 10742.8672 
478.0 878.0 0.0817412800009 10718.25872 
552.0 861.0 0.0623836000008 10737.6164 
607.0 645.0 0.164156240002 10635.84376 
355.0 483.0 0.223259920005 10576.74008 
594.0 66.0 0.00596000000017 10794.04 
319.0 376.0 0.172909400002 10627.0906 
472.0 823.0 0.274548960002 10525.45104 
386.0 233.0 0.493683960001 10306.31604 
364.0 257.0 0.080657400002 10719.3426 
518.0 49.0 0.0844748000002 10715.5252 
744.0 454.0 0.101944000001 10698.056 
519.0 193.0 0.244612000004 10555.388 
457.0 329.0 0.338270200008 10461.7298 
431.0 847.0 0.145971000002 10654.029 
544.0 591.0 0.672159200018 10127.8408 
653.0 145.0 0.0559960000002 10744.004 
706.0 581.0 0.169562400002 10630.4376 
375.0 809.0 0.152926160003 10647.07384 
384.0 503.0 0.385233840008 10414.76616 
553.0 302.0 1.28185160001 9518.14839999 
595.0 806.0 0.0193600000005 10780.64 
329.0 255.0 0.0826624000015 10717.3376 
801.0 384.0 0.0 10800.0 
327.0 408.0 0.435624240002 10364.37576 
956.0 346.0 0.0 10800.0 
248.0 616.0 0.0 10800.0 
593.0 594.0 0.579768160008 10220.23184 
425.0 636.0 0.118000000003 10682.0 
689.0 678.0 0.0 10800.0 
402.0 358.0 0.213943000004 10586.057 
323.0 484.0 0.338996320003 10461.00368 
804.0 503.0 0.0882118 10711.7882 
551.0 234.0 0.546956960007 10253.04304 
360.0 127.0 0.0396515200008 10760.34848 
449.0 965.0 0.0 10800.0 
727.0 68.0 0.0 10800.0 
571.0 390.0 0.802820880016 9997.17911998 
783.0 304.0 0.0623678400003 10737.63216 
648.0 552.0 0.133712080003 10666.28792 
570.0 273.0 0.239360000003 10560.64 
555.0 159.0 0.179793520002 10620.20648 
607.0 597.0 0.336271280007 10463.72872 
397.0 494.0 0.422112960006 10377.88704 
694.0 478.0 0.185656480004 10614.34352 
347.0 32.0 0.02568 10774.32 
838.0 18.0 0.0 10800.0 
351.0 520.0 0.178829840003 10621.17016 
508.0 139.0 0.154814400002 10645.1856 
444.0 514.0 0.320346720006 10479.65328 
340.0 145.0 0.294060000001 10505.94 
565.0 336.0 0.525371200008 10274.6288 
487.0 212.0 0.340189040005 10459.81096 
300.0 345.0 0.135346480002 10664.65352 
315.0 382.0 0.0920072000018 10707.9928 
315.0 599.0 0.0630048000006 10736.9952 
224.0 87.0 0.0 10800.0 
398.0 364.0 0.254212200005 10545.7878 
554.0 592.0 0.733230600018 10066.7694 
512.0 646.0 1.05102064 9748.97936 
493.0 370.0 0.579594240011 10220.40576 
493.0 297.0 0.43082644001 10369.17356 
321.0 548.0 0.125124400002 10674.8756 
773.0 619.0 0.0918145600005 10708.18544 
586.0 615.0 0.315148080007 10484.85192 
330.0 882.0 0.0765326400003 10723.46736 
615.0 252.0 0.157127440003 10642.87256 
517.0 648.0 0.235008000005 10564.992 
460.0 567.0 0.604649360014 10195.35064 
424.0 527.0 0.145473560004 10654.52644 
514.0 92.0 0.206828720001 10593.17128 
651.0 150.0 0.0548176000004 10745.1824 
603.0 253.0 0.466939320004 10333.06068 
471.0 861.0 0.0610534000008 10738.9466 
463.0 245.0 0.752304320004 10047.69568 
578.0 629.0 0.345448240008 10454.55176 
374.0 793.0 0.156164000002 10643.836 
274.0 424.0 0.153391960002 10646.60804 
743.0 391.0 0.298521280002 10501.47872 
110.0 691.0 0.0 10800.0 
509.0 44.0 0.0537327600008 10746.26724 
814.0 740.0 0.0 10800.0 
725.0 314.0 0.20152548 10598.47452 
588.0 935.0 0.00598000000017 10794.02 
355.0 465.0 0.646038200005 10153.9618 
527.0 581.0 0.582800080015 10217.19992 
311.0 13.0 0.0784438000004 10721.5562 
696.0 188.0 0.0177600000005 10782.24 
335.0 698.0 0.0896696000015 10710.3304 
623.0 288.0 0.201288000003 10598.712 
551.0 566.0 0.824692000013 9975.30799999 
736.0 636.0 0.101627200001 10698.3728 
