500.0 500.0
388.0 457.0 1.08276288003 9717.23711997 
465.0 593.0 0.87942900002 9920.57099998 
345.0 386.0 0.458631040011 10341.36896 
347.0 533.0 0.499006600012 10300.9934 
255.0 411.0 0.211546800004 10588.4532 
304.0 276.0 0.922706800006 9877.29319999 
440.0 489.0 0.915655320024 9884.34467998 
367.0 494.0 0.383207840009 10416.79216 
496.0 498.0 0.849269600023 9950.73039998 
151.0 513.0 0.170324000004 10629.676 
447.0 345.0 0.862007840009 9937.99215999 
264.0 372.0 0.142088000003 10657.912 
326.0 329.0 0.328631600007 10471.3684 
234.0 486.0 0.357170440007 10442.82956 
558.0 378.0 0.205246880004 10594.75312 
408.0 195.0 0.0859956800013 10714.00432 
339.0 542.0 0.464035360012 10335.96464 
545.0 554.0 0.228244800005 10571.7552 
309.0 482.0 0.677648000011 10122.352 
383.0 721.0 0.333780640002 10466.21936 
571.0 495.0 0.270456400003 10529.5436 
393.0 362.0 0.564850400012 10235.1496 
372.0 377.0 0.441301600011 10358.6984 
211.0 232.0 0.469312000001 10330.688 
309.0 227.0 0.145446800003 10654.5532 
248.0 538.0 1.40714400001 9392.85599999 
517.0 534.0 0.781334600019 10018.6654 
331.0 325.0 0.405377560008 10394.62244 
453.0 526.0 2.84562600001 7954.37399999 
262.0 559.0 0.319672800006 10480.3272 
258.0 727.0 0.185305880003 10614.69412 
480.0 721.0 0.147092560002 10652.90744 
556.0 276.0 0.125141120001 10674.85888 
230.0 476.0 0.339415360007 10460.58464 
353.0 623.0 0.421321160008 10378.67884 
289.0 454.0 0.227834800004 10572.1652 
604.0 644.0 0.0938964800009 10706.10352 
283.0 709.0 0.201962000004 10598.038 
446.0 627.0 1.15359424001 9646.40575999 
128.0 594.0 0.0391840800008 10760.81592 
287.0 246.0 0.240552600003 10559.4474 
216.0 370.0 0.142928440002 10657.07156 
116.0 695.0 0.164307640002 10635.69236 
314.0 682.0 0.641368800003 10158.6312 
540.0 571.0 0.146114800003 10653.8852 
322.0 90.0 0.0509928000005 10749.0072 
344.0 549.0 1.99116288001 8808.83711999 
446.0 463.0 1.95502080003 8844.97919997 
290.0 272.0 0.214120800004 10585.8792 
164.0 371.0 0.0 10800.0 
145.0 452.0 0.542493120002 10257.50688 
93.0 197.0 0.09112608 10708.87392 
336.0 525.0 0.46436448001 10335.63552 
696.0 721.0 0.0 10800.0 
436.0 699.0 0.547696960003 10252.30304 
244.0 457.0 0.187898000003 10612.102 
434.0 187.0 0.0870385600012 10712.96144 
658.0 646.0 0.0467131600005 10753.28684 
442.0 579.0 0.718852000017 10081.148 
504.0 378.0 0.82280672001 9977.19327999 
526.0 367.0 0.225581840004 10574.41816 
408.0 622.0 0.380145320009 10419.85468 
357.0 227.0 0.228381200005 10571.6188 
229.0 691.0 0.226870720002 10573.12928 
178.0 678.0 0.0744412000013 10725.5588 
422.0 485.0 1.00419092003 9795.80907997 
170.0 353.0 0.0509660000004 10749.034 
58.0 509.0 0.0646550000007 10735.345 
181.0 462.0 0.216139040004 10583.86096 
491.0 689.0 0.360151520003 10439.84848 
292.0 424.0 0.248182200004 10551.8178 
367.0 530.0 0.623349840015 10176.65016 
134.0 571.0 0.539367120001 10260.63288 
495.0 652.0 0.259786920003 10540.21308 
308.0 485.0 0.45437280001 10345.6272 
401.0 598.0 0.752176800017 10047.8232 
443.0 649.0 0.326567240007 10473.43276 
318.0 856.0 0.0 10800.0 
550.0 505.0 0.342253000002 10457.747 
261.0 404.0 0.323243600004 10476.7564 
465.0 113.0 0.00626000000017 10793.74 
416.0 245.0 0.202114480003 10597.88552 
514.0 595.0 0.263225200005 10536.7748 
613.0 630.0 0.0185200000005 10781.48 
519.0 285.0 0.175454480002 10624.54552 
48.0 676.0 0.124642400001 10675.3576 
75.0 361.0 0.0 10800.0 
328.0 491.0 0.815300800011 9984.69919999 
543.0 254.0 0.0424980800008 10757.50192 
190.0 83.0 0.0977052000002 10702.2948 
580.0 424.0 0.170386480003 10629.61352 
760.0 666.0 0.0 10800.0 
185.0 521.0 0.961463120004 9838.53688 
444.0 218.0 0.107272000002 10692.728 
277.0 459.0 0.318225000005 10481.775 
444.0 49.0 0.0630632399999 10736.93676 
471.0 532.0 1.03644760002 9763.55239998 
686.0 542.0 0.110437640001 10689.56236 
386.0 471.0 2.04910144002 8750.89855998 
432.0 609.0 0.452819200011 10347.1808 
530.0 572.0 0.435393440004 10364.60656 
434.0 483.0 0.960759800025 9839.24019998 
329.0 692.0 0.147328480003 10652.67152 
557.0 433.0 0.234306680005 10565.69332 
412.0 589.0 2.16994600002 8630.05399998 
312.0 325.0 0.339942560007 10460.05744 
153.0 597.0 0.0496000000014 10750.4 
436.0 519.0 0.83691144002 9963.08855998 
368.0 723.0 0.126864520002 10673.13548 
408.0 230.0 0.148561600002 10651.4384 
328.0 606.0 0.949307000011 9850.69299999 
611.0 546.0 0.359768960003 10440.23104 
198.0 272.0 0.0325810400004 10767.41896 
439.0 494.0 0.855202760021 9944.79723998 
315.0 137.0 0.0185600000005 10781.44 
369.0 359.0 0.493376680013 10306.62332 
405.0 398.0 1.48281120001 9317.18879999 
464.0 268.0 0.585441760003 10214.55824 
206.0 707.0 0.150989000002 10649.011 
512.0 686.0 0.119717920002 10680.28208 
74.0 472.0 0.34623472 10453.76528 
286.0 292.0 0.250774000005 10549.226 
251.0 484.0 0.393188480007 10406.81152 
168.0 183.0 0.165500000002 10634.5 
51.0 684.0 0.0791242400004 10720.87576 
548.0 442.0 0.87547744 9924.52256 
585.0 141.0 0.0 10800.0 
372.0 224.0 0.141870400002 10658.1296 
77.0 805.0 0.0 10800.0 
324.0 375.0 0.637371520008 10162.62848 
445.0 335.0 0.233911200005 10566.0888 
444.0 631.0 0.469408640011 10330.59136 
94.0 636.0 0.160789000002 10639.211 
237.0 594.0 0.135106000003 10664.894 
524.0 559.0 0.513066280013 10286.93372 
492.0 359.0 0.388098600008 10411.9014 
389.0 558.0 1.28213920002 9517.86079998 
302.0 716.0 0.281500000003 10518.5 
342.0 339.0 1.15087168001 9649.12831999 
227.0 257.0 0.288978000003 10511.022 
651.0 369.0 0.0 10800.0 
524.0 346.0 0.217729920004 10582.27008 
224.0 474.0 0.303812080007 10496.18792 
502.0 757.0 0.099115200001 10700.8848 
141.0 673.0 0.130834720002 10669.16528 
356.0 300.0 0.384726560005 10415.27344 
381.0 271.0 0.269271160005 10530.72884 
462.0 487.0 2.02250156003 8777.49843997 
318.0 574.0 0.671759160003 10128.24084 
374.0 401.0 1.98435800001 8815.64199999 
64.0 511.0 0.0633065200009 10736.69348 
536.0 642.0 0.289455200002 10510.5448 
265.0 379.0 0.153244240003 10646.75576 
359.0 338.0 0.600035520012 10199.96448 
236.0 525.0 0.328792840007 10471.20716 
711.0 511.0 0.0298530000002 10770.147 
432.0 553.0 0.97944240002 9820.55759998 
207.0 161.0 0.187642720001 10612.35728 
215.0 689.0 0.197651360002 10602.34864 
636.0 562.0 0.0530920000009 10746.908 
542.0 575.0 0.149275920003 10650.72408 
469.0 746.0 0.114051920002 10685.94808 
324.0 112.0 0.0380288000008 10761.9712 
253.0 414.0 0.138152160003 10661.84784 
599.0 400.0 0.138070800002 10661.9292 
62.0 479.0 0.046045480001 10753.95452 
445.0 423.0 2.47054900002 8329.45099998 
343.0 638.0 0.193094000005 10606.906 
559.0 872.0 0.0 10800.0 
110.0 630.0 0.306560160004 10493.43984 
450.0 629.0 0.529044000012 10270.956 
689.0 286.0 0.0 10800.0 
638.0 605.0 0.107489200001 10692.5108 
356.0 118.0 0.0769118400003 10723.08816 
675.0 488.0 0.0124400000003 10787.56 
