500.0 500.0
378.0 443.0 0.712970720017 10087.02928 
235.0 451.0 0.716658000005 10083.342 
205.0 586.0 1.01547936 9784.52064 
78.0 527.0 0.0890458000013 10710.9542 
235.0 706.0 0.0942800000026 10705.72 
314.0 589.0 0.0958008000007 10704.1992 
471.0 501.0 0.658199840018 10141.80016 
288.0 415.0 0.334115200007 10465.8848 
295.0 452.0 0.403050840009 10396.94916 
354.0 400.0 0.641467840007 10158.53216 
193.0 598.0 0.460139840006 10339.86016 
442.0 349.0 0.120935160002 10679.06484 
397.0 338.0 0.164149680003 10635.85032 
342.0 459.0 0.393845480006 10406.15452 
135.0 625.0 0.292991040006 10507.00896 
423.0 496.0 0.724302600018 10075.6974 
475.0 356.0 0.105753200002 10694.2468 
617.0 411.0 0.0778659200004 10722.13408 
304.0 343.0 0.379750320001 10420.24968 
536.0 537.0 0.257092600006 10542.9074 
555.0 304.0 0.102230120001 10697.76988 
157.0 641.0 0.207551280004 10592.44872 
453.0 348.0 0.133272400002 10666.7276 
130.0 629.0 0.205358880005 10594.64112 
517.0 440.0 0.708552000006 10091.448 
427.0 580.0 0.893932800014 9906.06719999 
472.0 486.0 0.660248800015 10139.7512 
363.0 213.0 0.174224800001 10625.7752 
105.0 623.0 0.301485600005 10498.5144 
130.0 779.0 0.234367520003 10565.63248 
18.0 754.0 0.0912946800003 10708.70532 
248.0 295.0 0.187103200001 10612.8968 
245.0 548.0 0.816547840009 9983.45215999 
505.0 221.0 0.0306400000009 10769.36 
556.0 503.0 0.179323200004 10620.6768 
405.0 307.0 0.203125000002 10596.875 
450.0 465.0 1.12572400002 9674.27599998 
421.0 431.0 0.625121840013 10174.87816 
600.0 610.0 0.208639600003 10591.3604 
162.0 731.0 0.609805200003 10190.1948 
411.0 430.0 0.654960800014 10145.0392 
345.0 554.0 0.358752680009 10441.24732 
70.0 410.0 0.109758800001 10690.2412 
2.0 683.0 0.140021040001 10659.97896 
396.0 641.0 1.22048552001 9579.51447999 
230.0 223.0 0.0861779200005 10713.82208 
560.0 376.0 0.343864200003 10456.1358 
332.0 505.0 1.15545892001 9644.54107999 
353.0 265.0 0.0675403200005 10732.45968 
248.0 531.0 0.112220000003 10687.78 
131.0 456.0 0.158323200001 10641.6768 
60.0 750.0 0.190903120001 10609.09688 
387.0 537.0 1.31619696002 9483.80303998 
76.0 569.0 0.206894320004 10593.10568 
489.0 444.0 0.340357640008 10459.64236 
437.0 572.0 0.43178564001 10368.21436 
568.0 531.0 0.334033600005 10465.9664 
43.0 863.0 0.0 10800.0 
554.0 480.0 0.333999520005 10466.00048 
182.0 547.0 0.373991600009 10426.0084 
126.0 529.0 0.228116320004 10571.88368 
204.0 514.0 0.462885000008 10337.115 
412.0 383.0 0.369752000006 10430.248 
147.0 606.0 0.391670240007 10408.32976 
446.0 578.0 0.325840520008 10474.15948 
533.0 559.0 0.465293600007 10334.7064 
517.0 486.0 0.352217200009 10447.7828 
570.0 537.0 0.469902280003 10330.09772 
352.0 386.0 0.260020760005 10539.97924 
444.0 416.0 0.505655040009 10294.34496 
225.0 703.0 0.704468000004 10095.532 
646.0 177.0 0.0487018 10751.2982 
721.0 89.0 0.0 10800.0 
241.0 548.0 0.155586720004 10644.41328 
130.0 734.0 0.101511840003 10698.48816 
698.0 206.0 0.00602000000017 10793.98 
112.0 179.0 0.0 10800.0 
655.0 560.0 0.105958040001 10694.04196 
740.0 650.0 0.0 10800.0 
539.0 313.0 0.117666400001 10682.3336 
357.0 499.0 1.14561200002 9654.38799998 
22.0 634.0 0.117330280002 10682.66972 
465.0 721.0 0.115342960001 10684.65704 
50.0 615.0 0.105103280002 10694.89672 
524.0 543.0 0.726370000011 10073.63 
245.0 408.0 0.200297600004 10599.7024 
348.0 754.0 0.309552280006 10490.44772 
352.0 167.0 0.0571050400004 10742.89496 
171.0 655.0 0.703374160009 10096.62584 
637.0 276.0 0.0 10800.0 
362.0 362.0 0.133251240002 10666.74876 
222.0 577.0 0.260127200005 10539.8728 
301.0 446.0 0.690344920011 10109.65508 
528.0 670.0 0.0551080000008 10744.892 
585.0 645.0 0.187188400003 10612.8116 
464.0 531.0 0.696703240019 10103.29676 
613.0 484.0 0.12566452 10674.33548 
126.0 508.0 0.407817600003 10392.1824 
403.0 145.0 0.141708800001 10658.2912 
502.0 653.0 0.141676080003 10658.32392 
476.0 331.0 0.142694400002 10657.3056 
532.0 377.0 0.385805360004 10414.19464 
648.0 706.0 0.0454342400007 10754.56576 
226.0 760.0 0.167150000003 10632.85 
158.0 803.0 0.109489880002 10690.51012 
147.0 662.0 0.246533280005 10553.46672 
75.0 626.0 0.258515080003 10541.48492 
672.0 513.0 0.0787385600006 10721.26144 
251.0 915.0 0.0 10800.0 
360.0 388.0 0.251052400005 10548.9476 
161.0 428.0 0.464949800002 10335.0502 
660.0 684.0 0.0547268000008 10745.2732 
503.0 359.0 0.177580840003 10622.41916 
664.0 263.0 0.0 10800.0 
456.0 633.0 0.686926880009 10113.07312 
559.0 212.0 0.0 10800.0 
532.0 356.0 0.0898038000022 10710.1962 
216.0 736.0 0.160708600004 10639.2914 
427.0 499.0 2.73439800002 8065.60199998 
348.0 521.0 0.42013476001 10379.86524 
551.0 623.0 0.211288000004 10588.712 
464.0 561.0 2.31430344002 8485.69655998 
380.0 629.0 0.41105280001 10388.9472 
391.0 445.0 0.451965400011 10348.0346 
450.0 716.0 0.182352480003 10617.64752 
78.0 646.0 0.292846080003 10507.15392 
235.0 540.0 0.446087200005 10353.9128 
162.0 592.0 0.442217000007 10357.783 
442.0 409.0 0.496661760008 10303.33824 
376.0 454.0 0.857631040013 9942.36895999 
131.0 795.0 0.150517680002 10649.48232 
532.0 596.0 0.63688528001 10163.11472 
294.0 294.0 0.073371960001 10726.62804 
271.0 90.0 0.0 10800.0 
747.0 561.0 0.0 10800.0 
68.0 641.0 0.187085400003 10612.9146 
43.0 642.0 0.312161160002 10487.83884 
334.0 507.0 0.42711880001 10372.8812 
10.0 629.0 0.120569920001 10679.43008 
259.0 478.0 1.34347224001 9456.52775999 
115.0 433.0 0.0783596000017 10721.6404 
289.0 705.0 0.910245960001 9889.75404 
350.0 749.0 0.922669680006 9877.33031999 
520.0 624.0 0.246783280004 10553.21672 
109.0 611.0 0.435038400004 10364.9616 
500.0 132.0 0.0 10800.0 
208.0 760.0 0.240984400004 10559.0156 
101.0 528.0 0.168284800003 10631.7152 
637.0 562.0 0.140426080001 10659.57392 
397.0 592.0 0.597240000014 10202.76 
132.0 799.0 0.155791840002 10644.20816 
401.0 676.0 0.419385040003 10380.61496 
135.0 589.0 0.448201920007 10351.79808 
63.0 472.0 0.116941400001 10683.0586 
377.0 684.0 0.643541600003 10156.4584 
474.0 494.0 0.691158240013 10108.84176 
542.0 619.0 0.256960000005 10543.04 
417.0 167.0 0.0953000000017 10704.7 
507.0 47.0 0.0 10800.0 
262.0 413.0 0.123540000002 10676.46 
306.0 487.0 0.61587700001 10184.123 
531.0 548.0 0.363769400008 10436.2306 
212.0 389.0 0.0979859200018 10702.01408 
596.0 616.0 0.337314560002 10462.68544 
619.0 691.0 0.29825048 10501.74952 
431.0 219.0 0.3909344 10409.0656 
10.0 725.0 0.080560000001 10719.44 
408.0 740.0 0.257088200005 10542.9118 
598.0 610.0 0.275855960003 10524.14404 
418.0 444.0 1.41300320002 9386.99679998 
470.0 477.0 0.519894160012 10280.10584 
581.0 785.0 0.0 10800.0 
408.0 397.0 0.495916160005 10304.08384 
197.0 684.0 0.255341280005 10544.65872 
397.0 712.0 0.341745840008 10458.25416 
