500.0 500.0
617.0 524.0 1.03128668002 9768.71331998 
634.0 436.0 0.513918720006 10286.08128 
591.0 389.0 0.227006400005 10572.9936 
540.0 615.0 0.619175000015 10180.825 
568.0 553.0 2.51558672002 8284.41327998 
515.0 535.0 1.97963600001 8820.36399999 
414.0 592.0 0.49023000001 10309.77 
705.0 540.0 1.59959900001 9200.40099999 
555.0 452.0 1.23328348001 9566.71651999 
545.0 501.0 1.06928632002 9730.71367998 
696.0 584.0 0.448109760011 10351.89024 
578.0 751.0 0.416445000003 10383.555 
400.0 627.0 0.394800200007 10405.1998 
710.0 633.0 0.368000000008 10432.0 
604.0 373.0 0.410599040005 10389.40096 
677.0 648.0 0.780400560014 10019.59944 
423.0 538.0 0.956837000012 9843.16299999 
490.0 404.0 0.105218560003 10694.78144 
338.0 566.0 0.165755040003 10634.24496 
520.0 864.0 0.12482792 10675.17208 
690.0 626.0 0.277827440005 10522.17256 
576.0 493.0 0.898776000023 9901.22399998 
702.0 450.0 0.317086400003 10482.9136 
815.0 496.0 0.263942160003 10536.05784 
729.0 770.0 0.362324200003 10437.6758 
489.0 292.0 0.0426751600007 10757.32484 
656.0 507.0 0.462017400008 10337.9826 
476.0 552.0 0.498014400013 10301.9856 
614.0 600.0 2.80403900001 7995.96099999 
859.0 668.0 0.424587360004 10375.41264 
822.0 572.0 0.804289040008 9995.71095999 
458.0 701.0 0.280744240002 10519.25576 
583.0 537.0 1.32855936004 9471.44063996 
624.0 761.0 0.163023360004 10636.97664 
376.0 763.0 0.0621793600006 10737.82064 
796.0 725.0 0.284913000005 10515.087 
725.0 572.0 0.325494000007 10474.506 
732.0 320.0 0.105710520002 10694.28948 
609.0 303.0 0.188077000003 10611.923 
517.0 693.0 1.50892080001 9291.07919999 
585.0 751.0 0.247356160006 10552.64384 
414.0 447.0 0.177119200004 10622.8808 
758.0 571.0 0.356632400008 10443.3676 
836.0 709.0 0.229183240005 10570.81676 
721.0 798.0 0.121675000002 10678.325 
419.0 502.0 0.345593760007 10454.40624 
379.0 537.0 0.473534200005 10326.4658 
813.0 392.0 0.116261280001 10683.73872 
513.0 700.0 0.318592400007 10481.4076 
334.0 449.0 0.122891560001 10677.10844 
525.0 478.0 0.951898080021 9848.10191998 
543.0 731.0 0.687740800003 10112.2592 
755.0 648.0 0.372288320009 10427.71168 
458.0 399.0 0.224352000003 10575.648 
446.0 451.0 0.314819120004 10485.18088 
697.0 949.0 0.0 10800.0 
468.0 686.0 0.253379040005 10546.62096 
448.0 529.0 0.95747180002 9842.52819998 
416.0 608.0 0.458922720011 10341.07728 
574.0 756.0 0.200798000005 10599.202 
759.0 547.0 0.939167800006 9860.83219999 
179.0 555.0 0.0 10800.0 
405.0 713.0 0.135634400001 10664.3656 
306.0 635.0 0.159914400003 10640.0856 
278.0 559.0 0.148123280002 10651.87672 
569.0 606.0 0.78243364002 10017.56636 
936.0 664.0 0.144251400002 10655.7486 
620.0 553.0 0.76539256002 10034.60744 
410.0 470.0 0.386589000007 10413.411 
887.0 744.0 0.158564560003 10641.43544 
921.0 572.0 0.154966600002 10645.0334 
893.0 576.0 0.364256360004 10435.74364 
898.0 725.0 0.293862400005 10506.1376 
590.0 500.0 1.11820000002 9681.79999998 
888.0 880.0 0.100036000001 10699.964 
560.0 618.0 0.375108000009 10424.892 
486.0 304.0 0.112756800002 10687.2432 
566.0 286.0 0.113957760001 10686.04224 
923.0 702.0 0.173035840003 10626.96416 
756.0 656.0 0.346748800006 10453.2512 
924.0 746.0 0.0752563200013 10724.74368 
269.0 563.0 0.0889048000009 10711.0952 
639.0 655.0 1.71805400001 9081.94599999 
443.0 627.0 0.409999200009 10390.0008 
856.0 874.0 0.049806080001 10750.19392 
327.0 647.0 0.194404480003 10605.59552 
566.0 375.0 1.23872400001 9561.27599999 
312.0 589.0 0.102722000002 10697.278 
529.0 642.0 0.475651200011 10324.3488 
956.0 795.0 0.104618800001 10695.3812 
878.0 752.0 0.414808800003 10385.1912 
662.0 639.0 0.708452000013 10091.548 
847.0 693.0 0.330588800008 10469.4112 
951.0 797.0 0.100463040001 10699.53696 
553.0 659.0 0.208866400004 10591.1336 
595.0 508.0 0.546344000013 10253.656 
796.0 271.0 0.0 10800.0 
839.0 896.0 0.0335392000001 10766.4608 
388.0 697.0 0.167000800003 10632.9992 
826.0 723.0 0.721407800003 10078.5922 
938.0 218.0 0.0 10800.0 
587.0 569.0 1.23438240003 9565.61759997 
191.0 471.0 0.0 10800.0 
431.0 486.0 0.878142480006 9921.85751999 
669.0 398.0 0.226839400004 10573.1606 
439.0 615.0 0.598768000014 10201.232 
687.0 655.0 0.525882560012 10274.11744 
334.0 560.0 0.129927440003 10670.07256 
540.0 638.0 0.41474312001 10385.25688 
287.0 729.0 0.0672274800005 10732.77252 
655.0 878.0 0.0675544000004 10732.4456 
528.0 301.0 0.0128200000004 10787.18 
854.0 508.0 0.184786080004 10615.21392 
747.0 541.0 0.337789400008 10462.2106 
537.0 919.0 0.0594336000005 10740.5664 
744.0 467.0 0.252722080004 10547.27792 
716.0 554.0 0.396803960009 10403.19604 
956.0 625.0 0.126630400001 10673.3696 
684.0 479.0 0.708289640012 10091.71036 
408.0 387.0 0.233950400004 10566.0496 
698.0 734.0 0.439382320007 10360.61768 
547.0 596.0 1.34308480003 9456.91519997 
288.0 561.0 0.133538000002 10666.462 
591.0 979.0 0.0 10800.0 
651.0 753.0 0.629137800003 10170.8622 
680.0 280.0 0.091417600001 10708.5824 
429.0 609.0 0.931704520012 9868.29547999 
589.0 551.0 0.895349760023 9904.65023998 
812.0 510.0 0.548373120006 10251.62688 
384.0 457.0 0.237300000003 10562.7 
491.0 525.0 0.788732480018 10011.26752 
896.0 645.0 0.161168720003 10638.83128 
457.0 593.0 0.586460000014 10213.54 
840.0 549.0 0.211707000005 10588.293 
597.0 651.0 0.519370000012 10280.63 
919.0 628.0 0.194725040003 10605.27496 
495.0 311.0 0.247252720001 10552.74728 
533.0 756.0 0.247377000005 10552.623 
351.0 681.0 0.300379200002 10499.6208 
470.0 635.0 1.50056520001 9299.43479999 
671.0 860.0 0.108160000001 10691.84 
770.0 425.0 0.218294800002 10581.7052 
783.0 679.0 1.29224076 9507.75924 
677.0 342.0 0.536369600003 10263.6304 
808.0 407.0 0.117113520001 10682.88648 
738.0 591.0 0.318077200008 10481.9228 
607.0 642.0 0.363784800008 10436.2152 
583.0 785.0 0.233890560004 10566.10944 
860.0 813.0 0.174069200002 10625.9308 
687.0 819.0 0.159376000002 10640.624 
686.0 509.0 0.623965200012 10176.0348 
273.0 668.0 0.19675368 10603.24632 
863.0 500.0 0.057670400001 10742.3296 
937.0 622.0 0.108339360001 10691.66064 
580.0 185.0 0.0 10800.0 
572.0 767.0 0.207595520005 10592.40448 
878.0 794.0 0.147048960003 10652.95104 
715.0 947.0 0.0 10800.0 
739.0 372.0 0.258075840001 10541.92416 
715.0 457.0 0.192600360003 10607.39964 
687.0 675.0 0.431428480011 10368.57152 
437.0 211.0 0.0 10800.0 
353.0 576.0 0.608313120005 10191.68688 
476.0 603.0 1.39460280002 9405.39719998 
566.0 533.0 2.59920740002 8200.79259998 
831.0 855.0 0.0247200000007 10775.28 
729.0 697.0 0.330251400007 10469.7486 
487.0 576.0 3.07197200001 7728.02799999 
428.0 328.0 0.475400640002 10324.59936 
443.0 636.0 0.239865520006 10560.13448 
708.0 675.0 1.73729536001 9062.70463999 
900.0 608.0 0.184328800003 10615.6712 
829.0 430.0 0.0820368000007 10717.9632 
487.0 809.0 0.0121400000003 10787.86 
763.0 746.0 0.165894280003 10634.10572 
449.0 841.0 0.0240728000002 10775.9272 
554.0 545.0 1.09358860003 9706.41139997 
554.0 538.0 1.18763920003 9612.36079997 
705.0 798.0 0.247496560003 10552.50344 
853.0 625.0 0.216640800005 10583.3592 
697.0 721.0 0.381084240006 10418.91576 
626.0 740.0 0.0619800000017 10738.02 
699.0 679.0 0.361996480009 10438.00352 
636.0 542.0 2.34875152002 8451.24847998 
474.0 430.0 0.806507840004 9993.49216 
882.0 917.0 0.0624720000004 10737.528 
844.0 602.0 0.226449440005 10573.55056 
324.0 480.0 0.106229280002 10693.77072 
649.0 405.0 0.190921600004 10609.0784 
699.0 832.0 0.162745760001 10637.25424 
469.0 843.0 0.0187400000005 10781.26 
846.0 629.0 0.208742000004 10591.258 
331.0 426.0 0.0855852000008 10714.4148 
487.0 198.0 0.0 10800.0 
617.0 745.0 0.293799680006 10506.20032 
842.0 570.0 0.370880000006 10429.12 
659.0 343.0 0.227691000003 10572.309 
347.0 584.0 0.217472960004 10582.52704 
810.0 647.0 0.260607800007 10539.3922 
784.0 691.0 0.66790048001 10132.09952 
