500.0 500.0
613.0 445.0 0.789866920021 10010.13308 
564.0 533.0 2.37585000002 8424.14999998 
713.0 462.0 0.50995128001 10290.04872 
605.0 389.0 1.50738032002 9292.61967998 
672.0 323.0 0.797176000009 10002.824 
634.0 456.0 0.979116720023 9820.88327998 
571.0 295.0 1.40944864001 9390.55135999 
626.0 164.0 0.234133600005 10565.8664 
628.0 571.0 2.70390240003 8096.09759997 
652.0 303.0 0.476030000007 10323.97 
546.0 230.0 0.288296000006 10511.704 
759.0 385.0 0.174086080004 10625.91392 
576.0 690.0 0.0 10800.0 
641.0 385.0 0.695574600017 10104.4254 
515.0 431.0 5.25267016003 5547.32983997 
480.0 526.0 0.480224960012 10319.77504 
459.0 746.0 0.0778740000004 10722.126 
692.0 690.0 0.144426000003 10655.574 
608.0 258.0 0.271691200006 10528.3088 
760.0 412.0 0.249662600005 10550.3374 
534.0 826.0 0.00680000000018 10793.2 
551.0 357.0 2.33126560001 8468.73439999 
721.0 524.0 0.571871360013 10228.12864 
478.0 145.0 0.321655200003 10478.3448 
786.0 387.0 0.151697800003 10648.3022 
745.0 615.0 0.349011640007 10450.98836 
822.0 546.0 0.453046080007 10346.95392 
512.0 427.0 1.01257548003 9787.42451997 
587.0 446.0 2.11447660003 8685.52339997 
759.0 149.0 0.304503800001 10495.4962 
484.0 173.0 0.494000000005 10306.0 
799.0 683.0 0.134398120001 10665.60188 
490.0 462.0 1.36991408001 9430.08591999 
502.0 546.0 0.559578400006 10240.4216 
686.0 416.0 0.833394800007 9966.60519999 
826.0 596.0 0.393376480004 10406.62352 
736.0 347.0 0.292990720006 10507.00928 
695.0 600.0 0.890908400008 9909.09159999 
778.0 580.0 0.329832400007 10470.1676 
817.0 697.0 0.154818000003 10645.182 
399.0 115.0 0.0262592000001 10773.7408 
532.0 129.0 0.134665440001 10665.33456 
357.0 640.0 0.0 10800.0 
751.0 496.0 0.494150640009 10305.84936 
906.0 606.0 0.134624920002 10665.37508 
586.0 100.0 0.142068480002 10657.93152 
651.0 366.0 0.39923880001 10400.7612 
881.0 654.0 0.361072920003 10438.92708 
485.0 318.0 0.314594840005 10485.40516 
464.0 53.0 0.0211197600005 10778.88024 
666.0 131.0 0.246480480002 10553.51952 
695.0 510.0 1.09135720001 9708.64279999 
499.0 400.0 0.78645000002 10013.55 
762.0 367.0 0.347241600004 10452.7584 
536.0 539.0 0.857989680019 9942.01031998 
752.0 393.0 0.277529000006 10522.471 
800.0 170.0 0.0579123200009 10742.08768 
673.0 526.0 0.665030200017 10134.9698 
672.0 513.0 1.03759700002 9762.40299998 
714.0 280.0 0.259498520005 10540.50148 
711.0 353.0 0.196710920005 10603.28908 
774.0 517.0 0.798205600008 10001.7944 
621.0 513.0 2.05607316004 8743.92683996 
696.0 555.0 1.25580720002 9544.19279998 
621.0 598.0 0.353956320007 10446.04368 
744.0 275.0 0.142324000002 10657.676 
342.0 209.0 0.00662000000018 10793.38 
679.0 704.0 0.167068000003 10632.932 
900.0 635.0 0.124048800002 10675.9512 
639.0 387.0 0.932023840015 9867.97615999 
664.0 576.0 0.739445720017 10060.55428 
624.0 456.0 0.897656400023 9902.34359998 
819.0 763.0 0.346580720002 10453.41928 
828.0 705.0 0.144584000002 10655.416 
655.0 468.0 0.77534688002 10024.65312 
853.0 485.0 0.136503680001 10663.49632 
706.0 383.0 0.486121200006 10313.8788 
795.0 464.0 0.210754560005 10589.24544 
545.0 388.0 1.81897376003 8981.02623997 
935.0 711.0 0.196858400001 10603.1416 
789.0 697.0 0.143632600002 10656.3674 
698.0 481.0 0.496971000012 10303.029 
778.0 665.0 0.335486400003 10464.5136 
492.0 310.0 0.397077600007 10402.9224 
686.0 327.0 0.398624560007 10401.37544 
641.0 444.0 1.01949056002 9780.50943998 
838.0 481.0 0.255366400003 10544.6336 
799.0 447.0 0.203200000004 10596.8 
616.0 480.0 2.56084844002 8239.15155998 
852.0 503.0 0.365825600002 10434.1744 
595.0 540.0 1.05470352003 9745.29647997 
599.0 605.0 0.43886468001 10361.13532 
487.0 400.0 2.08154392002 8718.45607998 
778.0 702.0 0.489202000003 10310.798 
420.0 452.0 0.311640000005 10488.36 
716.0 564.0 0.479642520012 10320.35748 
795.0 534.0 0.338979360007 10461.02064 
828.0 334.0 0.179385000001 10620.615 
721.0 822.0 0.0191716000002 10780.8284 
839.0 606.0 0.473061640005 10326.93836 
769.0 579.0 1.06330260001 9736.69739999 
723.0 674.0 0.516228800007 10283.7712 
797.0 259.0 0.18906456 10610.93544 
823.0 513.0 0.193341400003 10606.6586 
591.0 815.0 0.0526320000001 10747.368 
736.0 305.0 0.309372000003 10490.628 
882.0 406.0 0.00618000000017 10793.82 
695.0 434.0 0.341839000008 10458.161 
698.0 399.0 0.591460880008 10208.53912 
789.0 445.0 0.219784800004 10580.2152 
608.0 421.0 0.974210240022 9825.78975998 
703.0 692.0 0.426624000006 10373.376 
577.0 490.0 0.944697640019 9855.30235998 
570.0 260.0 0.233255280006 10566.74472 
725.0 286.0 0.189003200003 10610.9968 
683.0 515.0 1.38375096002 9416.24903998 
562.0 102.0 0.0675615600013 10732.43844 
614.0 395.0 1.06125400003 9738.74599997 
706.0 649.0 0.349398240006 10450.60176 
510.0 456.0 0.783850560021 10016.14944 
477.0 56.0 0.18282304 10617.17696 
756.0 128.0 0.0366960000009 10763.304 
710.0 269.0 0.267360800006 10532.6392 
706.0 489.0 0.593438080014 10206.56192 
594.0 587.0 0.735850720018 10064.14928 
423.0 123.0 0.233178920002 10566.82108 
451.0 606.0 0.194004160003 10605.99584 
861.0 224.0 0.0869488000006 10713.0512 
356.0 734.0 0.0 10800.0 
497.0 651.0 0.146662240002 10653.33776 
707.0 229.0 0.0768183200007 10723.18168 
559.0 590.0 0.614557000015 10185.443 
759.0 511.0 0.69376944001 10106.23056 
882.0 774.0 0.0914800000011 10708.52 
839.0 836.0 0.188136760001 10611.86324 
672.0 312.0 0.429884800009 10370.1152 
731.0 374.0 0.347702800007 10452.2972 
418.0 409.0 0.184284240004 10615.71576 
817.0 511.0 0.178021720003 10621.97828 
733.0 342.0 0.239320400006 10560.6796 
425.0 323.0 0.0629500000006 10737.05 
593.0 444.0 3.73439196002 7065.60803998 
526.0 262.0 1.24719448001 9552.80551999 
737.0 413.0 0.347204000007 10452.796 
756.0 375.0 0.188627520004 10611.37248 
423.0 238.0 0.0 10800.0 
506.0 127.0 0.200880000002 10599.12 
680.0 137.0 0.292508600003 10507.4914 
607.0 358.0 1.49021200001 9309.78799999 
898.0 542.0 0.134248800002 10665.7512 
771.0 590.0 0.333572640007 10466.42736 
570.0 344.0 0.439326000012 10360.674 
484.0 609.0 0.405295000003 10394.705 
837.0 849.0 0.0199191200004 10780.08088 
760.0 547.0 0.42815688001 10371.84312 
522.0 246.0 0.338152960008 10461.84704 
658.0 243.0 0.273798800005 10526.2012 
357.0 144.0 0.0777980000004 10722.202 
736.0 535.0 0.512975200012 10287.0248 
573.0 540.0 2.19962204003 8600.37795997 
741.0 464.0 0.686596400009 10113.4036 
712.0 789.0 0.00574000000016 10794.26 
596.0 262.0 0.458820960011 10341.17904 
486.0 219.0 0.380466720006 10419.53328 
981.0 718.0 0.0446732000001 10755.3268 
620.0 108.0 0.141709120003 10658.29088 
641.0 405.0 0.637357000016 10162.643 
639.0 262.0 1.14743516001 9652.56483999 
903.0 501.0 0.113255000001 10686.745 
795.0 327.0 0.158786400002 10641.2136 
545.0 577.0 0.752688400015 10047.3116 
499.0 511.0 0.801606560023 9998.39343998 
920.0 521.0 0.104541440001 10695.45856 
454.0 233.0 0.713788000004 10086.212 
201.0 129.0 0.0 10800.0 
896.0 371.0 0.0927534800003 10707.24652 
605.0 443.0 0.675833960018 10124.16604 
649.0 674.0 0.922214480002 9877.78552 
641.0 294.0 0.59250352001 10207.49648 
883.0 668.0 0.159339200002 10640.6608 
567.0 328.0 1.37269100001 9427.30899999 
927.0 517.0 0.110491760001 10689.50824 
708.0 624.0 0.298789600007 10501.2104 
543.0 278.0 0.500701400012 10299.2986 
620.0 25.0 0.0124600000003 10787.54 
647.0 31.0 0.0217624000003 10778.2376 
439.0 608.0 0.0876434400015 10712.35656 
600.0 350.0 0.732330400018 10067.6696 
763.0 495.0 0.292646800006 10507.3532 
863.0 595.0 0.142250240002 10657.74976 
526.0 720.0 0.172840640001 10627.15936 
556.0 537.0 2.69891460001 8101.08539999 
697.0 557.0 0.481841280012 10318.15872 
631.0 757.0 0.0821057200002 10717.89428 
612.0 609.0 1.29287256001 9507.12743999 
632.0 195.0 0.778361440005 10021.63856 
874.0 648.0 0.166980160003 10633.01984 
703.0 133.0 0.0541858400007 10745.81416 
655.0 32.0 0.0287162399998 10771.28376 
682.0 512.0 0.857147200015 9942.85279998 
