500.0 500.0
602.0 615.0 0.80959740002 9990.40259998 
642.0 740.0 0.312942880008 10487.05712 
570.0 848.0 0.310010640007 10489.98936 
656.0 488.0 0.699711600011 10100.2884 
722.0 609.0 0.255404040006 10544.59596 
679.0 489.0 0.671358200013 10128.6418 
542.0 756.0 1.59121000002 9208.78999998 
634.0 388.0 0.0792700000007 10720.73 
473.0 693.0 1.55731880003 9242.68119997 
595.0 824.0 0.776317760011 10023.68224 
679.0 673.0 0.46467816001 10335.32184 
684.0 580.0 0.495223800012 10304.7762 
414.0 731.0 0.201582400002 10598.4176 
486.0 633.0 3.16116112001 7638.83887999 
749.0 831.0 0.0990857600022 10700.91424 
467.0 957.0 0.141332000002 10658.668 
816.0 621.0 0.157499600003 10642.5004 
737.0 455.0 0.422521600009 10377.4784 
619.0 765.0 0.606891680016 10193.10832 
950.0 563.0 0.103914040001 10696.08596 
761.0 339.0 0.208197280003 10591.80272 
618.0 880.0 0.211022000005 10588.978 
639.0 906.0 0.167867040004 10632.13296 
410.0 808.0 0.420869920005 10379.13008 
529.0 507.0 0.584245200016 10215.7548 
414.0 802.0 0.562384160004 10237.61584 
507.0 914.0 0.242660800003 10557.3392 
763.0 406.0 0.291335480006 10508.66452 
783.0 585.0 0.256692720005 10543.30728 
732.0 796.0 0.540970880005 10259.02912 
566.0 973.0 0.0629487200002 10737.05128 
751.0 439.0 0.286367200006 10513.6328 
832.0 482.0 0.222732800005 10577.2672 
818.0 514.0 0.229428000005 10570.572 
519.0 950.0 0.0532072000009 10746.7928 
839.0 602.0 0.196447040003 10603.55296 
461.0 885.0 0.211461440003 10588.53856 
458.0 830.0 0.525479800006 10274.5202 
612.0 473.0 1.74632864003 9053.67135997 
625.0 411.0 0.124849800001 10675.1502 
580.0 806.0 0.560680800014 10239.3192 
716.0 190.0 0.0574280800003 10742.57192 
822.0 614.0 0.216102520001 10583.89748 
597.0 374.0 0.0772326000015 10722.7674 
759.0 837.0 0.216002400003 10583.9976 
641.0 361.0 0.0895475200008 10710.45248 
718.0 349.0 0.0441400000012 10755.86 
702.0 314.0 0.156047559999 10643.95244 
681.0 511.0 0.608903400012 10191.0966 
855.0 866.0 0.0881040000009 10711.896 
780.0 466.0 0.519082400008 10280.9176 
677.0 575.0 0.709861040015 10090.13896 
517.0 436.0 0.596064800015 10203.9352 
668.0 207.0 0.257461440001 10542.53856 
636.0 744.0 0.409204960009 10390.79504 
507.0 918.0 0.128607680002 10671.39232 
868.0 757.0 0.0125400000003 10787.46 
330.0 855.0 0.0387280000006 10761.272 
555.0 803.0 0.458281840012 10341.71816 
641.0 863.0 0.168904560003 10631.09544 
889.0 735.0 0.0716718000003 10728.3282 
629.0 903.0 0.131694240003 10668.30576 
524.0 347.0 0.158126640001 10641.87336 
929.0 573.0 0.293339040003 10506.66096 
568.0 842.0 0.305967000008 10494.033 
659.0 386.0 0.0806702400006 10719.32976 
834.0 482.0 0.222200960005 10577.79904 
450.0 716.0 0.441493120008 10358.50688 
457.0 889.0 0.160513040003 10639.48696 
803.0 442.0 0.195377000004 10604.623 
631.0 488.0 0.998233120024 9801.76687998 
908.0 396.0 0.182857600001 10617.1424 
644.0 570.0 1.01847184002 9781.52815998 
678.0 971.0 0.118497600001 10681.5024 
624.0 518.0 1.21199824003 9588.00175997 
388.0 718.0 0.587381440003 10212.61856 
652.0 902.0 0.167234920004 10632.76508 
649.0 623.0 0.609320160014 10190.67984 
955.0 860.0 0.0 10800.0 
543.0 567.0 0.464135120001 10335.86488 
833.0 367.0 0.139978560002 10660.02144 
872.0 699.0 0.0255000000007 10774.5 
804.0 360.0 0.219468800003 10580.5312 
627.0 516.0 1.26609600003 9533.90399997 
532.0 803.0 1.04825056001 9751.74943999 
768.0 327.0 0.203397000001 10596.603 
671.0 634.0 0.840491200015 9959.50879998 
649.0 956.0 0.124327200002 10675.6728 
531.0 930.0 0.244372400002 10555.6276 
669.0 524.0 1.10231240003 9697.68759997 
940.0 524.0 0.360485240002 10439.51476 
747.0 952.0 0.133405000002 10666.595 
389.0 739.0 0.489230000006 10310.77 
529.0 835.0 0.343271800008 10456.7282 
523.0 676.0 2.83465424001 7965.34575999 
624.0 589.0 0.717425200019 10082.5748 
748.0 706.0 0.163312000003 10636.688 
667.0 679.0 0.796382080009 10003.61792 
679.0 854.0 0.0620600000017 10737.94 
540.0 822.0 0.205579000005 10594.421 
435.0 924.0 0.132279040002 10667.72096 
740.0 438.0 0.304257120004 10495.74288 
728.0 488.0 0.438338560011 10361.66144 
774.0 408.0 0.512982800005 10287.0172 
476.0 705.0 0.559238880013 10240.76112 
606.0 900.0 0.296083280004 10503.91672 
379.0 321.0 0.0 10800.0 
851.0 588.0 0.173108000002 10626.892 
827.0 322.0 0.0987882400013 10701.21176 
781.0 302.0 0.181608240003 10618.39176 
355.0 588.0 0.0798500000007 10720.15 
813.0 328.0 0.0774863200012 10722.51368 
438.0 932.0 0.169535840002 10630.46416 
773.0 734.0 0.223352280003 10576.64772 
915.0 475.0 0.242638400003 10557.3616 
583.0 792.0 0.857301360015 9942.69863998 
970.0 611.0 0.225980800002 10574.0192 
609.0 173.0 0.0855664800007 10714.43352 
503.0 586.0 5.78921000002 5010.78999998 
614.0 751.0 0.550880000015 10249.12 
354.0 823.0 0.127399440001 10672.60056 
642.0 625.0 1.10070976001 9699.29023999 
684.0 437.0 0.478921600011 10321.0784 
998.0 651.0 0.0619291200006 10738.07088 
403.0 913.0 0.0914551200015 10708.54488 
994.0 628.0 0.121702160001 10678.29784 
442.0 592.0 1.34459292003 9455.40707997 
524.0 305.0 0.0516793600008 10748.32064 
543.0 851.0 0.428305000007 10371.695 
546.0 318.0 0.107466240001 10692.53376 
903.0 625.0 0.127420000002 10672.58 
896.0 614.0 0.296225280002 10503.77472 
602.0 606.0 0.870858160017 9929.14183998 
626.0 872.0 0.191371800004 10608.6282 
711.0 714.0 0.231085880005 10568.91412 
946.0 724.0 0.102128560001 10697.87144 
731.0 677.0 0.433452200006 10366.5478 
606.0 730.0 2.71966096002 8080.33903998 
775.0 606.0 0.615375600004 10184.6244 
597.0 555.0 3.77556520001 7024.43479999 
576.0 763.0 1.14569120002 9654.30879998 
610.0 772.0 0.527336000014 10272.664 
613.0 862.0 0.745452000006 10054.548 
635.0 907.0 0.195360320004 10604.63968 
713.0 911.0 0.239323200002 10560.6768 
653.0 721.0 0.225785000004 10574.215 
682.0 859.0 0.187988000004 10612.012 
817.0 492.0 1.22382412001 9576.17587999 
432.0 883.0 0.197041080003 10602.95892 
913.0 703.0 0.0603519200005 10739.64808 
781.0 670.0 0.148531440003 10651.46856 
743.0 640.0 0.337492840006 10462.50716 
420.0 593.0 0.447865200012 10352.1348 
577.0 387.0 0.0565400000016 10743.46 
722.0 516.0 0.382186400008 10417.8136 
696.0 658.0 0.41070620001 10389.2938 
260.0 329.0 0.0 10800.0 
441.0 855.0 0.246958400002 10553.0416 
762.0 977.0 0.0298340000004 10770.166 
676.0 680.0 0.42909372001 10370.90628 
928.0 360.0 0.0446712000005 10755.3288 
278.0 658.0 0.0 10800.0 
638.0 759.0 0.496982200013 10303.0178 
786.0 781.0 0.0957559200016 10704.24408 
573.0 488.0 6.85200696001 3947.99303999 
889.0 316.0 0.0725016000004 10727.4984 
533.0 693.0 1.19145788003 9608.54211997 
612.0 755.0 0.38725944001 10412.74056 
874.0 519.0 0.698676880006 10101.32312 
842.0 922.0 0.0646610000007 10735.339 
978.0 591.0 0.117158000002 10682.842 
739.0 477.0 0.938449040008 9861.55095999 
586.0 772.0 0.573245120015 10226.75488 
690.0 476.0 2.07782500002 8722.17499998 
716.0 478.0 0.613304000009 10186.696 
610.0 395.0 0.311008960007 10488.99104 
675.0 770.0 0.370327360007 10429.67264 
683.0 607.0 0.707833320015 10092.16668 
690.0 736.0 0.558579520007 10241.42048 
799.0 898.0 0.272378000002 10527.622 
625.0 572.0 1.15345812002 9646.54187998 
997.0 538.0 0.0840532000013 10715.9468 
730.0 837.0 0.105422800002 10694.5772 
958.0 696.0 0.106300880001 10693.69912 
664.0 610.0 0.572784600015 10227.2154 
615.0 660.0 0.81366400002 9986.33599998 
812.0 559.0 0.249873040005 10550.12696 
716.0 578.0 0.901276960005 9898.72303999 
549.0 685.0 1.25159508001 9548.40491999 
940.0 204.0 0.0585435200002 10741.45648 
427.0 608.0 0.918079200023 9881.92079998 
336.0 953.0 0.0831953999997 10716.8046 
725.0 639.0 0.51429120001 10285.7088 
668.0 285.0 0.0499600000014 10750.04 
428.0 864.0 0.240702400003 10559.2976 
268.0 914.0 0.00626000000017 10793.74 
539.0 870.0 0.362383200007 10437.6168 
440.0 545.0 5.66182500002 5138.17499998 
695.0 671.0 0.369387000008 10430.613 
880.0 228.0 0.00626000000017 10793.74 
