500.0 500.0
543.0 571.0 0.562698720007 10237.30128 
630.0 492.0 2.43152736003 8368.47263997 
757.0 471.0 0.89775332002 9902.24667998 
876.0 453.0 0.185656880004 10614.34312 
654.0 550.0 3.86991696003 6930.08303997 
931.0 357.0 0.354857200001 10445.1428 
969.0 504.0 0.116247400001 10683.7526 
871.0 545.0 0.264521760005 10535.47824 
738.0 463.0 1.13441680003 9665.58319997 
972.0 215.0 0.0308400000009 10769.16 
922.0 573.0 0.343788320005 10456.21168 
856.0 272.0 0.150997440003 10649.00256 
616.0 469.0 1.21784444003 9582.15555997 
797.0 372.0 0.789708840008 10010.29116 
768.0 580.0 0.76813152002 10031.86848 
736.0 266.0 0.204415040004 10595.58496 
992.0 468.0 0.101886000001 10698.114 
516.0 487.0 1.66785400002 9132.14599998 
867.0 671.0 0.171220000003 10628.78 
398.0 448.0 0.0257829600001 10774.21704 
616.0 516.0 1.76862560003 9031.37439997 
969.0 564.0 0.123003000002 10676.997 
594.0 408.0 1.21092816002 9589.07183998 
631.0 566.0 1.12451000003 9675.48999997 
804.0 589.0 0.837321520014 9962.67847999 
619.0 311.0 0.312836000007 10487.164 
799.0 243.0 0.104176320002 10695.82368 
787.0 171.0 0.108878720002 10691.12128 
936.0 631.0 0.290846440004 10509.15356 
667.0 183.0 0.423866560001 10376.13344 
705.0 435.0 0.765852160021 10034.14784 
851.0 121.0 0.0254910400006 10774.50896 
801.0 670.0 0.375596400004 10424.4036 
698.0 475.0 3.11874784002 7681.25215998 
646.0 618.0 0.363163800008 10436.8362 
898.0 418.0 0.223608760005 10576.39124 
954.0 296.0 0.160470000001 10639.53 
831.0 375.0 0.310516800006 10489.4832 
850.0 331.0 0.236212400005 10563.7876 
625.0 548.0 1.13268560003 9667.31439997 
960.0 542.0 0.113782400002 10686.2176 
949.0 417.0 0.165276400003 10634.7236 
759.0 601.0 0.609400080015 10190.59992 
716.0 743.0 0.0248200000007 10775.18 
923.0 617.0 0.246622920005 10553.37708 
716.0 563.0 2.39733864001 8402.66135999 
836.0 492.0 0.220113200005 10579.8868 
847.0 252.0 0.122302320002 10677.69768 
858.0 451.0 0.261202800005 10538.7972 
946.0 630.0 0.198817840004 10601.18216 
694.0 185.0 0.250717920005 10549.28208 
470.0 645.0 0.0 10800.0 
852.0 455.0 0.262274880005 10537.72512 
652.0 659.0 0.101517760001 10698.48224 
962.0 774.0 0.0579974000005 10742.0026 
578.0 444.0 2.34200192002 8457.99807998 
813.0 333.0 0.429944800005 10370.0552 
894.0 714.0 0.296155520003 10503.84448 
861.0 278.0 0.161296440003 10638.70356 
746.0 543.0 0.758606600019 10041.3934 
820.0 617.0 0.495552160009 10304.44784 
608.0 471.0 1.54265916004 9257.34083996 
795.0 287.0 0.388802160004 10411.19784 
969.0 328.0 0.0769760000011 10723.024 
699.0 427.0 0.459414080012 10340.58592 
608.0 186.0 0.0185200000005 10781.48 
755.0 425.0 1.34312708002 9456.87291998 
721.0 417.0 1.13553052003 9664.46947997 
866.0 548.0 0.572748200007 10227.2518 
706.0 242.0 0.363778560008 10436.22144 
583.0 414.0 0.347330000009 10452.67 
827.0 30.0 0.0 10800.0 
950.0 61.0 0.0566792400005 10743.32076 
600.0 670.0 0.112901960001 10687.09804 
553.0 497.0 2.83528648003 7964.71351997 
741.0 502.0 0.958652000022 9841.34799998 
767.0 570.0 1.04153200002 9758.46799998 
635.0 317.0 0.299234640007 10500.76536 
519.0 315.0 0.0652240800001 10734.77592 
787.0 482.0 0.660462000012 10139.538 
831.0 459.0 0.311158400005 10488.8416 
830.0 366.0 0.40737776001 10392.62224 
881.0 609.0 0.615568440008 10184.43156 
739.0 437.0 1.06003576003 9739.96423997 
719.0 475.0 1.31951220003 9480.48779997 
862.0 305.0 0.167755400003 10632.2446 
684.0 99.0 0.0 10800.0 
733.0 163.0 0.356736480003 10443.26352 
845.0 706.0 0.127355520002 10672.64448 
635.0 602.0 0.47588512001 10324.11488 
841.0 674.0 0.257860400005 10542.1396 
834.0 666.0 0.424473960005 10375.52604 
880.0 358.0 0.255820960005 10544.17904 
725.0 436.0 0.851599400005 9948.40059999 
749.0 625.0 0.515766320012 10284.23368 
747.0 665.0 0.424478560004 10375.52144 
816.0 601.0 0.641976240007 10158.02376 
732.0 434.0 0.906629000017 9893.37099998 
497.0 500.0 0.514351600014 10285.6484 
791.0 490.0 0.48644316001 10313.55684 
851.0 612.0 0.432590800007 10367.4092 
530.0 720.0 0.0 10800.0 
714.0 463.0 1.14622640003 9653.77359997 
806.0 413.0 0.57408916001 10225.91084 
668.0 154.0 0.108977280001 10691.02272 
832.0 110.0 0.13739 10662.61 
748.0 720.0 0.193712400002 10606.2876 
938.0 606.0 0.410511680003 10389.48832 
739.0 522.0 1.72886040002 9071.13959998 
744.0 533.0 0.971819200025 9828.18079998 
607.0 656.0 0.0411406000005 10758.8594 
723.0 179.0 0.211355200004 10588.6448 
943.0 702.0 0.109020000001 10690.98 
621.0 559.0 1.10795952002 9692.04047998 
829.0 282.0 0.148728000002 10651.272 
878.0 868.0 0.0643733200003 10735.62668 
722.0 421.0 0.851059200022 9948.94079998 
584.0 512.0 7.08518016004 3714.81983996 
719.0 256.0 0.296734400008 10503.2656 
758.0 414.0 0.593267040014 10206.73296 
916.0 425.0 0.276659120005 10523.34088 
796.0 505.0 0.347481120007 10452.51888 
865.0 334.0 0.619964480006 10180.03552 
976.0 494.0 0.100898160001 10699.10184 
768.0 592.0 0.699497800018 10100.5022 
691.0 419.0 1.45756900003 9342.43099997 
530.0 481.0 1.25035124003 9549.64875997 
966.0 492.0 0.117805360002 10682.19464 
616.0 628.0 0.192041360001 10607.95864 
927.0 670.0 0.188765320003 10611.23468 
823.0 351.0 0.389164000009 10410.836 
624.0 558.0 1.09086560003 9709.13439997 
771.0 118.0 0.200523560001 10599.47644 
718.0 606.0 0.57601376001 10223.98624 
997.0 607.0 0.119547440002 10680.45256 
429.0 423.0 0.00618000000017 10793.82 
737.0 435.0 0.567252320014 10232.74768 
844.0 551.0 0.347583360008 10452.41664 
320.0 478.0 0.0 10800.0 
795.0 516.0 0.713486400012 10086.5136 
651.0 340.0 0.130840000004 10669.16 
545.0 682.0 0.00622000000017 10793.78 
644.0 366.0 2.03154496001 8768.45503999 
781.0 570.0 0.677268560017 10122.73144 
755.0 624.0 0.532373680013 10267.62632 
940.0 139.0 0.168098400001 10631.9016 
773.0 391.0 1.44464136001 9355.35863999 
830.0 354.0 0.536222800011 10263.7772 
874.0 411.0 0.363558720006 10436.44128 
643.0 305.0 1.26265624 9537.34376 
759.0 397.0 0.360660000007 10439.34 
745.0 633.0 0.597695880014 10202.30412 
709.0 272.0 1.56450520001 9235.49479999 
799.0 540.0 0.654717440016 10145.28256 
589.0 439.0 0.535560000015 10264.44 
957.0 188.0 0.114262720002 10685.73728 
777.0 709.0 0.121012640002 10678.98736 
767.0 525.0 0.809808160018 9990.19183998 
839.0 412.0 0.944648600011 9855.35139999 
659.0 550.0 1.05858000002 9741.41999998 
690.0 10.0 0.0 10800.0 
979.0 324.0 0.0367170400001 10763.28296 
943.0 584.0 0.191197440003 10608.80256 
449.0 553.0 0.0856840000002 10714.316 
909.0 760.0 0.0965003200006 10703.49968 
613.0 114.0 0.0836925200004 10716.30748 
888.0 875.0 0.0822603199999 10717.73968 
464.0 509.0 0.531314800014 10268.6852 
879.0 432.0 0.284036800006 10515.9632 
966.0 600.0 0.0970984000015 10702.9016 
732.0 574.0 0.926742800012 9873.25719999 
740.0 627.0 0.787065760013 10012.93424 
561.0 161.0 0.0871028800001 10712.89712 
750.0 512.0 0.755133960019 10044.86604 
980.0 178.0 0.0628422000014 10737.1578 
886.0 613.0 0.354882720008 10445.11728 
801.0 778.0 0.202089640001 10597.91036 
876.0 415.0 0.304351200006 10495.6488 
816.0 641.0 0.43986624001 10360.13376 
911.0 23.0 0.0153668800003 10784.63312 
989.0 86.0 0.100376800001 10699.6232 
820.0 716.0 0.110467440002 10689.53256 
679.0 453.0 1.00881380002 9791.18619998 
626.0 620.0 0.186263400003 10613.7366 
955.0 627.0 0.196872000003 10603.128 
802.0 563.0 1.19098000001 9609.01999999 
790.0 568.0 0.830537320018 9969.46267998 
868.0 598.0 0.870735880007 9929.26411999 
969.0 84.0 0.0849144800007 10715.08552 
666.0 439.0 4.57364760002 6226.35239998 
937.0 443.0 0.438380680002 10361.61932 
462.0 353.0 0.00628000000017 10793.72 
840.0 504.0 0.198856000003 10601.144 
747.0 204.0 0.398113760007 10401.88624 
971.0 525.0 0.100709200001 10699.2908 
908.0 36.0 0.0192000000005 10780.8 
880.0 805.0 0.0133600000004 10786.64 
793.0 819.0 0.0402678000003 10759.7322 
704.0 461.0 0.903726720024 9896.27327998 
810.0 502.0 0.299382560007 10500.61744 
