500.0 500.0
370.0 539.0 0.80076724002 9999.23275998 
382.0 625.0 1.27229000003 9527.70999997 
380.0 758.0 0.461409200005 10338.5908 
482.0 662.0 0.455176440009 10344.82356 
412.0 717.0 0.643905720012 10156.09428 
515.0 685.0 0.271253280006 10528.74672 
354.0 440.0 0.477274000005 10322.726 
341.0 490.0 0.531584000011 10268.416 
198.0 528.0 0.156848000002 10643.152 
489.0 534.0 1.42562328003 9374.37671997 
429.0 604.0 2.66303120003 8136.96879997 
468.0 686.0 0.286510480007 10513.48952 
242.0 634.0 0.552396160003 10247.60384 
397.0 535.0 0.785986400021 10014.0136 
484.0 519.0 1.10378316003 9696.21683997 
561.0 566.0 0.471989920008 10328.01008 
359.0 697.0 0.891337160011 9908.66283999 
398.0 554.0 2.55982672003 8240.17327997 
254.0 550.0 0.591322360008 10208.67764 
318.0 491.0 0.572190800009 10227.8092 
266.0 616.0 0.225840480004 10574.15952 
234.0 726.0 0.182997000003 10617.003 
554.0 456.0 0.389090880004 10410.90912 
341.0 636.0 0.606431200014 10193.5688 
353.0 693.0 0.553690600013 10246.3094 
370.0 376.0 0.150628800002 10649.3712 
531.0 575.0 1.11871760002 9681.28239998 
487.0 673.0 0.422927600009 10377.0724 
451.0 808.0 0.186488000003 10613.512 
411.0 514.0 1.56701980004 9232.98019996 
428.0 492.0 1.34678304003 9453.21695997 
394.0 534.0 1.04312000002 9756.87999998 
512.0 726.0 0.142070080002 10657.92992 
215.0 732.0 0.136594080002 10663.40592 
441.0 498.0 2.26973480003 8530.26519997 
307.0 658.0 0.298544000008 10501.456 
327.0 463.0 0.253374720005 10546.62528 
320.0 492.0 0.923477280008 9876.52271999 
329.0 574.0 1.70637460002 9093.62539998 
359.0 693.0 1.26363024001 9536.36975999 
516.0 556.0 0.839022720021 9960.97727998 
580.0 497.0 0.120225600003 10679.7744 
290.0 567.0 0.262284400007 10537.7156 
284.0 526.0 0.326947000007 10473.053 
599.0 729.0 0.0367930000008 10763.207 
459.0 402.0 0.147396320003 10652.60368 
422.0 580.0 2.45351940002 8346.48059998 
726.0 535.0 0.218541720002 10581.45828 
269.0 462.0 0.248004480005 10551.99552 
242.0 829.0 0.139042080002 10660.95792 
584.0 858.0 0.0911279200008 10708.87208 
309.0 420.0 0.304423000005 10495.577 
541.0 586.0 0.676695520017 10123.30448 
426.0 482.0 0.903612000019 9896.38799998 
386.0 544.0 0.973934400025 9826.06559998 
432.0 651.0 0.747515600019 10052.4844 
334.0 246.0 0.00606000000017 10793.94 
192.0 417.0 0.236599200001 10563.4008 
376.0 321.0 0.0 10800.0 
315.0 557.0 0.524908720013 10275.09128 
394.0 440.0 0.57908188001 10220.91812 
198.0 474.0 0.169131080002 10630.86892 
696.0 492.0 0.296087000002 10503.913 
104.0 685.0 0.0 10800.0 
378.0 101.0 0.0317236799997 10768.27632 
438.0 437.0 0.682924600017 10117.0754 
170.0 878.0 0.0458999999998 10754.1 
424.0 525.0 1.55060240003 9249.39759997 
328.0 460.0 0.207520480005 10592.47952 
264.0 519.0 0.315763400006 10484.2366 
435.0 861.0 0.184573760002 10615.42624 
285.0 764.0 0.299669600006 10500.3304 
356.0 669.0 0.42253728001 10377.46272 
295.0 233.0 0.0265428000003 10773.4572 
547.0 622.0 0.298251320006 10501.74868 
470.0 914.0 0.120709800001 10679.2902 
524.0 605.0 1.60029440002 9199.70559998 
382.0 758.0 0.363477920006 10436.52208 
489.0 837.0 0.155790680002 10644.20932 
602.0 491.0 0.127078720002 10672.92128 
471.0 486.0 1.07918188003 9720.81811997 
244.0 821.0 0.172500000001 10627.5 
749.0 418.0 0.00664000000018 10793.36 
629.0 667.0 0.161779600002 10638.2204 
283.0 575.0 0.477452640008 10322.54736 
474.0 666.0 0.45296800001 10347.032 
316.0 856.0 0.171310000003 10628.69 
425.0 547.0 1.41567448003 9384.32551997 
254.0 387.0 0.159667600002 10640.3324 
438.0 382.0 0.0945820000017 10705.418 
344.0 643.0 0.517243200012 10282.7568 
246.0 475.0 0.562996400004 10237.0036 
577.0 638.0 0.682036000005 10117.964 
279.0 349.0 0.196401520001 10603.59848 
179.0 506.0 0.143218000002 10656.782 
344.0 654.0 0.307954000007 10492.046 
452.0 540.0 1.33164352004 9468.35647996 
477.0 770.0 0.501880320006 10298.11968 
569.0 486.0 0.690067520003 10109.93248 
476.0 805.0 0.334200640004 10465.79936 
511.0 770.0 0.369256920005 10430.74308 
386.0 657.0 0.77297592002 10027.02408 
182.0 465.0 0.136220960002 10663.77904 
341.0 126.0 0.00636000000018 10793.64 
379.0 604.0 0.977640000017 9822.35999998 
180.0 824.0 0.0728516000004 10727.1484 
313.0 438.0 0.417513200006 10382.4868 
201.0 812.0 0.111175720001 10688.82428 
336.0 810.0 0.448493600003 10351.5064 
260.0 688.0 0.343349600004 10456.6504 
307.0 655.0 0.342711720008 10457.28828 
336.0 781.0 0.267198200005 10532.8018 
370.0 617.0 1.30789152001 9492.10847999 
188.0 738.0 0.0960738400005 10703.92616 
562.0 493.0 0.294689640003 10505.31036 
520.0 360.0 0.118226800001 10681.7732 
434.0 672.0 1.55493176001 9245.06823999 
238.0 608.0 0.159158400003 10640.8416 
340.0 607.0 0.842390200016 9957.60979998 
348.0 713.0 0.272757520005 10527.24248 
707.0 799.0 0.0 10800.0 
425.0 412.0 0.269052920003 10530.94708 
146.0 600.0 0.0449532800002 10755.04672 
251.0 322.0 0.0443484800003 10755.65152 
529.0 826.0 0.184945600003 10615.0544 
239.0 418.0 0.190507040003 10609.49296 
658.0 480.0 0.191633120003 10608.36688 
274.0 526.0 0.346673840008 10453.32616 
414.0 465.0 1.13901688002 9660.98311998 
278.0 749.0 0.258767000004 10541.233 
213.0 986.0 0.0907849600001 10709.21504 
485.0 836.0 0.216096000002 10583.904 
481.0 548.0 3.04543960003 7754.56039997 
448.0 562.0 1.27362640003 9526.37359997 
135.0 833.0 0.00612000000017 10793.88 
511.0 434.0 0.553567560007 10246.43244 
488.0 404.0 0.104736640002 10695.26336 
692.0 804.0 0.0254522400002 10774.54776 
445.0 431.0 0.546040000011 10253.96 
377.0 611.0 0.74303816002 10056.96184 
677.0 651.0 0.0491600000004 10750.84 
463.0 648.0 1.02960000001 9770.39999999 
527.0 612.0 0.793712000016 10006.288 
341.0 430.0 0.242977080006 10557.02292 
584.0 767.0 0.0902180800012 10709.78192 
154.0 397.0 0.0484531200004 10751.54688 
432.0 554.0 0.980382560025 9819.61743997 
346.0 898.0 0.0668456000009 10733.1544 
267.0 606.0 0.485172160008 10314.82784 
376.0 923.0 0.115850200001 10684.1498 
561.0 985.0 0.0 10800.0 
461.0 743.0 1.07460080001 9725.39919999 
377.0 544.0 2.09770944003 8702.29055997 
770.0 593.0 0.177760000001 10622.24 
340.0 620.0 0.491555600013 10308.4444 
382.0 579.0 0.911525600019 9888.47439998 
183.0 258.0 0.0 10800.0 
627.0 360.0 0.0 10800.0 
463.0 384.0 0.130146880001 10669.85312 
253.0 920.0 0.0195880000008 10780.412 
259.0 33.0 0.0 10800.0 
774.0 409.0 0.01601568 10783.98432 
618.0 571.0 0.105003920002 10694.99608 
299.0 726.0 0.660193240007 10139.80676 
643.0 478.0 0.624998400002 10175.0016 
356.0 497.0 0.965910400015 9834.08959999 
382.0 881.0 0.0788448000008 10721.1552 
609.0 710.0 0.307749440001 10492.25056 
653.0 809.0 0.00622000000017 10793.78 
734.0 587.0 0.0779268800013 10722.07312 
441.0 712.0 0.41926240001 10380.7376 
537.0 416.0 0.126710200003 10673.2898 
317.0 601.0 0.509451600012 10290.5484 
450.0 502.0 1.76033632003 9039.66367997 
780.0 581.0 0.102402720001 10697.59728 
365.0 769.0 0.322341280007 10477.65872 
349.0 775.0 0.316865920007 10483.13408 
483.0 259.0 0.0 10800.0 
706.0 501.0 0.170413840003 10629.58616 
596.0 438.0 0.167517120004 10632.48288 
194.0 610.0 0.214755200002 10585.2448 
696.0 617.0 0.0122600000003 10787.74 
475.0 692.0 0.500487200009 10299.5128 
476.0 498.0 1.08634880002 9713.65119998 
254.0 913.0 0.0122800000003 10787.72 
255.0 741.0 0.241263640003 10558.73636 
148.0 498.0 0.0642600000008 10735.74 
324.0 761.0 0.487436160007 10312.56384 
294.0 438.0 0.247630880005 10552.36912 
292.0 819.0 0.158457760002 10641.54224 
735.0 259.0 0.0 10800.0 
213.0 569.0 0.211992000004 10588.008 
534.0 870.0 0.067176400001 10732.8236 
537.0 813.0 0.186722000002 10613.278 
213.0 737.0 0.229424000003 10570.576 
245.0 717.0 0.192941600004 10607.0584 
828.0 539.0 0.0973704000004 10702.6296 
395.0 891.0 0.0932000000018 10706.8 
335.0 855.0 0.188528000002 10611.472 
386.0 615.0 1.01228840002 9787.71159998 
