500.0 500.0
644.0 485.0 0.0328912800003 10767.10872 
665.0 632.0 1.01662744003 9783.37255997 
526.0 595.0 1.08902160003 9710.97839997 
659.0 607.0 0.522608520014 10277.39148 
686.0 731.0 0.458868160011 10341.13184 
551.0 731.0 0.858743000006 9941.25699999 
392.0 661.0 0.153532000004 10646.468 
676.0 884.0 0.408599440005 10391.40056 
586.0 671.0 0.949294000024 9850.70599998 
545.0 609.0 3.20524640003 7594.75359997 
529.0 738.0 0.274633520006 10525.36648 
777.0 743.0 0.801613040005 9998.38696 
544.0 852.0 0.276542400006 10523.4576 
542.0 858.0 0.251243280005 10548.75672 
470.0 865.0 0.174981520004 10625.01848 
595.0 655.0 2.87237824002 7927.62175998 
612.0 820.0 0.252963400006 10547.0366 
344.0 945.0 0.0452400000004 10754.76 
296.0 551.0 0.230440320003 10569.55968 
239.0 929.0 0.00546000000016 10794.54 
603.0 876.0 0.332363200005 10467.6368 
563.0 818.0 1.17282000001 9627.17999999 
892.0 732.0 0.00608000000017 10793.92 
632.0 927.0 0.432109160004 10367.89084 
439.0 822.0 0.253092960005 10546.90704 
780.0 873.0 0.177489360003 10622.51064 
791.0 446.0 0.0562952000004 10743.7048 
538.0 743.0 1.2137152 9586.2848 
955.0 860.0 0.110248000001 10689.752 
623.0 723.0 0.962583840018 9837.41615998 
624.0 514.0 0.686342000015 10113.658 
327.0 670.0 0.100199000001 10699.801 
849.0 846.0 0.0969287600017 10703.07124 
761.0 451.0 0.0593589600007 10740.64104 
665.0 710.0 2.30758800001 8492.41199999 
183.0 504.0 0.361495840002 10438.50416 
722.0 766.0 1.81785940001 8982.14059999 
552.0 943.0 0.333300400002 10466.6996 
699.0 550.0 0.389276000004 10410.724 
419.0 833.0 0.303747600005 10496.2524 
601.0 686.0 0.81604596002 9983.95403998 
536.0 569.0 1.14919364003 9650.80635997 
308.0 430.0 0.0185800000005 10781.42 
202.0 514.0 0.176600000004 10623.4 
355.0 878.0 0.377548640001 10422.45136 
181.0 584.0 0.153780000002 10646.22 
508.0 867.0 0.183052320003 10616.94768 
650.0 835.0 0.208249200005 10591.7508 
690.0 843.0 0.163806400003 10636.1936 
720.0 680.0 0.125239080001 10674.76092 
721.0 579.0 0.341148000003 10458.852 
407.0 788.0 0.402111840006 10397.88816 
713.0 953.0 0.133809600001 10666.1904 
677.0 714.0 0.497935400012 10302.0646 
673.0 924.0 0.110856720003 10689.14328 
638.0 602.0 0.890178840022 9909.82115998 
217.0 552.0 0.239393840002 10560.60616 
600.0 771.0 0.528130120007 10271.86988 
486.0 948.0 0.00610000000017 10793.9 
153.0 970.0 0.0 10800.0 
497.0 437.0 0.231785120002 10568.21488 
588.0 976.0 0.105504400002 10694.4956 
520.0 596.0 3.40610400004 7393.89599996 
890.0 949.0 0.0123800000003 10787.62 
535.0 785.0 0.336653120004 10463.34688 
462.0 522.0 0.301755520008 10498.24448 
561.0 991.0 0.0705816000011 10729.4184 
604.0 940.0 0.121204600002 10678.7954 
600.0 663.0 1.22863364002 9571.36635998 
623.0 840.0 0.276863600005 10523.1364 
435.0 484.0 0.111402120001 10688.59788 
567.0 463.0 0.425725200002 10374.2748 
557.0 893.0 0.222774040004 10577.22596 
498.0 420.0 0.092656760001 10707.34324 
901.0 456.0 0.0 10800.0 
738.0 436.0 0.0250200000007 10774.98 
201.0 432.0 0.0865160400015 10713.48396 
432.0 757.0 0.615382200001 10184.6178 
494.0 996.0 0.111190600001 10688.8094 
523.0 886.0 0.617079040002 10182.92096 
399.0 846.0 0.162802400003 10637.1976 
451.0 719.0 1.1841378 9615.8622 
613.0 404.0 0.105141920001 10694.85808 
843.0 571.0 0.244493040001 10555.50696 
374.0 666.0 0.371732000007 10428.268 
246.0 539.0 0.474304800004 10325.6952 
607.0 789.0 0.264935680006 10535.06432 
245.0 451.0 0.201035600001 10598.9644 
605.0 855.0 0.551863200005 10248.1368 
830.0 532.0 0.0623118400011 10737.68816 
672.0 684.0 0.650240000016 10149.76 
856.0 321.0 0.00636000000018 10793.64 
644.0 583.0 2.43438400001 8365.61599999 
92.0 867.0 0.0 10800.0 
430.0 521.0 0.358223800008 10441.7762 
638.0 700.0 0.877766560023 9922.23343998 
382.0 369.0 0.0884048000001 10711.5952 
770.0 800.0 0.469963200008 10330.0368 
412.0 640.0 1.71904600001 9080.95399999 
683.0 844.0 0.234917000004 10565.083 
304.0 568.0 0.368711400003 10431.2886 
512.0 607.0 1.10026000003 9699.73999997 
319.0 796.0 0.0340559200008 10765.94408 
707.0 677.0 0.570741680012 10229.25832 
615.0 988.0 0.150447520002 10649.55248 
698.0 764.0 0.710986600012 10089.0134 
748.0 297.0 0.0 10800.0 
855.0 745.0 0.445417920004 10354.58208 
823.0 798.0 0.257214040005 10542.78596 
737.0 828.0 0.329168240007 10470.83176 
282.0 336.0 0.0252400000007 10774.76 
895.0 955.0 0.0131168800003 10786.88312 
491.0 488.0 0.587361000016 10212.639 
532.0 434.0 0.134503200002 10665.4968 
451.0 820.0 0.459847600005 10340.1524 
731.0 812.0 0.433148280008 10366.85172 
846.0 630.0 0.199016480001 10600.98352 
626.0 806.0 0.343463360006 10456.53664 
456.0 840.0 0.206370400004 10593.6296 
81.0 577.0 0.0 10800.0 
638.0 643.0 2.02782016002 8772.17983998 
537.0 550.0 3.13824340002 7661.75659998 
673.0 812.0 0.577819200006 10222.1808 
130.0 549.0 0.105474400001 10694.5256 
781.0 683.0 0.122074560001 10677.92544 
453.0 389.0 0.148152800001 10651.8472 
888.0 812.0 0.302522320001 10497.47768 
417.0 666.0 0.641843840008 10158.15616 
787.0 930.0 0.0940572400007 10705.94276 
664.0 739.0 0.918632760016 9881.36723998 
815.0 491.0 0.15834512 10641.65488 
521.0 846.0 0.249353960006 10550.64604 
781.0 548.0 0.166236640002 10633.76336 
566.0 542.0 4.95710720004 5842.89279996 
141.0 798.0 0.0740982 10725.9018 
10.0 534.0 0.0 10800.0 
718.0 672.0 0.273820560006 10526.17944 
359.0 856.0 0.114024200001 10685.9758 
179.0 276.0 0.0902148000009 10709.7852 
751.0 871.0 0.230209720004 10569.79028 
969.0 813.0 0.0190302400005 10780.96976 
174.0 275.0 0.0983140800011 10701.68592 
391.0 954.0 0.0721830400006 10727.81696 
529.0 329.0 0.0 10800.0 
927.0 934.0 0.0387719200002 10761.22808 
179.0 318.0 0.0563332000009 10743.6668 
914.0 535.0 0.108121 10691.879 
982.0 896.0 0.0775965200008 10722.40348 
316.0 778.0 0.0240400000007 10775.96 
842.0 742.0 0.292780080003 10507.21992 
626.0 794.0 0.463132000009 10336.868 
994.0 724.0 0.0 10800.0 
862.0 611.0 0.0560717200006 10743.92828 
502.0 537.0 1.81984132002 8980.15867998 
711.0 935.0 0.150623280003 10649.37672 
480.0 689.0 1.02449640002 9775.50359998 
355.0 938.0 0.182624000002 10617.376 
879.0 862.0 0.136080000002 10663.92 
179.0 737.0 0.00654000000018 10793.46 
210.0 451.0 0.0518600000008 10748.14 
827.0 848.0 0.329127640004 10470.87236 
610.0 408.0 0.101802640001 10698.19736 
477.0 640.0 2.47348 8326.52 
953.0 842.0 0.188185000001 10611.815 
210.0 331.0 0.30613032 10493.86968 
587.0 678.0 0.447793520012 10352.20648 
681.0 742.0 0.540434400013 10259.5656 
262.0 544.0 0.199056000004 10600.944 
337.0 797.0 0.210784760003 10589.21524 
776.0 604.0 0.232562000002 10567.438 
917.0 366.0 0.0794491200001 10720.55088 
566.0 859.0 0.173941600004 10626.0584 
342.0 824.0 0.124008960002 10675.99104 
869.0 827.0 0.166024800002 10633.9752 
617.0 784.0 0.923250600009 9876.74939999 
327.0 679.0 0.0913009200007 10708.69908 
799.0 819.0 0.438613600005 10361.3864 
109.0 496.0 0.104409600001 10695.5904 
346.0 547.0 0.0743000000021 10725.7 
661.0 589.0 1.46269700002 9337.30299998 
740.0 537.0 0.227752000001 10572.248 
621.0 524.0 2.78873688001 8011.26311999 
605.0 705.0 1.26340800002 9536.59199998 
612.0 715.0 0.749873040016 10050.12696 
963.0 809.0 0.0247000000007 10775.3 
915.0 621.0 0.0833176800007 10716.68232 
457.0 536.0 0.317381800007 10482.6182 
655.0 978.0 0.116324400002 10683.6756 
204.0 907.0 0.02412228 10775.87772 
54.0 354.0 0.0 10800.0 
251.0 653.0 0.0985704000006 10701.4296 
616.0 816.0 0.271355640007 10528.64436 
886.0 757.0 0.106577760002 10693.42224 
235.0 626.0 0.101852000001 10698.148 
684.0 974.0 0.116244680001 10683.75532 
118.0 471.0 0.104899200001 10695.1008 
705.0 625.0 0.604518400015 10195.4816 
620.0 740.0 0.803630400016 9996.36959998 
663.0 935.0 0.0808280000016 10719.172 
862.0 757.0 0.088350000002 10711.65 
