500.0 500.0
470.0 398.0 6.91021448005 3889.78551995 
474.0 257.0 1.40494636002 9395.05363998 
470.0 130.0 0.460872000008 10339.128 
622.0 198.0 0.664820800006 10135.1792 
385.0 162.0 0.733512800008 10066.4872 
387.0 59.0 0.238584000004 10561.416 
455.0 125.0 0.393017400009 10406.9826 
546.0 185.0 0.353940640008 10446.05936 
354.0 91.0 0.331006240007 10468.99376 
412.0 256.0 1.48469500003 9315.30499997 
634.0 96.0 0.187383000003 10612.617 
368.0 3.0 0.152154000002 10647.846 
357.0 465.0 0.682583440005 10117.41656 
349.0 357.0 0.368591400008 10431.4086 
542.0 384.0 0.896395200021 9903.60479998 
612.0 106.0 0.294304600006 10505.6954 
535.0 79.0 0.332397120005 10467.60288 
509.0 487.0 0.678980000019 10121.02 
291.0 112.0 0.270990400005 10529.0096 
405.0 137.0 0.612711600009 10187.2884 
469.0 69.0 0.200552880004 10599.44712 
650.0 18.0 0.150700800002 10649.2992 
263.0 367.0 0.240919200001 10559.0808 
529.0 297.0 1.31801748002 9481.98251998 
503.0 332.0 0.927735600024 9872.26439998 
506.0 307.0 4.38680768002 6413.19231998 
511.0 334.0 0.876540720022 9923.45927998 
634.0 131.0 0.381348000005 10418.652 
310.0 115.0 0.308290400006 10491.7096 
275.0 201.0 0.411925120007 10388.07488 
335.0 151.0 0.687562160013 10112.43784 
610.0 11.0 0.129129920002 10670.87008 
505.0 127.0 0.794591320008 10005.40868 
638.0 219.0 0.571101400012 10228.8986 
662.0 173.0 0.361053920004 10438.94608 
373.0 25.0 0.186815600003 10613.1844 
314.0 110.0 0.677968400007 10122.0316 
463.0 180.0 0.534774000011 10265.226 
273.0 81.0 0.222709520004 10577.29048 
403.0 248.0 0.89568040002 9904.31959998 
412.0 59.0 0.286599000004 10513.401 
546.0 208.0 1.02845040002 9771.54959998 
529.0 393.0 0.825979920022 9974.02007998 
747.0 132.0 0.151184560002 10648.81544 
263.0 453.0 0.112608800001 10687.3912 
359.0 261.0 1.04025328003 9759.74671997 
283.0 481.0 0.734025760004 10065.97424 
668.0 129.0 0.217088480005 10582.91152 
434.0 34.0 0.173023360003 10626.97664 
239.0 308.0 0.114354160002 10685.64584 
282.0 3.0 0.0961924000013 10703.8076 
398.0 120.0 0.321456640007 10478.54336 
668.0 60.0 0.142100640002 10657.89936 
544.0 197.0 0.824352440021 9975.64755998 
452.0 114.0 0.240196640005 10559.80336 
260.0 51.0 0.226324600004 10573.6754 
282.0 90.0 0.303334800007 10496.6652 
401.0 89.0 0.309409800004 10490.5902 
357.0 80.0 0.397400080006 10402.59992 
304.0 212.0 0.882712840012 9917.28715999 
756.0 279.0 0.101359800002 10698.6402 
439.0 399.0 1.36376540002 9436.23459998 
383.0 364.0 0.740149160013 10059.85084 
309.0 159.0 0.59401200001 10205.988 
377.0 260.0 1.39365252002 9406.34747998 
319.0 299.0 0.310549760007 10489.45024 
536.0 453.0 0.769180600019 10030.8194 
614.0 432.0 0.0184800000005 10781.52 
310.0 176.0 0.458403680012 10341.59632 
280.0 119.0 0.316822160007 10483.17784 
218.0 22.0 0.110875800001 10689.1242 
759.0 21.0 0.0 10800.0 
559.0 220.0 0.718640600019 10081.3594 
613.0 107.0 0.127422880003 10672.57712 
532.0 65.0 0.263827040004 10536.17296 
387.0 507.0 0.146025320004 10653.97468 
152.0 31.0 0.0908638000002 10709.1362 
522.0 172.0 0.312494560006 10487.50544 
273.0 44.0 0.235942480004 10564.05752 
699.0 243.0 0.308810240008 10491.18976 
581.0 132.0 0.482644160008 10317.35584 
674.0 126.0 0.173358800004 10626.6412 
561.0 106.0 0.331235880006 10468.76412 
135.0 265.0 0.0829436000002 10717.0564 
518.0 63.0 0.206714400004 10593.2856 
619.0 403.0 0.1002832 10699.7168 
560.0 251.0 2.18237280003 8617.62719997 
471.0 32.0 0.176268800002 10623.7312 
657.0 129.0 0.197628200003 10602.3718 
673.0 506.0 0.0308502000005 10769.1498 
425.0 279.0 1.15941240003 9640.58759997 
724.0 270.0 0.243237920003 10556.76208 
593.0 552.0 0.0617716800006 10738.22832 
294.0 608.0 0.0 10800.0 
346.0 260.0 0.593381160014 10206.61884 
430.0 281.0 2.23078160003 8569.21839997 
891.0 343.0 0.00678000000018 10793.22 
633.0 134.0 0.453147520004 10346.85248 
458.0 447.0 4.13528876003 6664.71123997 
307.0 186.0 0.648228000012 10151.772 
225.0 114.0 0.417955440005 10382.04456 
421.0 3.0 0.100258720002 10699.74128 
672.0 69.0 0.145016000003 10654.984 
620.0 109.0 0.304331200006 10495.6688 
294.0 87.0 0.550218640006 10249.78136 
637.0 5.0 0.119805160001 10680.19484 
509.0 192.0 1.22924392001 9570.75607999 
748.0 181.0 0.591761600003 10208.2384 
648.0 19.0 0.148830000002 10651.17 
781.0 105.0 0.0516268000005 10748.3732 
352.0 179.0 0.883096160013 9916.90383999 
865.0 286.0 0.0659830000001 10734.017 
647.0 78.0 0.217522080004 10582.47792 
526.0 371.0 0.808545000021 9991.45499998 
524.0 45.0 0.153699200002 10646.3008 
238.0 185.0 0.364694200007 10435.3058 
499.0 493.0 1.03722400003 9762.77599997 
453.0 31.0 0.134250560002 10665.74944 
608.0 183.0 0.652756920008 10147.24308 
626.0 392.0 0.0340451200003 10765.95488 
274.0 147.0 0.574410000008 10225.59 
213.0 112.0 0.200587760003 10599.41224 
487.0 476.0 1.56780080003 9232.19919997 
610.0 238.0 1.75909776001 9040.90223999 
315.0 293.0 0.166283200003 10633.7168 
427.0 326.0 1.49220792002 9307.79207998 
363.0 89.0 0.345460880007 10454.53912 
432.0 199.0 1.37316400001 9426.83599999 
343.0 41.0 0.238222000005 10561.778 
541.0 181.0 0.404487600009 10395.5124 
393.0 172.0 0.827496320012 9972.50367999 
669.0 475.0 0.13785552 10662.14448 
570.0 575.0 0.0853611200006 10714.63888 
816.0 164.0 0.139580360002 10660.41964 
288.0 232.0 1.01300128001 9786.99871999 
280.0 165.0 0.64219508001 10157.80492 
319.0 235.0 0.899826600013 9900.17339999 
757.0 229.0 0.100532000002 10699.468 
210.0 185.0 0.238801720003 10561.19828 
399.0 481.0 0.157150280003 10642.84972 
341.0 282.0 1.76594700002 9034.05299998 
237.0 191.0 0.295797200004 10504.2028 
424.0 608.0 0.0893460000006 10710.654 
560.0 266.0 1.81890136001 8981.09863999 
394.0 328.0 2.70199072003 8098.00927997 
349.0 252.0 0.918085040019 9881.91495998 
208.0 256.0 0.184489440002 10615.51056 
292.0 514.0 0.0622400000017 10737.76 
408.0 238.0 0.837515480018 9962.48451998 
345.0 138.0 0.401283000009 10398.717 
421.0 183.0 0.45362000001 10346.38 
628.0 81.0 0.292812000005 10507.188 
375.0 244.0 1.31129888002 9488.70111998 
247.0 41.0 0.190982000003 10609.018 
234.0 320.0 0.183624000001 10616.376 
436.0 179.0 0.549528000013 10250.472 
433.0 229.0 0.558857560015 10241.14244 
405.0 135.0 0.569565000009 10230.435 
478.0 206.0 0.43762004001 10362.37996 
282.0 16.0 0.172006600003 10627.9934 
152.0 98.0 0.209308200001 10590.6918 
585.0 202.0 1.05151520002 9748.48479998 
254.0 79.0 0.334745920006 10465.25408 
625.0 417.0 0.0182800000005 10781.72 
456.0 618.0 0.133342560003 10666.65744 
715.0 238.0 0.217180600005 10582.8194 
517.0 429.0 5.37052200003 5429.47799997 
780.0 193.0 0.103986240002 10696.01376 
508.0 375.0 3.96480084005 6835.19915995 
177.0 152.0 0.150186520002 10649.81348 
414.0 275.0 2.75036144003 8049.63855997 
486.0 582.0 0.100000000003 10700.0 
605.0 657.0 0.0 10800.0 
455.0 331.0 1.92585176004 8874.14823996 
680.0 254.0 1.13074480001 9669.25519999 
579.0 3.0 0.122073880001 10677.92612 
157.0 149.0 0.112359000002 10687.641 
709.0 252.0 0.199622400003 10600.3776 
260.0 100.0 0.273102880005 10526.89712 
466.0 228.0 0.777915680012 10022.08432 
313.0 55.0 0.250959360005 10549.04064 
509.0 6.0 0.149787200002 10650.2128 
426.0 181.0 0.361330240009 10438.66976 
295.0 248.0 0.355241920008 10444.75808 
847.0 210.0 0.0881048800007 10711.89512 
235.0 484.0 0.107487600002 10692.5124 
569.0 506.0 0.221691240002 10578.30876 
386.0 10.0 0.149261200002 10650.7388 
384.0 190.0 0.904046400011 9895.95359999 
484.0 19.0 0.159200640002 10640.79936 
455.0 572.0 0.386906040001 10413.09396 
265.0 413.0 0.56838944 10231.61056 
400.0 515.0 1.1898052 9610.1948 
261.0 343.0 0.172008640003 10627.99136 
420.0 219.0 0.710286080018 10089.71392 
433.0 350.0 3.91065476003 6889.34523997 
440.0 383.0 3.05225040003 7747.74959997 
230.0 40.0 0.190821600003 10609.1784 
394.0 98.0 0.512913920005 10287.08608 
386.0 547.0 0.327014240005 10472.98576 
