500.0 500.0
645.0 541.0 0.200311520004 10599.68848 
593.0 672.0 1.13600048001 9663.99951999 
485.0 775.0 0.260899760005 10539.10024 
744.0 570.0 0.0667010400014 10733.29896 
368.0 667.0 0.478974400011 10321.0256 
564.0 540.0 1.61385264002 9186.14735998 
342.0 747.0 0.497005840008 10302.99416 
669.0 528.0 0.561006240006 10238.99376 
594.0 616.0 0.596839520016 10203.16048 
462.0 615.0 0.625760000017 10174.24 
373.0 597.0 1.42998368001 9370.01631999 
440.0 651.0 0.760653680019 10039.34632 
345.0 614.0 0.783581720011 10016.41828 
310.0 594.0 0.306822800007 10493.1772 
393.0 776.0 0.449821200005 10350.1788 
617.0 827.0 0.817177440007 9982.82255999 
298.0 728.0 0.213704120003 10586.29588 
414.0 506.0 0.200263200005 10599.7368 
683.0 635.0 0.237255920004 10562.74408 
393.0 667.0 0.660400160017 10139.59984 
624.0 802.0 0.356281600008 10443.7184 
638.0 739.0 0.489478400011 10310.5216 
529.0 564.0 1.35122496001 9448.77503999 
666.0 589.0 0.394064000008 10405.936 
466.0 667.0 0.934847200018 9865.15279998 
680.0 941.0 0.382924000001 10417.076 
670.0 876.0 0.630064000003 10169.936 
395.0 889.0 0.111481200002 10688.5188 
658.0 962.0 0.0801020000019 10719.898 
493.0 626.0 1.12811500002 9671.88499998 
625.0 737.0 0.987456680017 9812.54331998 
495.0 834.0 0.179412600003 10620.5874 
330.0 864.0 0.202327520001 10597.67248 
788.0 910.0 0.0676736000007 10732.3264 
445.0 499.0 0.96699944001 9833.00055999 
595.0 883.0 0.167190960003 10632.80904 
599.0 985.0 0.0340956800004 10765.90432 
446.0 740.0 0.60363520001 10196.3648 
612.0 606.0 0.758163200018 10041.8368 
370.0 667.0 1.24425208002 9555.74791998 
647.0 768.0 0.404196800009 10395.8032 
432.0 635.0 0.477896000012 10322.104 
721.0 633.0 0.272251840003 10527.74816 
726.0 708.0 0.152354000002 10647.646 
677.0 819.0 0.210475360004 10589.52464 
277.0 673.0 0.171845000003 10628.155 
422.0 641.0 0.748957600018 10051.0424 
598.0 868.0 0.249876000006 10550.124 
235.0 672.0 0.237654320005 10562.34568 
568.0 818.0 0.613299360006 10186.70064 
766.0 831.0 0.111618200001 10688.3818 
518.0 745.0 0.627991000015 10172.009 
545.0 419.0 0.0648404800003 10735.15952 
490.0 674.0 0.882033000015 9917.96699998 
495.0 664.0 0.728195200011 10071.8048 
704.0 690.0 0.189089560003 10610.91044 
466.0 575.0 2.00171540002 8798.28459998 
624.0 623.0 0.517549840012 10282.45016 
730.0 886.0 0.232064640002 10567.93536 
552.0 593.0 0.613032200016 10186.9678 
740.0 764.0 0.220801800001 10579.1982 
615.0 615.0 0.722606080018 10077.39392 
321.0 532.0 0.115784800002 10684.2152 
635.0 775.0 0.480726800012 10319.2732 
296.0 605.0 0.294691520006 10505.30848 
529.0 746.0 0.752225000011 10047.775 
400.0 836.0 0.370225560003 10429.77444 
737.0 813.0 0.233698240002 10566.30176 
769.0 435.0 0.0 10800.0 
147.0 671.0 0.0811288000004 10718.8712 
320.0 485.0 0.0807600000022 10719.24 
202.0 572.0 0.168104800003 10631.8952 
544.0 902.0 0.138695680001 10661.30432 
697.0 674.0 0.172243200003 10627.7568 
507.0 696.0 0.865443200021 9934.55679998 
404.0 638.0 1.11866852001 9681.33147999 
599.0 826.0 0.277510720006 10522.48928 
616.0 812.0 0.43417388001 10365.82612 
569.0 702.0 2.38269028002 8417.30971998 
689.0 888.0 0.193036200003 10606.9638 
289.0 769.0 0.108426080002 10691.57392 
608.0 831.0 0.260184000005 10539.816 
299.0 692.0 0.910332800005 9889.66719999 
682.0 946.0 0.166818720003 10633.18128 
147.0 550.0 0.0755726800007 10724.42732 
623.0 706.0 0.514379040012 10285.62096 
742.0 543.0 0.450911680001 10349.08832 
427.0 624.0 0.515730400013 10284.2696 
413.0 886.0 0.102526320002 10697.47368 
604.0 327.0 0.0484704000001 10751.5296 
614.0 759.0 1.61796272002 9182.03727998 
554.0 580.0 1.96733296002 8832.66703998 
390.0 720.0 1.10254200001 9697.45799999 
474.0 752.0 0.466337600011 10333.6624 
483.0 781.0 0.228985480005 10571.01452 
329.0 742.0 0.238348000006 10561.652 
606.0 742.0 0.617312840015 10182.68716 
263.0 479.0 0.215053800001 10584.9462 
626.0 602.0 0.691524000017 10108.476 
200.0 770.0 0.1987996 10601.2004 
410.0 527.0 0.684150960009 10115.84904 
376.0 799.0 0.363170400003 10436.8296 
587.0 705.0 0.528205960014 10271.79404 
654.0 600.0 0.462235320007 10337.76468 
595.0 738.0 0.772765600017 10027.2344 
440.0 900.0 0.232767840002 10567.23216 
493.0 763.0 0.250537360004 10549.46264 
622.0 383.0 0.00612000000017 10793.88 
741.0 603.0 0.147313240002 10652.68676 
707.0 656.0 0.220412200003 10579.5878 
600.0 848.0 0.237310240006 10562.68976 
460.0 754.0 0.309667240007 10490.33276 
320.0 584.0 0.349966320008 10450.03368 
638.0 830.0 0.461338200008 10338.6618 
174.0 670.0 0.301424000001 10498.576 
282.0 625.0 0.699620400007 10100.3796 
490.0 502.0 0.670648960018 10129.35104 
249.0 555.0 0.473994320005 10326.00568 
557.0 865.0 0.192812160004 10607.18784 
250.0 477.0 0.108069440001 10691.93056 
424.0 966.0 0.0724326400004 10727.56736 
588.0 724.0 0.501500000013 10298.5 
689.0 725.0 0.182535440003 10617.46456 
797.0 557.0 0.189245960001 10610.75404 
517.0 929.0 0.102813920001 10697.18608 
495.0 916.0 0.111537200001 10688.4628 
710.0 721.0 0.212656800003 10587.3432 
637.0 608.0 0.499784760012 10300.21524 
159.0 580.0 0.0870194400013 10712.98056 
860.0 577.0 0.0906350800008 10709.36492 
498.0 840.0 0.278910480003 10521.08952 
585.0 735.0 0.486458600012 10313.5414 
906.0 501.0 0.0 10800.0 
651.0 670.0 0.870208000009 9929.79199999 
621.0 785.0 0.40130840001 10398.6916 
489.0 740.0 0.489048080011 10310.95192 
608.0 575.0 1.61364288002 9186.35711998 
520.0 753.0 0.610159400015 10189.8406 
593.0 616.0 1.44307824002 9356.92175998 
547.0 863.0 0.155950640003 10644.04936 
70.0 657.0 0.178895 10621.105 
414.0 612.0 1.29018140001 9509.81859999 
436.0 667.0 1.37736800002 9422.63199998 
237.0 822.0 0.104748200001 10695.2518 
876.0 715.0 0.0383420000005 10761.658 
445.0 668.0 0.810897760021 9989.10223998 
214.0 616.0 0.457623400002 10342.3766 
418.0 471.0 0.287018800006 10512.9812 
276.0 747.0 0.278413120003 10521.58688 
534.0 474.0 0.144701120002 10655.29888 
294.0 781.0 0.0956370000015 10704.363 
727.0 977.0 0.0965064000012 10703.4936 
665.0 624.0 0.638102000009 10161.898 
285.0 679.0 0.209353000005 10590.647 
454.0 653.0 0.636931520017 10163.06848 
831.0 720.0 0.0128400000004 10787.16 
577.0 462.0 0.204822000004 10595.178 
314.0 562.0 0.630312400006 10169.6876 
482.0 767.0 0.172138560003 10627.86144 
824.0 628.0 0.106296000001 10693.704 
634.0 759.0 0.668695000011 10131.305 
122.0 445.0 0.0852592000004 10714.7408 
378.0 897.0 0.0708320000013 10729.168 
719.0 662.0 0.182597600003 10617.4024 
545.0 823.0 0.537309600006 10262.6904 
301.0 576.0 0.270375000006 10529.625 
835.0 766.0 0.0410676800002 10758.93232 
88.0 763.0 0.00590000000017 10794.1 
585.0 556.0 0.38697188001 10413.02812 
78.0 839.0 0.0752367999999 10724.7632 
190.0 473.0 0.208760000002 10591.24 
579.0 561.0 0.431979360011 10368.02064 
216.0 530.0 0.179802800002 10620.1972 
494.0 727.0 0.591600960006 10208.39904 
362.0 609.0 0.375049360009 10424.95064 
465.0 418.0 0.0 10800.0 
740.0 811.0 0.141646920002 10658.35308 
536.0 716.0 0.734069200016 10065.9308 
516.0 494.0 0.543947840014 10256.05216 
325.0 552.0 0.223725400005 10576.2746 
431.0 806.0 0.275225120005 10524.77488 
459.0 864.0 0.137990880002 10662.00912 
41.0 652.0 0.0283798400004 10771.62016 
695.0 700.0 0.293708000005 10506.292 
341.0 650.0 0.399455960008 10400.54404 
623.0 727.0 0.631875000016 10168.125 
213.0 498.0 0.160586360003 10639.41364 
714.0 211.0 0.0 10800.0 
596.0 815.0 0.301786000006 10498.214 
370.0 646.0 0.490029760012 10309.97024 
679.0 785.0 0.580512000008 10219.488 
618.0 483.0 0.716453800005 10083.5462 
498.0 566.0 2.99689680002 7803.10319998 
125.0 333.0 0.0 10800.0 
267.0 863.0 0.0740792000005 10725.9208 
544.0 606.0 0.873990080017 9926.00991998 
218.0 806.0 0.0501976000009 10749.8024 
620.0 966.0 0.158712000001 10641.288 
403.0 861.0 0.219769960002 10580.23004 
502.0 682.0 3.28403360001 7515.96639999 
