500.0 500.0
512.0 397.0 0.498410720012 10301.58928 
478.0 528.0 0.770216640017 10029.78336 
526.0 527.0 1.11212480003 9687.87519997 
424.0 468.0 0.526609200008 10273.3908 
373.0 609.0 0.378915600009 10421.0844 
620.0 398.0 0.967878000011 9832.12199999 
486.0 519.0 0.745857960013 10054.14204 
265.0 595.0 0.852060000007 9947.93999999 
592.0 363.0 0.304576000006 10495.424 
627.0 577.0 0.361053760007 10438.94624 
565.0 584.0 0.398622560008 10401.37744 
623.0 470.0 0.557821440014 10242.17856 
529.0 395.0 0.521577960013 10278.42204 
586.0 598.0 0.163907200004 10636.0928 
660.0 515.0 1.52785320001 9272.14679999 
281.0 731.0 0.216309520002 10583.69048 
545.0 413.0 1.58385684002 9216.14315998 
373.0 616.0 0.638817960006 10161.18204 
343.0 529.0 0.168377560004 10631.62244 
583.0 492.0 1.51252000002 9287.47999998 
605.0 423.0 0.566869000013 10233.131 
744.0 597.0 0.0652123200006 10734.78768 
607.0 421.0 0.379771360009 10420.22864 
437.0 318.0 0.180396480001 10619.60352 
399.0 596.0 1.27802500001 9521.97499999 
711.0 385.0 0.244571840004 10555.42816 
419.0 643.0 0.375371200009 10424.6288 
712.0 460.0 0.972178440004 9827.82156 
507.0 389.0 0.421852080011 10378.14792 
308.0 599.0 0.426372160008 10373.62784 
720.0 519.0 0.345901880006 10454.09812 
402.0 231.0 0.0511167200007 10748.88328 
370.0 766.0 0.153928720002 10646.07128 
495.0 517.0 1.10044632002 9699.55367998 
444.0 511.0 1.44581272003 9354.18727997 
625.0 525.0 0.56983140001 10230.1686 
778.0 570.0 0.132755400002 10667.2446 
626.0 510.0 0.447096760012 10352.90324 
712.0 452.0 0.211555360004 10588.44464 
362.0 393.0 0.160807160002 10639.19284 
392.0 411.0 0.259641400005 10540.3586 
472.0 427.0 0.872697120016 9927.30287998 
470.0 495.0 1.15623600003 9643.76399997 
447.0 419.0 0.752421600016 10047.5784 
393.0 548.0 0.51547000001 10284.53 
415.0 786.0 0.116148320002 10683.85168 
809.0 402.0 0.16990032 10630.09968 
600.0 533.0 0.806539760018 9993.46023998 
649.0 513.0 0.646285840013 10153.71416 
522.0 239.0 0.0899960000012 10710.004 
921.0 420.0 0.00594000000017 10794.06 
633.0 265.0 0.118724560002 10681.27544 
579.0 713.0 0.114003400001 10685.9966 
628.0 376.0 0.293271040006 10506.72896 
348.0 477.0 0.413109000004 10386.891 
581.0 657.0 0.204494000004 10595.506 
251.0 651.0 0.422188480003 10377.81152 
522.0 445.0 2.16970568003 8630.29431997 
755.0 352.0 0.301391240001 10498.60876 
597.0 450.0 0.651348000016 10148.652 
813.0 241.0 0.0 10800.0 
590.0 454.0 0.725352800018 10074.6472 
479.0 538.0 0.916367200023 9883.63279998 
611.0 635.0 0.279363280003 10520.63672 
471.0 684.0 0.294590560006 10505.40944 
643.0 328.0 0.451475560005 10348.52444 
712.0 673.0 0.0499275200011 10750.07248 
348.0 523.0 0.471254480005 10328.74552 
345.0 450.0 0.207290000003 10592.71 
685.0 276.0 0.119689120002 10680.31088 
530.0 445.0 1.18053900003 9619.46099997 
255.0 636.0 0.226168920003 10573.83108 
633.0 493.0 0.483452960012 10316.54704 
485.0 214.0 0.100843280001 10699.15672 
340.0 620.0 0.783647520009 10016.35248 
709.0 568.0 0.430832000004 10369.168 
397.0 417.0 0.462916000006 10337.084 
459.0 347.0 0.143223280002 10656.77672 
470.0 555.0 1.46758400002 9332.41599998 
367.0 750.0 0.149255000002 10650.745 
472.0 582.0 2.01247504002 8787.52495998 
587.0 490.0 2.01912496002 8780.87503998 
428.0 568.0 1.57339800001 9226.60199999 
284.0 806.0 0.0950323200008 10704.96768 
656.0 442.0 0.581235840008 10218.76416 
621.0 366.0 0.279209320005 10520.79068 
578.0 426.0 0.807520400021 9992.47959998 
596.0 474.0 1.18592184002 9614.07815998 
544.0 336.0 0.303769200006 10496.2308 
558.0 732.0 0.0600974000005 10739.9026 
425.0 701.0 0.661214160002 10138.78584 
669.0 530.0 0.316800800007 10483.1992 
203.0 691.0 0.126383880001 10673.61612 
580.0 616.0 0.165817600004 10634.1824 
106.0 624.0 0.285005680001 10514.99432 
270.0 598.0 0.340008800006 10459.9912 
425.0 353.0 0.158034400002 10641.9656 
544.0 295.0 0.171850640002 10628.14936 
456.0 632.0 1.10812500001 9691.87499999 
354.0 607.0 0.312166160008 10487.83384 
592.0 296.0 0.212858400004 10587.1416 
927.0 296.0 0.0 10800.0 
523.0 442.0 0.910156440022 9889.84355998 
413.0 714.0 0.280945600002 10519.0544 
291.0 452.0 0.163135360002 10636.86464 
588.0 398.0 0.349426800008 10450.5732 
795.0 532.0 0.145800880002 10654.19912 
351.0 556.0 0.71512152001 10084.87848 
690.0 376.0 0.204640320003 10595.35968 
522.0 657.0 0.386702840006 10413.29716 
748.0 475.0 0.184154760004 10615.84524 
349.0 787.0 0.0587226800006 10741.27732 
352.0 700.0 0.488780400005 10311.2196 
262.0 502.0 0.108343800001 10691.6562 
226.0 551.0 0.137530080003 10662.46992 
388.0 466.0 0.243655040005 10556.34496 
911.0 576.0 0.0 10800.0 
593.0 286.0 0.207551160004 10592.44884 
562.0 420.0 0.89748200002 9902.51799998 
87.0 730.0 0.0 10800.0 
801.0 561.0 0.125165600001 10674.8344 
510.0 569.0 1.04103888002 9758.96111998 
415.0 485.0 0.639645600013 10160.3544 
376.0 571.0 0.354035280009 10445.96472 
456.0 427.0 1.00812400002 9791.87599998 
523.0 516.0 1.39915260003 9400.84739997 
821.0 423.0 0.0261914000004 10773.8086 
517.0 661.0 0.319931120007 10480.06888 
711.0 705.0 0.0813798000015 10718.6202 
672.0 686.0 0.132402640001 10667.59736 
603.0 471.0 0.459843600011 10340.1564 
497.0 644.0 0.540754880012 10259.24512 
513.0 306.0 0.230870200002 10569.1298 
462.0 666.0 0.534756800006 10265.2432 
632.0 506.0 0.494871760012 10305.12824 
528.0 689.0 0.277421800004 10522.5782 
645.0 601.0 0.544520960004 10255.47904 
723.0 211.0 0.0 10800.0 
427.0 360.0 0.452114400004 10347.8856 
598.0 457.0 0.608432800015 10191.5672 
285.0 671.0 0.269144160005 10530.85584 
794.0 488.0 0.0631430000008 10736.857 
309.0 716.0 0.202323800002 10597.6762 
554.0 352.0 0.679981360007 10120.01864 
491.0 442.0 1.67236900002 9127.63099998 
392.0 468.0 0.591795360006 10208.20464 
183.0 637.0 0.461052800002 10338.9472 
656.0 344.0 0.304912960004 10495.08704 
598.0 374.0 0.326610560006 10473.38944 
711.0 417.0 0.230494000002 10569.506 
448.0 214.0 0.112845880001 10687.15412 
552.0 590.0 1.14518512001 9654.81487999 
340.0 371.0 0.113998400001 10686.0016 
585.0 443.0 0.648500000017 10151.5 
441.0 441.0 0.482197640012 10317.80236 
763.0 577.0 0.104203640002 10695.79636 
275.0 775.0 0.0872714000009 10712.7286 
479.0 614.0 0.654956000013 10145.044 
45.0 589.0 0.15000504 10649.99496 
415.0 445.0 0.619014000013 10180.986 
698.0 657.0 0.379663400001 10420.3366 
259.0 543.0 0.153191440003 10646.80856 
490.0 695.0 0.327602560007 10472.39744 
715.0 296.0 0.240996800002 10559.0032 
457.0 704.0 0.376447360006 10423.55264 
440.0 688.0 0.210371200004 10589.6288 
16.0 626.0 0.0433812000002 10756.6188 
263.0 593.0 0.198079320005 10601.92068 
931.0 175.0 0.0 10800.0 
455.0 693.0 0.178932800004 10621.0672 
393.0 590.0 0.37766620001 10422.3338 
643.0 265.0 0.118010640002 10681.98936 
745.0 509.0 0.259646400004 10540.3536 
437.0 774.0 0.159570600002 10640.4294 
799.0 545.0 0.102379680001 10697.62032 
575.0 432.0 0.783579200018 10016.4208 
516.0 510.0 1.18938016003 9610.61983997 
321.0 647.0 0.424768800005 10375.2312 
768.0 314.0 0.0538015200002 10746.19848 
572.0 451.0 0.631457760017 10168.54224 
154.0 664.0 0.0894232000019 10710.5768 
639.0 307.0 0.185049600003 10614.9504 
719.0 706.0 0.0867112800015 10713.28872 
443.0 591.0 1.05221152002 9747.78847998 
484.0 636.0 0.641220800011 10158.7792 
263.0 274.0 0.0 10800.0 
166.0 835.0 0.0 10800.0 
926.0 424.0 0.0064270800002 10793.57292 
403.0 272.0 0.17761664 10622.38336 
343.0 383.0 0.100555840001 10699.44416 
489.0 777.0 0.114665480001 10685.33452 
534.0 629.0 0.377199200008 10422.8008 
306.0 521.0 0.240045600004 10559.9544 
531.0 511.0 0.953760400026 9846.23959997 
232.0 451.0 0.0758303200007 10724.16968 
168.0 336.0 0.0 10800.0 
556.0 245.0 0.198242000001 10601.758 
141.0 599.0 0.0867859200013 10713.21408 
630.0 375.0 0.320455680006 10479.54432 
240.0 640.0 0.150222080003 10649.77792 
