250.0 250.0
313.0 248.0 0.404353280011 10395.64672 
368.0 305.0 0.571501960008 10228.49804 
340.0 379.0 0.151225800001 10648.7742 
295.0 405.0 0.101119360001 10698.88064 
292.0 353.0 0.299576360001 10500.42364 
265.0 261.0 0.642152080006 10157.84792 
209.0 207.0 0.345740000004 10454.26 
270.0 421.0 0.0293472400003 10770.65276 
305.0 367.0 0.161243000004 10638.757 
144.0 187.0 0.136508920001 10663.49108 
205.0 277.0 0.216633200002 10583.3668 
97.0 149.0 0.0256673600004 10774.33264 
355.0 191.0 0.0348140000007 10765.186 
349.0 227.0 0.159686160004 10640.31384 
437.0 173.0 0.0118200000003 10788.18 
423.0 391.0 0.229158120005 10570.84188 
72.0 57.0 0.00626000000017 10793.74 
287.0 130.0 0.00642000000018 10793.58 
320.0 326.0 0.552803360008 10247.19664 
180.0 233.0 0.251375840003 10548.62416 
269.0 211.0 0.174806000004 10625.194 
449.0 195.0 0.0204123200003 10779.58768 
215.0 127.0 0.0297240000006 10770.276 
294.0 489.0 0.101119360001 10698.88064 
130.0 87.0 0.0770027200007 10722.99728 
354.0 473.0 0.0449147600006 10755.08524 
47.0 119.0 0.0770027200007 10722.99728 
340.0 244.0 0.137473920003 10662.52608 
387.0 441.0 0.0911092000009 10708.8908 
114.0 261.0 0.0238400000007 10776.16 
445.0 231.0 0.0869366000008 10713.0634 
466.0 499.0 0.0400050000001 10759.995 
183.0 320.0 0.094163520001 10705.83648 
177.0 8.0 0.0391785600003 10760.82144 
217.0 44.0 0.0119800000003 10788.02 
484.0 347.0 0.0770027200007 10722.99728 
233.0 129.0 0.115295360001 10684.70464 
247.0 204.0 0.0519000000004 10748.1 
329.0 90.0 0.00614000000017 10793.86 
413.0 490.0 0.0134000000004 10786.6 
249.0 359.0 0.0519958800008 10748.00412 
421.0 372.0 0.309193600006 10490.8064 
342.0 215.0 0.153600400003 10646.3996 
326.0 310.0 0.624490880012 10175.50912 
49.0 282.0 0.0635609200013 10736.43908 
229.0 330.0 0.127062400001 10672.9376 
191.0 167.0 0.0948459200019 10705.15408 
383.0 376.0 0.0302800000008 10769.72 
139.0 231.0 0.159500400002 10640.4996 
479.0 429.0 0.0730312000009 10726.9688 
341.0 262.0 0.329697960003 10470.30204 
432.0 418.0 0.286466840001 10513.53316 
333.0 82.0 0.00712239999985 10792.8776 
80.0 318.0 0.0553064000013 10744.6936 
428.0 132.0 0.0153664 10784.6336 
248.0 117.0 0.0437841600005 10756.21584 
401.0 403.0 0.161275480004 10638.72452 
154.0 151.0 0.111667560002 10688.33244 
55.0 369.0 0.00684000000019 10793.16 
208.0 251.0 0.544524800004 10255.4752 
412.0 53.0 0.006554 10793.446 
201.0 161.0 0.244961600003 10555.0384 
74.0 286.0 0.148208000001 10651.792 
81.0 456.0 0.0770027200007 10722.99728 
470.0 221.0 0.0347110000008 10765.289 
469.0 431.0 0.0742056000014 10725.7944 
202.0 49.0 0.0178600000005 10782.14 
149.0 50.0 0.0770027200007 10722.99728 
45.0 57.0 0.0153870800001 10784.61292 
389.0 366.0 0.619538800001 10180.4612 
296.0 292.0 1.14649688 9653.50312 
450.0 462.0 0.117488000001 10682.512 
69.0 217.0 0.00596000000017 10794.04 
413.0 61.0 0.00580000000016 10794.2 
184.0 331.0 0.0189010400006 10781.09896 
300.0 236.0 0.634556000007 10165.444 
235.0 350.0 0.101236320002 10698.76368 
406.0 319.0 0.508714400006 10291.2856 
208.0 411.0 0.0770027200007 10722.99728 
210.0 307.0 0.175108000003 10624.892 
234.0 32.0 0.0210307999999 10778.9692 
223.0 181.0 0.139304800003 10660.6952 
29.0 395.0 0.0253353600001 10774.66464 
482.0 366.0 0.0235920000006 10776.408 
278.0 149.0 0.0190800000005 10780.92 
51.0 231.0 0.0121584000003 10787.8416 
304.0 289.0 0.584124400015 10215.8756 
375.0 398.0 0.199102880004 10600.89712 
266.0 195.0 0.104083440003 10695.91656 
239.0 217.0 0.359253600004 10440.7464 
11.0 273.0 0.0362790000003 10763.721 
111.0 169.0 0.0785728400012 10721.42716 
363.0 448.0 0.0770027200007 10722.99728 
402.0 118.0 0.00560000000016 10794.4 
464.0 247.0 0.0723416000012 10727.6584 
418.0 257.0 0.135168400002 10664.8316 
456.0 375.0 0.172487760002 10627.51224 
191.0 120.0 0.0924206000017 10707.5794 
385.0 266.0 0.217562560002 10582.43744 
178.0 20.0 0.0295741200002 10770.42588 
