250.0 250.0
282.0 174.0 0.236808000006 10563.192 
355.0 201.0 0.143521000003 10656.479 
277.0 107.0 0.0737214400001 10726.27856 
393.0 144.0 0.160396000004 10639.604 
262.0 202.0 0.705705280007 10094.29472 
375.0 110.0 0.115961840002 10684.03816 
480.0 135.0 0.0517556800008 10748.24432 
405.0 246.0 0.0804500000016 10719.55 
455.0 125.0 0.00616000000017 10793.84 
377.0 330.0 0.121768800002 10678.2312 
433.0 75.0 0.00636000000018 10793.64 
397.0 155.0 0.175009760004 10624.99024 
341.0 308.0 0.1493882 10650.6118 
331.0 206.0 0.266029040007 10533.97096 
421.0 165.0 0.195275000002 10604.725 
455.0 338.0 0.0136400000004 10786.36 
335.0 279.0 0.128798880003 10671.20112 
432.0 165.0 0.150659000002 10649.341 
207.0 162.0 0.0121800000003 10787.82 
317.0 60.0 0.0387276000009 10761.2724 
366.0 159.0 0.420355280004 10379.64472 
316.0 217.0 0.269234200006 10530.7658 
283.0 321.0 0.0570036000006 10742.9964 
370.0 236.0 0.293181600002 10506.8184 
370.0 266.0 0.0751440000018 10724.856 
485.0 174.0 0.0483188400006 10751.68116 
132.0 219.0 0.0282382000001 10771.7618 
417.0 354.0 0.0516624000008 10748.3376 
202.0 252.0 0.0733608000012 10726.6392 
475.0 252.0 0.0366140000008 10763.386 
366.0 352.0 0.0322704000005 10767.7296 
263.0 342.0 0.0334444000004 10766.5556 
253.0 220.0 0.212040720006 10587.95928 
291.0 433.0 0.112788880001 10687.21112 
345.0 98.0 0.111173920002 10688.82608 
369.0 72.0 0.0450236800006 10754.97632 
403.0 253.0 0.0762042400013 10723.79576 
120.0 206.0 0.0358244800002 10764.17552 
220.0 289.0 0.130635880001 10669.36412 
268.0 106.0 0.036960000001 10763.04 
245.0 492.0 0.0468032000005 10753.1968 
82.0 147.0 0.0116200000003 10788.38 
344.0 434.0 0.00618000000017 10793.82 
308.0 82.0 0.0658369600015 10734.16304 
252.0 121.0 0.0317870400003 10768.21296 
41.0 230.0 0.0570036000006 10742.9964 
317.0 160.0 0.415259960002 10384.74004 
312.0 254.0 0.546250800005 10253.7492 
463.0 282.0 0.0186800000005 10781.32 
300.0 202.0 0.497410240007 10302.58976 
386.0 195.0 0.245121960004 10554.87804 
310.0 276.0 0.0314200000009 10768.58 
292.0 471.0 0.0686872000009 10731.3128 
495.0 338.0 0.0367440000005 10763.256 
182.0 499.0 0.0570036000006 10742.9964 
246.0 199.0 0.133078400003 10666.9216 
385.0 50.0 0.0570036000006 10742.9964 
130.0 199.0 0.0331599999999 10766.84 
496.0 36.0 0.089090000001 10710.91 
158.0 228.0 0.0187000000005 10781.3 
261.0 430.0 0.0311600000009 10768.84 
179.0 335.0 0.0728348400011 10727.16516 
214.0 377.0 0.0636808000014 10736.3192 
446.0 190.0 0.089090000001 10710.91 
132.0 252.0 0.0123800000003 10787.62 
89.0 284.0 0.0344399999999 10765.56 
174.0 116.0 0.089090000001 10710.91 
73.0 381.0 0.0390750000001 10760.925 
231.0 331.0 0.116160400001 10683.8396 
290.0 479.0 0.108522880002 10691.47712 
222.0 137.0 0.0388060000002 10761.194 
80.0 121.0 0.0334032000008 10766.5968 
473.0 175.0 0.0818625200006 10718.13748 
124.0 314.0 0.0192000000005 10780.8 
125.0 432.0 0.089090000001 10710.91 
235.0 382.0 0.057406000001 10742.594 
459.0 91.0 0.0243750400005 10775.62496 
482.0 284.0 0.0294812000008 10770.5188 
196.0 85.0 0.089090000001 10710.91 
99.0 255.0 0.00656000000018 10793.44 
271.0 243.0 0.364362800005 10435.6372 
381.0 494.0 0.00734759999992 10792.6524 
306.0 94.0 0.154514000002 10645.486 
472.0 283.0 0.0267873600001 10773.21264 
218.0 237.0 0.02607424 10773.92576 
95.0 126.0 0.0116200000003 10788.38 
33.0 117.0 0.0442110000004 10755.789 
192.0 339.0 0.067278400001 10732.7216 
243.0 233.0 0.216148000006 10583.852 
217.0 310.0 0.0434600000012 10756.54 
271.0 185.0 0.177697200004 10622.3028 
455.0 343.0 0.0139610000004 10786.039 
321.0 457.0 0.055583360001 10744.41664 
226.0 347.0 0.158286 10641.714 
405.0 97.0 0.0529548400005 10747.04516 
153.0 403.0 0.089090000001 10710.91 
93.0 346.0 0.0690407999996 10730.9592 
336.0 228.0 0.424641280005 10375.35872 
379.0 485.0 0.00628000000017 10793.72 
232.0 431.0 0.089090000001 10710.91 
