250.0 250.0
318.0 263.0 0.746200800009 10053.7992 
353.0 202.0 0.401441200005 10398.5588 
270.0 232.0 0.492602720009 10307.39728 
450.0 187.0 0.0944535200011 10705.54648 
330.0 304.0 0.835770000011 9964.22999999 
299.0 242.0 1.63516660001 9164.83339999 
308.0 208.0 0.568640800013 10231.3592 
400.0 305.0 0.205066920005 10594.93308 
357.0 319.0 0.227973520006 10572.02648 
441.0 286.0 0.0878235200017 10712.17648 
259.0 291.0 0.0998900000016 10700.11 
417.0 115.0 0.0842070000017 10715.793 
405.0 111.0 0.153565440004 10646.43456 
413.0 268.0 0.178890120004 10621.10988 
269.0 167.0 0.157126360001 10642.87364 
397.0 118.0 0.169528000003 10630.472 
387.0 210.0 0.211572000002 10588.428 
349.0 250.0 0.354837760009 10445.16224 
308.0 289.0 0.38268560001 10417.3144 
382.0 375.0 0.157065000003 10642.935 
459.0 97.0 0.0705440000011 10729.456 
482.0 173.0 0.0836296000008 10716.3704 
372.0 313.0 0.264951800007 10535.0482 
498.0 146.0 0.041049240001 10758.95076 
408.0 236.0 0.311152160005 10488.84784 
409.0 29.0 0.0571144000004 10742.8856 
366.0 75.0 0.0571144000004 10742.8856 
254.0 252.0 0.122944000003 10677.056 
467.0 39.0 0.0571144000004 10742.8856 
450.0 360.0 0.109516000001 10690.484 
363.0 316.0 0.312057160008 10487.94284 
336.0 240.0 0.679466840009 10120.53316 
422.0 257.0 0.149558920004 10650.44108 
417.0 341.0 0.351491040005 10448.50896 
470.0 139.0 0.146286320002 10653.71368 
459.0 380.0 0.0494413600011 10750.55864 
488.0 226.0 0.0386542400002 10761.34576 
424.0 200.0 0.0911557200016 10708.84428 
256.0 256.0 0.0448560000011 10755.144 
369.0 341.0 0.389767040004 10410.23296 
272.0 152.0 0.077853280002 10722.14672 
395.0 370.0 0.152331080004 10647.66892 
260.0 247.0 0.104426200003 10695.5738 
304.0 400.0 0.0490870000003 10750.913 
429.0 457.0 0.0571144000004 10742.8856 
381.0 372.0 0.153335600004 10646.6644 
458.0 365.0 0.113995960003 10686.00404 
362.0 340.0 0.426443200009 10373.5568 
194.0 90.0 0.0130800000004 10786.92 
168.0 177.0 0.0376504000009 10762.3496 
182.0 32.0 0.0571144000004 10742.8856 
348.0 364.0 0.0956520000021 10704.348 
381.0 222.0 0.276679640006 10523.32036 
303.0 161.0 0.109681600002 10690.3184 
500.0 364.0 0.0484591600005 10751.54084 
230.0 260.0 0.117140000003 10682.86 
92.0 52.0 0.0571144000004 10742.8856 
116.0 113.0 0.0124000000003 10787.6 
375.0 263.0 0.425056000007 10374.944 
191.0 183.0 0.0617057200004 10738.29428 
220.0 422.0 0.0571144000004 10742.8856 
234.0 142.0 0.0797333200017 10720.26668 
429.0 123.0 0.168906480004 10631.09352 
486.0 98.0 0.060564000001 10739.436 
262.0 363.0 0.0214580000004 10778.542 
495.0 270.0 0.0559976000007 10744.0024 
419.0 186.0 0.196624000004 10603.376 
316.0 235.0 0.587080000009 10212.92 
500.0 199.0 0.0305600000001 10769.44 
276.0 120.0 0.0457344000011 10754.2656 
468.0 254.0 0.113350000001 10686.65 
156.0 468.0 0.0571144000004 10742.8856 
307.0 493.0 0.0571144000004 10742.8856 
93.0 110.0 0.0322424000005 10767.7576 
63.0 127.0 0.0343570000003 10765.643 
186.0 92.0 0.0214588800007 10778.54112 
355.0 130.0 0.0677200000019 10732.28 
344.0 336.0 0.319990400007 10480.0096 
402.0 143.0 0.333694320003 10466.30568 
458.0 291.0 0.113954560001 10686.04544 
398.0 107.0 0.264422000004 10535.578 
298.0 112.0 0.0576947200006 10742.30528 
361.0 301.0 0.410184000009 10389.816 
458.0 369.0 0.124446400002 10675.5536 
226.0 179.0 0.0559800000015 10744.02 
340.0 231.0 0.482933520013 10317.06648 
191.0 150.0 0.0936956800004 10706.30432 
91.0 460.0 0.0571144000004 10742.8856 
333.0 35.0 0.0571144000004 10742.8856 
229.0 74.0 0.0483636000004 10751.6364 
337.0 209.0 0.0970018400025 10702.99816 
263.0 299.0 0.0712696000011 10728.7304 
180.0 103.0 0.0480112000002 10751.9888 
289.0 315.0 0.166211040004 10633.78896 
89.0 184.0 0.0135967199999 10786.40328 
261.0 376.0 0.041546200001 10758.4538 
104.0 203.0 0.00626000000017 10793.74 
274.0 354.0 0.0187400000005 10781.26 
460.0 347.0 0.126480200002 10673.5198 
211.0 346.0 0.0571144000004 10742.8856 
