250.0 250.0
330.0 260.0 0.306623720003 10493.37628 
197.0 238.0 0.154340000004 10645.66 
422.0 272.0 0.0366731200004 10763.32688 
413.0 205.0 0.220694800003 10579.3052 
334.0 252.0 0.0746479200015 10725.35208 
476.0 238.0 0.0697468800008 10730.25312 
219.0 172.0 0.0500114400005 10749.98856 
276.0 125.0 0.0502865200004 10749.71348 
372.0 189.0 0.276916120003 10523.08388 
159.0 184.0 0.545963280006 10254.03672 
264.0 191.0 0.0183600000005 10781.64 
446.0 151.0 0.0670830400016 10732.91696 
278.0 294.0 0.0874538000018 10712.5462 
152.0 231.0 0.434630560006 10365.36944 
118.0 165.0 0.123629040003 10676.37096 
427.0 286.0 0.0329000000007 10767.1 
359.0 250.0 0.0671638000016 10732.8362 
484.0 180.0 0.119430400001 10680.5696 
315.0 217.0 0.0501600000014 10749.84 
168.0 274.0 0.0807896000017 10719.2104 
72.0 91.0 0.0677376000012 10732.2624 
449.0 162.0 0.0523644800012 10747.63552 
281.0 315.0 0.0337538400006 10766.24616 
184.0 244.0 0.159425600004 10640.5744 
438.0 168.0 0.0503800000014 10749.62 
96.0 272.0 0.0271633600008 10772.83664 
394.0 200.0 0.0937208000022 10706.2792 
96.0 80.0 0.0584920000016 10741.508 
333.0 153.0 0.325926000004 10474.074 
366.0 161.0 0.181235560004 10618.76444 
144.0 149.0 0.316904000002 10483.096 
218.0 67.0 0.0126650000001 10787.335 
238.0 208.0 0.104975360001 10695.02464 
100.0 86.0 0.143677520002 10656.32248 
498.0 151.0 0.0390610000007 10760.939 
451.0 222.0 0.155941280001 10644.05872 
253.0 226.0 0.081014000002 10718.986 
347.0 157.0 0.181274080005 10618.72592 
225.0 346.0 0.0172480000002 10782.752 
196.0 176.0 0.195316800004 10604.6832 
326.0 46.0 0.0250000000007 10775.0 
178.0 405.0 0.0770027200007 10722.99728 
184.0 222.0 0.296648000004 10503.352 
406.0 283.0 0.095443600001 10704.5564 
280.0 28.0 0.0427384 10757.2616 
124.0 172.0 0.152890360004 10647.10964 
80.0 197.0 0.110393680001 10689.60632 
263.0 108.0 0.0250424000003 10774.9576 
101.0 327.0 0.0295686000006 10770.4314 
58.0 30.0 0.0770027200007 10722.99728 
48.0 200.0 0.0314052400006 10768.59476 
167.0 256.0 0.161933600004 10638.0664 
93.0 298.0 0.07628352 10723.71648 
495.0 226.0 0.0905278400017 10709.47216 
93.0 89.0 0.0124200000003 10787.58 
413.0 78.0 0.0327536000005 10767.2464 
134.0 54.0 0.0682314000015 10731.7686 
348.0 389.0 0.0402840000005 10759.716 
276.0 178.0 0.00988608000024 10790.11392 
408.0 402.0 0.0120337600001 10787.96624 
292.0 156.0 0.0744800000021 10725.52 
50.0 304.0 0.00632000000017 10793.68 
135.0 176.0 0.177339200004 10622.6608 
343.0 470.0 0.0696519599997 10730.34804 
379.0 69.0 0.00604000000017 10793.96 
281.0 260.0 0.216971200001 10583.0288 
224.0 166.0 0.055394400001 10744.6056 
103.0 260.0 0.143784320001 10656.21568 
342.0 304.0 0.195556000001 10604.444 
51.0 87.0 0.0617134400007 10738.28656 
445.0 152.0 0.074635400001 10725.3646 
117.0 220.0 0.227319120001 10572.68088 
19.0 242.0 0.0770027200007 10722.99728 
310.0 442.0 0.0132600000004 10786.74 
366.0 365.0 0.0121800000003 10787.82 
308.0 25.0 0.0347920000006 10765.208 
335.0 26.0 0.0254193200004 10774.58068 
374.0 312.0 0.0997721600009 10700.22784 
339.0 259.0 0.0739392000013 10726.0608 
406.0 404.0 0.0119400000003 10788.06 
228.0 72.0 0.0113000000003 10788.7 
110.0 85.0 0.173159200001 10626.8408 
271.0 386.0 0.0770027200007 10722.99728 
485.0 179.0 0.0934096000014 10706.5904 
250.0 31.0 0.0365871999999 10763.4128 
274.0 288.0 0.123088000002 10676.912 
113.0 378.0 0.0770027200007 10722.99728 
106.0 279.0 0.0252800000007 10774.72 
362.0 409.0 0.0257265600004 10774.27344 
353.0 480.0 0.0226680000005 10777.332 
422.0 111.0 0.0992036000005 10700.7964 
143.0 111.0 0.2556882 10544.3118 
495.0 256.0 0.0321830000004 10767.817 
225.0 316.0 0.00616000000017 10793.84 
12.0 114.0 0.0770027200007 10722.99728 
403.0 293.0 0.0196000000005 10780.4 
328.0 7.0 0.0357780000003 10764.222 
59.0 335.0 0.0194908800002 10780.50912 
412.0 444.0 0.0318337600004 10768.16624 
153.0 220.0 0.210445600004 10589.5544 
