250.0 250.0
212.0 177.0 0.164459200001 10635.5408 
160.0 162.0 0.112011840002 10687.98816 
186.0 219.0 0.186768000005 10613.232 
311.0 296.0 0.0609400000017 10739.06 
241.0 130.0 0.0492600000014 10750.74 
225.0 185.0 0.0732516000018 10726.7484 
143.0 104.0 0.0360795200009 10763.92048 
242.0 288.0 0.0806566400013 10719.34336 
274.0 225.0 0.0874054000014 10712.5946 
153.0 322.0 0.0282094799996 10771.79052 
167.0 202.0 0.141457240002 10658.54276 
275.0 99.0 0.0702707199998 10729.72928 
151.0 124.0 0.148769000001 10651.231 
237.0 180.0 0.0702620000009 10729.738 
315.0 180.0 0.0785402000006 10721.4598 
180.0 222.0 0.146338760003 10653.66124 
276.0 358.0 0.0657192000016 10734.2808 
222.0 359.0 0.0719191999998 10728.0808 
182.0 79.0 0.129235560003 10670.76444 
322.0 318.0 0.0686840000015 10731.316 
166.0 71.0 0.105079200002 10694.9208 
338.0 425.0 0.0837328000019 10716.2672 
103.0 348.0 0.089090000001 10710.91 
143.0 423.0 0.089090000001 10710.91 
76.0 166.0 0.0751810000006 10724.819 
106.0 191.0 0.0308200000009 10769.18 
183.0 139.0 0.173177400004 10626.8226 
272.0 459.0 0.0472503200002 10752.74968 
288.0 240.0 0.197481759999 10602.51824 
316.0 290.0 0.0130422400003 10786.95776 
355.0 388.0 0.100630400002 10699.3696 
50.0 430.0 0.0318193600001 10768.18064 
320.0 136.0 0.01489068 10785.10932 
309.0 344.0 0.333749920003 10466.25008 
168.0 168.0 0.211003880002 10588.99612 
411.0 310.0 0.089090000001 10710.91 
105.0 111.0 0.0571574000007 10742.8426 
11.0 80.0 0.089090000001 10710.91 
335.0 386.0 0.333078400001 10466.9216 
228.0 197.0 0.0675000000019 10732.5 
78.0 471.0 0.0190835200002 10780.91648 
86.0 136.0 0.046336800001 10753.6632 
307.0 194.0 0.0527880000008 10747.212 
192.0 234.0 0.163576400001 10636.4236 
26.0 251.0 0.00660000000018 10793.4 
348.0 187.0 0.0574967200011 10742.50328 
288.0 206.0 0.138760000002 10661.24 
372.0 422.0 0.0922630000006 10707.737 
232.0 31.0 0.0355895200005 10764.41048 
218.0 98.0 0.118798680002 10681.20132 
353.0 255.0 0.0247000000007 10775.3 
318.0 437.0 0.0349825200008 10765.01748 
304.0 433.0 0.0315658800007 10768.43412 
292.0 359.0 0.0721800000013 10727.82 
377.0 460.0 0.0437444400006 10756.25556 
29.0 182.0 0.0491860000003 10750.814 
456.0 241.0 0.0963754000008 10703.6246 
121.0 33.0 0.0256382400002 10774.36176 
216.0 277.0 0.117515600002 10682.4844 
172.0 74.0 0.126944800002 10673.0552 
199.0 430.0 0.00570000000016 10794.3 
208.0 86.0 0.127689360002 10672.31064 
223.0 407.0 0.0450590000002 10754.941 
334.0 257.0 0.0747040000011 10725.296 
304.0 422.0 0.035960000001 10764.04 
174.0 215.0 0.102788600002 10697.2114 
27.0 374.0 0.089090000001 10710.91 
464.0 245.0 0.0196944000002 10780.3056 
224.0 462.0 0.0306186000002 10769.3814 
407.0 239.0 0.142825120001 10657.17488 
157.0 386.0 0.089090000001 10710.91 
215.0 101.0 0.232444319999 10567.55568 
383.0 90.0 0.0421569200004 10757.84308 
367.0 211.0 0.154580800001 10645.4192 
428.0 366.0 0.0342543999998 10765.7456 
157.0 281.0 0.00642000000018 10793.58 
78.0 229.0 0.0329542399997 10767.04576 
233.0 176.0 0.0249593600008 10775.04064 
180.0 174.0 0.148317840003 10651.68216 
347.0 414.0 0.131266560002 10668.73344 
469.0 143.0 0.00592000000017 10794.08 
278.0 37.0 0.00564000000016 10794.36 
462.0 355.0 0.089090000001 10710.91 
400.0 130.0 0.0485998400002 10751.40016 
52.0 180.0 0.089090000001 10710.91 
281.0 182.0 0.0637650000013 10736.235 
296.0 125.0 0.0243000000007 10775.7 
496.0 149.0 0.0149776000001 10785.0224 
90.0 163.0 0.0568088000012 10743.1912 
183.0 171.0 0.141152800003 10658.8472 
409.0 323.0 0.00632000000017 10793.68 
25.0 212.0 0.0266903999999 10773.3096 
266.0 341.0 0.072700000002 10727.3 
235.0 71.0 0.141042400002 10658.9576 
356.0 454.0 0.0686030400013 10731.39696 
400.0 164.0 0.0128200000004 10787.18 
210.0 251.0 0.266444240001 10533.55576 
131.0 55.0 0.0932681600009 10706.73184 
139.0 173.0 0.0626600000008 10737.34 
85.0 448.0 0.0122400000003 10787.76 
