250.0 250.0
180.0 221.0 0.359184680006 10440.81532 
114.0 240.0 0.0941769600023 10705.82304 
229.0 137.0 0.0499400000014 10750.06 
126.0 305.0 0.109192320003 10690.80768 
142.0 101.0 0.00622000000017 10793.78 
172.0 46.0 0.118860000002 10681.14 
67.0 263.0 0.0590400000006 10740.96 
65.0 310.0 0.0257600000007 10774.24 
109.0 395.0 0.155156720004 10644.84328 
181.0 185.0 0.10825924 10691.74076 
2.0 328.0 0.0925600000008 10707.44 
57.0 407.0 0.0757761600011 10724.22384 
16.0 373.0 0.0513720000007 10748.628 
144.0 258.0 0.270192240004 10529.80776 
190.0 79.0 0.0571580400016 10742.84196 
167.0 348.0 0.181436000005 10618.564 
59.0 206.0 0.0368520000006 10763.148 
6.0 281.0 0.149534640001 10650.46536 
32.0 402.0 0.0547052800011 10745.29472 
119.0 330.0 0.155724000003 10644.276 
92.0 355.0 0.140264640003 10659.73536 
103.0 413.0 0.167760480004 10632.23952 
217.0 135.0 0.0155179200003 10784.48208 
168.0 359.0 0.155766000003 10644.234 
22.0 148.0 0.118860000002 10681.14 
30.0 485.0 0.007006 10792.994 
178.0 284.0 0.614324000012 10185.676 
133.0 336.0 0.147492000003 10652.508 
272.0 205.0 0.0247200000007 10775.28 
242.0 283.0 0.292078200005 10507.9218 
171.0 352.0 0.216854760005 10583.14524 
13.0 230.0 0.118860000002 10681.14 
132.0 271.0 0.248376600006 10551.6234 
99.0 206.0 0.0813532800014 10718.64672 
41.0 366.0 0.103807040001 10696.19296 
162.0 405.0 0.543173720008 10256.82628 
98.0 439.0 0.0951273200014 10704.87268 
132.0 132.0 0.0544762400003 10745.52376 
299.0 277.0 0.110593160002 10689.40684 
143.0 17.0 0.0398713600003 10760.12864 
63.0 144.0 0.00584000000016 10794.16 
257.0 238.0 0.0522605600012 10747.73944 
168.0 363.0 0.198496320005 10601.50368 
116.0 235.0 0.0954660800019 10704.53392 
72.0 49.0 0.118860000002 10681.14 
247.0 422.0 0.118860000002 10681.14 
119.0 148.0 0.0522052800008 10747.79472 
210.0 260.0 0.816432000002 9983.568 
321.0 102.0 0.0488600000006 10751.14 
333.0 263.0 0.0806582400016 10719.34176 
125.0 433.0 0.148895120003 10651.10488 
140.0 179.0 0.0944065200017 10705.59348 
37.0 489.0 0.00620000000017 10793.8 
273.0 107.0 0.0485600000014 10751.44 
82.0 391.0 0.110120600002 10689.8794 
161.0 497.0 0.118860000002 10681.14 
95.0 369.0 0.172805200004 10627.1948 
296.0 284.0 0.104410200003 10695.5898 
104.0 177.0 0.050152400001 10749.8476 
73.0 428.0 0.0567850000011 10743.215 
198.0 271.0 0.176382400002 10623.6176 
203.0 319.0 0.170316080003 10629.68392 
137.0 186.0 0.0118400000003 10788.16 
177.0 256.0 0.43921540001 10360.7846 
350.0 226.0 0.0483292800004 10751.67072 
326.0 236.0 0.0316200000009 10768.38 
154.0 70.0 0.0837300000016 10716.27 
46.0 144.0 0.00921551999991 10790.78448 
344.0 237.0 0.0355200000006 10764.48 
242.0 94.0 0.221054000001 10578.946 
306.0 152.0 0.056872640001 10743.12736 
123.0 230.0 0.130551000002 10669.449 
144.0 316.0 0.201525600004 10598.4744 
353.0 116.0 0.0201550000003 10779.845 
274.0 201.0 0.0446688000009 10755.3312 
324.0 309.0 0.104988840002 10695.01116 
307.0 59.0 0.0434763200007 10756.52368 
327.0 337.0 0.0295958800001 10770.40412 
261.0 337.0 0.118860000002 10681.14 
125.0 390.0 0.403157360002 10396.84264 
287.0 270.0 0.268112 10531.888 
292.0 177.0 0.0897280000016 10710.272 
351.0 127.0 0.0185400000005 10781.46 
332.0 269.0 0.145573840003 10654.42616 
177.0 425.0 0.087855000002 10712.145 
390.0 132.0 0.0313393600004 10768.66064 
149.0 310.0 0.337760560001 10462.23944 
53.0 266.0 0.1519016 10648.0984 
173.0 332.0 0.172080000005 10627.92 
130.0 298.0 0.109000200003 10690.9998 
380.0 203.0 0.0364824400006 10763.51756 
195.0 373.0 0.527951799999 10272.0482 
133.0 292.0 0.0976168000024 10702.3832 
256.0 486.0 0.0364824400006 10763.51756 
431.0 77.0 0.0364824400006 10763.51756 
305.0 99.0 0.0503425600002 10749.65744 
266.0 130.0 0.0886185600012 10711.38144 
199.0 85.0 0.211205200002 10588.7948 
139.0 321.0 0.0751440000014 10724.856 
118.0 330.0 0.107876400003 10692.1236 
