250.0 250.0
333.0 278.0 0.0276228800007 10772.37712 
309.0 194.0 0.0256342000002 10774.3658 
249.0 207.0 0.0917200000007 10708.28 
170.0 212.0 0.0498438400011 10750.15616 
388.0 175.0 0.067124000001 10732.876 
470.0 130.0 0.00628000000017 10793.72 
362.0 211.0 0.0120800000003 10787.92 
420.0 298.0 0.0769768000012 10723.0232 
462.0 231.0 0.0433492800007 10756.65072 
202.0 132.0 0.315253080003 10484.74692 
452.0 319.0 0.090750800002 10709.2492 
482.0 150.0 0.0131126400001 10786.88736 
430.0 249.0 0.0253400000007 10774.66 
266.0 262.0 0.0776320000013 10722.368 
157.0 131.0 0.179190560002 10620.80944 
473.0 319.0 0.0741390400013 10725.86096 
134.0 271.0 0.0243000000007 10775.7 
448.0 296.0 0.0595800000017 10740.42 
229.0 152.0 0.0682600000019 10731.74 
195.0 134.0 0.148002720003 10651.99728 
413.0 351.0 0.123912160002 10676.08784 
324.0 98.0 0.0508799999999 10749.12 
413.0 103.0 0.0297984000002 10770.2016 
357.0 144.0 0.0485600000014 10751.44 
489.0 59.0 0.0474172000005 10752.5828 
464.0 334.0 0.0897856000015 10710.2144 
222.0 139.0 0.122661200002 10677.3388 
140.0 80.0 0.0596203200011 10740.37968 
448.0 51.0 0.0188800000005 10781.12 
497.0 62.0 0.0569847200006 10743.01528 
453.0 397.0 0.0336004000002 10766.3996 
177.0 340.0 0.0570036000006 10742.9964 
308.0 230.0 0.0126800000003 10787.32 
276.0 176.0 0.00670000000018 10793.3 
144.0 415.0 0.00578000000016 10794.22 
471.0 258.0 0.0408783200006 10759.12168 
363.0 115.0 0.0591476400012 10740.85236 
386.0 326.0 0.073100000002 10726.9 
396.0 320.0 0.0769761600015 10723.02384 
266.0 65.0 0.0570036000006 10742.9964 
369.0 266.0 0.0570036000006 10742.9964 
328.0 166.0 0.0570036000006 10742.9964 
241.0 403.0 0.0257400000007 10774.26 
230.0 478.0 0.00614000000017 10793.86 
193.0 92.0 0.095400600002 10704.5994 
235.0 267.0 0.0315036800003 10768.49632 
237.0 246.0 0.116078000003 10683.922 
362.0 339.0 0.00654000000018 10793.46 
85.0 158.0 0.0570036000006 10742.9964 
462.0 237.0 0.0336766400005 10766.32336 
385.0 172.0 0.165465920001 10634.53408 
197.0 227.0 0.189859640002 10610.14036 
255.0 423.0 0.0217040000003 10778.296 
113.0 459.0 0.0570036000006 10742.9964 
419.0 298.0 0.112945960001 10687.05404 
115.0 110.0 0.062162600001 10737.8374 
402.0 138.0 0.126553800001 10673.4462 
203.0 399.0 0.0259504000001 10774.0496 
145.0 91.0 0.0890368000018 10710.9632 
174.0 203.0 0.050966200001 10749.0338 
437.0 368.0 0.0649596000006 10735.0404 
27.0 469.0 0.0570036000006 10742.9964 
456.0 244.0 0.0124200000003 10787.58 
424.0 200.0 0.0789064000011 10721.0936 
374.0 199.0 0.00958208000007 10790.41792 
253.0 273.0 0.0502914400012 10749.70856 
134.0 437.0 0.0125310399999 10787.46896 
441.0 193.0 0.0129200000004 10787.08 
298.0 116.0 0.0189800000005 10781.02 
344.0 368.0 0.0217781999999 10778.2218 
99.0 341.0 0.125412320001 10674.58768 
262.0 437.0 0.0394338400004 10760.56616 
50.0 175.0 0.0570036000006 10742.9964 
76.0 345.0 0.0371672000009 10762.8328 
420.0 132.0 0.0516048000012 10748.3952 
301.0 108.0 0.00699059999975 10793.0094 
149.0 148.0 0.0570036000006 10742.9964 
187.0 188.0 0.0498174800005 10750.18252 
107.0 360.0 0.0357420000007 10764.258 
347.0 80.0 0.0363454800008 10763.65452 
203.0 176.0 0.0867600000024 10713.24 
220.0 495.0 0.01091692 10789.08308 
69.0 417.0 0.0296763600002 10770.32364 
195.0 111.0 0.116670280002 10683.32972 
186.0 239.0 0.0635139200016 10736.48608 
210.0 243.0 0.121653480002 10678.34652 
454.0 39.0 0.0300360000007 10769.964 
311.0 265.0 0.0893822400012 10710.61776 
428.0 306.0 0.205627040003 10594.37296 
43.0 382.0 0.00618000000017 10793.82 
224.0 154.0 0.0863290000021 10713.671 
253.0 433.0 0.0241468800004 10775.85312 
174.0 94.0 0.201371040002 10598.62896 
439.0 342.0 0.126269160003 10673.73084 
51.0 117.0 0.0570036000006 10742.9964
145.0 60.0 0.0624822000008 10737.5178 
117.0 301.0 0.1004254 10699.5746 
255.0 198.0 0.0187572000005 10781.2428 
155.0 11.0 0.0570036000006 10742.9964 
401.0 129.0 0.0978689600018 10702.13104 
