250.0 250.0
165.0 217.0 0.101266600001 10698.7334 
238.0 222.0 0.0303614400002 10769.63856 
296.0 301.0 0.685156640003 10114.84336 
331.0 221.0 0.0601642400014 10739.83576 
196.0 284.0 0.301849560006 10498.15044 
120.0 242.0 0.262656960003 10537.34304 
31.0 268.0 0.0534056000007 10746.5944 
233.0 235.0 0.0254620000001 10774.538 
317.0 398.0 0.0858512000018 10714.1488 
400.0 367.0 0.102992000002 10697.008 
260.0 393.0 0.0614463599998 10738.55364 
76.0 167.0 0.031994240001 10768.00576 
338.0 319.0 0.752405920008 10047.59408 
442.0 425.0 0.163510240001 10636.48976 
130.0 297.0 0.130336760003 10669.66324 
142.0 182.0 0.0567865600006 10743.21344 
199.0 391.0 0.0123600000003 10787.64 
276.0 196.0 0.0184400000005 10781.56 
64.0 200.0 0.0748664000019 10725.1336 
95.0 355.0 0.103685840002 10696.31416 
374.0 385.0 0.0968703200023 10703.12968 
297.0 396.0 0.109684800002 10690.3152 
366.0 445.0 0.0970185600006 10702.98144 
391.0 461.0 0.0289967600003 10771.00324 
213.0 335.0 0.433066200004 10366.9338 
151.0 210.0 0.0643306000015 10735.6694 
191.0 244.0 0.205082400004 10594.9176 
432.0 445.0 0.0407200000011 10759.28 
164.0 110.0 0.0770027200007 10722.99728 
263.0 152.0 0.1087324 10691.2676 
32.0 169.0 0.068450240001 10731.54976 
345.0 147.0 0.0651044800014 10734.89552 
318.0 423.0 0.102942800002 10697.0572 
405.0 346.0 0.118855320003 10681.14468 
269.0 273.0 0.463543600001 10336.4564 
368.0 259.0 0.214895200001 10585.1048 
190.0 88.0 0.0335212799999 10766.47872 
107.0 80.0 0.0770027200007 10722.99728 
421.0 299.0 0.153913600002 10646.0864 
114.0 261.0 0.129320400003 10670.6796 
191.0 59.0 0.0770027200007 10722.99728 
207.0 280.0 0.156520000004 10643.48 
335.0 395.0 0.188391520004 10611.60848 
270.0 258.0 0.147005120004 10652.99488 
466.0 353.0 0.00644000000018 10793.56 
128.0 283.0 0.142680000002 10657.32 
96.0 320.0 0.137711880003 10662.28812 
287.0 317.0 0.272469600006 10527.5304 
295.0 389.0 0.0923828000021 10707.6172 
80.0 171.0 0.158476000002 10641.524 
468.0 306.0 0.105071200001 10694.9288 
500.0 420.0 0.0770027200007 10722.99728 
298.0 376.0 0.0627600000017 10737.24 
332.0 231.0 0.0608400000017 10739.16 
146.0 272.0 0.477563080007 10322.43692 
168.0 263.0 0.403637600008 10396.3624 
101.0 10.0 0.0770027200007 10722.99728 
194.0 438.0 0.0740044800005 10725.99552 
263.0 322.0 0.127494800003 10672.5052 
141.0 336.0 0.244153120004 10555.84688 
185.0 296.0 0.417152200005 10382.8478 
398.0 408.0 0.148701440003 10651.29856 
44.0 368.0 0.0770027200007 10722.99728 
110.0 308.0 0.179003400002 10620.9966 
347.0 130.0 0.0599714400009 10740.02856 
278.0 185.0 0.0184400000005 10781.56 
225.0 119.0 0.0123600000003 10787.64 
24.0 273.0 0.0553296000008 10744.6704 
89.0 219.0 0.192620000001 10607.38 
309.0 418.0 0.0986618000019 10701.3382 
65.0 300.0 0.141222840001 10658.77716 
188.0 188.0 0.0125600000003 10787.44 
225.0 472.0 0.0459622800005 10754.03772 
39.0 224.0 0.00646000000018 10793.54 
329.0 173.0 0.182639360002 10617.36064 
388.0 185.0 0.0770027200007 10722.99728 
22.0 23.0 0.0770027200007 10722.99728 
331.0 349.0 0.316394520004 10483.60548 
400.0 294.0 0.162850000003 10637.15 
158.0 191.0 0.0360915600006 10763.90844 
405.0 257.0 0.144009680001 10655.99032 
252.0 306.0 0.0121800000003 10787.82 
289.0 111.0 0.0616695600006 10738.33044 
404.0 393.0 0.209698000002 10590.302 
380.0 322.0 0.307791360006 10492.20864 
483.0 329.0 0.0293515200005 10770.64848 
248.0 116.0 0.0431770400006 10756.82296 
308.0 486.0 0.0770027200007 10722.99728 
400.0 358.0 0.133548800003 10666.4512 
490.0 218.0 0.0318835200002 10768.11648 
460.0 457.0 0.0522684800009 10747.73152 
181.0 342.0 0.221909680003 10578.09032 
75.0 416.0 0.0770027200007 10722.99728 
448.0 286.0 0.0628692800006 10737.13072 
322.0 430.0 0.177674000003 10622.326 
315.0 119.0 0.0500964800005 10749.90352 
355.0 291.0 0.231444800005 10568.5552 
449.0 197.0 0.00608000000017 10793.92 
369.0 368.0 0.337673600002 10462.3264 
145.0 128.0 0.0770027200007 10722.99728 
