250.0 250.0
206.0 204.0 0.11525008 10684.74992 
256.0 145.0 0.0365112000004 10763.4888 
159.0 224.0 0.19975 10600.25 
208.0 123.0 0.421274000001 10378.726 
325.0 187.0 0.323052360003 10476.94764 
422.0 184.0 0.00636000000018 10793.64 
247.0 152.0 0.0826200000023 10717.38 
351.0 219.0 0.220855520005 10579.14448 
175.0 50.0 0.0599648400015 10740.03516 
376.0 295.0 0.101076600001 10698.9234 
176.0 62.0 0.114982480003 10685.01752 
299.0 78.0 0.0986803200018 10701.31968 
126.0 117.0 0.0250600000007 10774.94 
291.0 265.0 0.204067040005 10595.93296 
111.0 249.0 0.152855280003 10647.14472 
78.0 46.0 0.0579612400009 10742.03876 
449.0 278.0 0.0257222000003 10774.2778 
316.0 206.0 0.113317560003 10686.68244 
285.0 271.0 0.335747440004 10464.25256 
71.0 142.0 0.0198400000005 10780.16 
68.0 239.0 0.0580406400006 10741.95936 
404.0 389.0 0.0474131600005 10752.58684 
421.0 282.0 0.065124400001 10734.8756 
343.0 214.0 0.213330000005 10586.67 
22.0 273.0 0.0121000000003 10787.9 
186.0 169.0 0.0522500000004 10747.75 
240.0 223.0 0.179899520003 10620.10048 
421.0 464.0 0.089090000001 10710.91 
189.0 71.0 0.139720440001 10660.27956 
163.0 92.0 0.367671760005 10432.32824 
196.0 124.0 0.188822000002 10611.178 
451.0 142.0 0.00602000000017 10793.98 
172.0 189.0 0.094016800002 10705.9832 
77.0 80.0 0.0711796800014 10728.82032 
484.0 438.0 0.089090000001 10710.91 
272.0 15.0 0.0400080000005 10759.992 
54.0 100.0 0.0542777600003 10745.72224 
420.0 344.0 0.0658675200012 10734.13248 
124.0 269.0 0.120440000002 10679.56 
130.0 107.0 0.0920187200022 10707.98128 
302.0 84.0 0.246595040002 10553.40496 
347.0 257.0 0.0248400000007 10775.16 
148.0 262.0 0.256885760003 10543.11424 
390.0 332.0 0.165560800001 10634.4392 
103.0 78.0 0.125942000002 10674.058 
298.0 58.0 0.0701576000015 10729.8424 
471.0 108.0 0.03059424 10769.40576 
427.0 72.0 0.140520880002 10659.47912 
292.0 198.0 0.214905800005 10585.0942 
246.0 290.0 0.12055904 10679.44096 
400.0 112.0 0.150841600002 10649.1584 
447.0 198.0 0.0168031200002 10783.19688 
284.0 49.0 0.0990414800012 10700.95852 
7.0 263.0 0.016156 10783.844 
94.0 206.0 0.115472200002 10684.5278 
413.0 231.0 0.0124000000003 10787.6 
208.0 346.0 0.0120600000003 10787.94 
83.0 62.0 0.0515683200009 10748.43168 
317.0 295.0 0.248160000004 10551.84 
255.0 305.0 0.0553938400013 10744.60616 
350.0 180.0 0.201650160002 10598.34984 
336.0 142.0 0.246826400003 10553.1736 
261.0 236.0 0.314363440006 10485.63656 
119.0 232.0 0.279598240004 10520.40176 
98.0 198.0 0.137000920002 10662.99908 
380.0 301.0 0.103833600002 10696.1664 
176.0 290.0 0.229819800001 10570.1802 
57.0 182.0 0.0946295600012 10705.37044 
53.0 171.0 0.0209407200005 10779.05928 
266.0 118.0 0.0998012000015 10700.1988 
426.0 268.0 0.0571624000001 10742.8376 
361.0 117.0 0.170680000001 10629.32 
275.0 316.0 0.149512160003 10650.48784 
292.0 334.0 0.0499296000003 10750.0704 
344.0 486.0 0.089090000001 10710.91 
273.0 133.0 0.0493200000014 10750.68 
177.0 71.0 0.103826200003 10696.1738 
77.0 122.0 0.0371313600003 10762.86864 
159.0 421.0 0.089090000001 10710.91 
308.0 219.0 0.654279280001 10145.72072 
430.0 63.0 0.0312800000008 10768.72 
300.0 123.0 0.172092800003 10627.9072 
497.0 292.0 0.089090000001 10710.91 
398.0 245.0 0.0187000000005 10781.3 
96.0 371.0 0.089090000001 10710.91 
344.0 203.0 0.173604800004 10626.3952 
159.0 495.0 0.089090000001 10710.91 
461.0 80.0 0.0504696000007 10749.5304 
184.0 249.0 0.0874000000024 10712.6 
252.0 361.0 0.03859708 10761.40292 
103.0 253.0 0.137636800003 10662.3632 
297.0 35.0 0.0851994400012 10714.80056 
344.0 330.0 0.220777840001 10579.22216 
223.0 375.0 0.0246814400002 10775.31856 
105.0 236.0 0.109966000002 10690.034 
49.0 454.0 0.089090000001 10710.91 
5.0 240.0 0.02825016 10771.74984 
222.0 51.0 0.064277880001 10735.72212 
156.0 175.0 0.0945408000019 10705.4592 
139.0 74.0 0.100032000002 10699.968 
