250.0 250.0
210.0 186.0 0.107879520002 10692.12048 
228.0 204.0 0.135292160003 10664.70784 
260.0 217.0 0.266943320001 10533.05668 
146.0 239.0 0.38509592001 10414.90408 
161.0 217.0 0.251520000005 10548.48 
197.0 110.0 0.0770027200007 10722.99728 
104.0 324.0 0.129469920003 10670.53008 
159.0 316.0 0.417193040008 10382.80696 
302.0 226.0 0.230657800003 10569.3422 
50.0 291.0 0.0912770000008 10708.723 
231.0 298.0 0.341888840005 10458.11116 
257.0 335.0 0.185397800002 10614.6022 
270.0 420.0 0.0770027200007 10722.99728 
181.0 200.0 0.292876960007 10507.12304 
171.0 189.0 0.066007840001 10733.99216 
138.0 51.0 0.0291430400006 10770.85696 
349.0 335.0 0.0770027200007 10722.99728 
70.0 93.0 0.103443200001 10696.5568 
183.0 362.0 0.188167920004 10611.83208 
96.0 131.0 0.0965747200005 10703.42528 
182.0 365.0 0.169192800004 10630.8072 
175.0 206.0 0.291106080007 10508.89392 
110.0 242.0 0.0633832000012 10736.6168 
194.0 226.0 0.316621800008 10483.3782 
209.0 441.0 0.0770027200007 10722.99728 
235.0 179.0 0.138886640003 10661.11336 
174.0 293.0 0.476018080008 10323.98192 
54.0 244.0 0.115838 10684.162 
356.0 173.0 0.162102200002 10637.8978 
233.0 263.0 0.674551440005 10125.44856 
159.0 31.0 0.0204737600004 10779.52624 
378.0 189.0 0.0336792000006 10766.3208 
277.0 173.0 0.0919290000016 10708.071 
449.0 186.0 0.0126400000003 10787.36 
328.0 210.0 0.123122880003 10676.87712 
223.0 218.0 0.622840160014 10177.15984 
258.0 254.0 0.312915200007 10487.0848 
127.0 301.0 0.393625960006 10406.37404 
245.0 366.0 0.0400760000004 10759.924 
283.0 292.0 0.128800560001 10671.19944 
259.0 341.0 0.0550056000014 10744.9944 
62.0 402.0 0.0481980800007 10751.80192 
287.0 359.0 0.0969086400017 10703.09136 
311.0 144.0 0.0257267600007 10774.27324 
119.0 330.0 0.138348600003 10661.6514 
148.0 36.0 0.0669442400009 10733.05576 
65.0 197.0 0.0183000000005 10781.7 
353.0 125.0 0.099064720001 10700.93528 
375.0 198.0 0.0373641600008 10762.63584 
113.0 266.0 0.0889100800016 10711.08992 
156.0 279.0 0.456674880011 10343.32512 
13.0 482.0 0.0770027200007 10722.99728 
137.0 212.0 0.0581804800014 10741.81952 
500.0 243.0 0.0770027200007 10722.99728 
296.0 340.0 0.103523040002 10696.47696 
50.0 337.0 0.069429120001 10730.57088 
154.0 77.0 0.0245600000007 10775.44 
289.0 338.0 0.0973649600018 10702.63504 
20.0 352.0 0.0570036000006 10742.9964 
141.0 346.0 0.306859520007 10493.14048 
6.0 260.0 0.0570036000006 10742.9964 
159.0 200.0 0.0703993200014 10729.60068 
109.0 492.0 0.0303932 10769.6068 
106.0 366.0 0.234130000002 10565.87 
102.0 454.0 0.0118800000003 10788.12 
172.0 341.0 0.340601360006 10459.39864 
356.0 391.0 0.0166029600001 10783.39704 
176.0 270.0 0.625578000009 10174.422 
191.0 245.0 1.31745424002 9482.54575998 
316.0 148.0 0.0562400000016 10743.76 
349.0 137.0 0.0461208000007 10753.8792 
70.0 464.0 0.0246486400001 10775.35136 
359.0 128.0 0.0778078400012 10722.19216 
47.0 48.0 0.0570036000006 10742.9964 
152.0 256.0 0.514750080012 10285.24992 
329.0 396.0 0.00662000000018 10793.38 
147.0 41.0 0.0233945999999 10776.6054 
39.0 424.0 0.0570036000006 10742.9964 
65.0 360.0 0.138033160002 10661.96684 
87.0 94.0 0.0599480000008 10740.052 
297.0 123.0 0.0246658400005 10775.33416 
85.0 398.0 0.0770950000017 10722.905 
120.0 406.0 0.0775955200016 10722.40448 
405.0 269.0 0.0353247999999 10764.6752 
51.0 98.0 0.0238790400002 10776.12096 
459.0 186.0 0.0212279999997 10778.772 
393.0 131.0 0.0471806400008 10752.81936 
184.0 266.0 0.580336800015 10219.6632 
159.0 391.0 0.110040760002 10689.95924 
397.0 273.0 0.0192800000005 10780.72 
119.0 366.0 0.0958014400022 10704.19856 
81.0 160.0 0.0249600000007 10775.04 
455.0 269.0 0.0366871200006 10763.31288 
124.0 94.0 0.0115800000003 10788.42 
459.0 145.0 0.0390737200005 10760.92628 
236.0 101.0 0.0570036000006 10742.9964 
301.0 462.0 0.0570036000006 10742.9964 
422.0 254.0 0.0521028800003 10747.89712 
200.0 18.0 0.0570036000006 10742.9964 
142.0 376.0 0.174578160003 10625.42184 
