250.0 250.0
199.0 282.0 0.0271606000001 10772.8394 
284.0 274.0 0.065468960001 10734.53104 
148.0 321.0 0.00634000000017 10793.66 
153.0 315.0 0.00634000000017 10793.66 
295.0 362.0 0.0444533200005 10755.54668 
274.0 322.0 0.100019840001 10699.98016 
333.0 416.0 0.00596000000017 10794.04 
100.0 296.0 0.0410822400005 10758.91776 
260.0 224.0 0.0335409600006 10766.45904 
219.0 235.0 0.0326766400006 10767.32336 
113.0 269.0 0.0124400000003 10787.56 
214.0 218.0 0.0542104000008 10745.7896 
159.0 253.0 0.0475496400005 10752.45036 
365.0 398.0 0.0220281600002 10777.97184 
77.0 284.0 0.0272198000006 10772.7802 
208.0 290.0 0.0176200000005 10782.38 
257.0 218.0 0.0376510400006 10762.34896 
269.0 303.0 0.0599480000013 10740.052 
125.0 402.0 0.0179012400002 10782.09876 
202.0 298.0 0.0187160000001 10781.284 
252.0 284.0 0.1162784 10683.7216 
268.0 237.0 0.0613804800016 10738.61952 
167.0 348.0 0.0226338000002 10777.3662 
125.0 168.0 0.0 10800.0 
121.0 371.0 0.00606000000017 10793.94 
