250.0 250.0
199.0 265.0 0.0154440000001 10784.556 
258.0 200.0 0.094474480001 10705.52552 
340.0 246.0 0.0741151999998 10725.8848 
317.0 287.0 0.0191000000005 10780.9 
314.0 303.0 0.0100061999999 10789.9938 
302.0 203.0 0.0422846000002 10757.7154 
267.0 145.0 0.0763778000003 10723.6222 
282.0 240.0 0.0519121600008 10748.08784 
201.0 235.0 0.00550000000016 10794.5 
413.0 249.0 0.0763778000003 10723.6222 
128.0 234.0 0.00610000000017 10793.9 
196.0 178.0 0.0763778000003 10723.6222 
288.0 305.0 0.00618000000017 10793.82 
227.0 369.0 0.0763778000003 10723.6222 
373.0 273.0 0.0405614400004 10759.43856 
109.0 198.0 0.0263153999998 10773.6846 
265.0 245.0 0.0468800000013 10753.12 
289.0 341.0 0.0222109199998 10777.78908 
475.0 223.0 0.0763778000003 10723.6222
25.0 195.0 0.094474480001 10705.52552 
85.0 285.0 0.094474480001 10705.52552 
374.0 197.0 0.0763778000003 10723.6222 
369.0 334.0 0.094474480001 10705.52552 
258.0 440.0 0.094474480001 10705.52552 
149.0 154.0 0.094474480001 10705.52552 
