250.0 250.0
225.0 174.0 0.0777608000005 10722.2392 
270.0 95.0 0.055817920001 10744.18208 
240.0 112.0 0.0272664000007 10772.7336 
323.0 182.0 0.0123413999999 10787.6586 
392.0 216.0 0.00612000000017 10793.88 
160.0 217.0 0.0777608000005 10722.2392 
214.0 264.0 0.0564587200006 10743.54128 
302.0 174.0 0.0250000000007 10775.0 
320.0 258.0 0.00614000000017 10793.86 
350.0 134.0 0.0546036800005 10745.39632 
412.0 295.0 0.0777608000005 10722.2392 
215.0 304.0 0.0392206800003 10760.77932 
397.0 216.0 0.00731951999992 10792.68048 
480.0 185.0 0.0172544000001 10782.7456 
477.0 184.0 0.0391806000002 10760.8194 
271.0 288.0 0.0269982 10773.0018 
208.0 81.0 0.0403296000001 10759.6704 
303.0 127.0 0.1206412 10679.3588 
390.0 223.0 0.00612000000017 10793.88 
292.0 94.0 0.0605147200007 10739.48528 
254.0 126.0 0.036980000001 10763.02 
454.0 325.0 0.0777608000005 10722.2392 
451.0 201.0 0.0114200000003 10788.58 
322.0 268.0 0.00741712000019 10792.58288 
142.0 247.0 0.0777608000005 10722.2392 
