250.0 250.0
308.0 170.0 0.0691056400015 10730.89436 
351.0 257.0 0.0441198000004 10755.8802 
329.0 196.0 0.0667294000013 10733.2706 
310.0 191.0 0.0653586800019 10734.64132 
205.0 192.0 0.0763778000003 10723.6222 
332.0 279.0 0.00622000000017 10793.78 
149.0 111.0 0.0763778000003 10723.6222 
83.0 172.0 0.0763778000003 10723.6222 
223.0 321.0 0.0965520000006 10703.448 
325.0 220.0 0.0692999600018 10730.70004 
255.0 276.0 0.0392643600006 10760.73564 
419.0 220.0 0.0763778000003 10723.6222 
183.0 311.0 0.0399520000002 10760.048 
361.0 337.0 0.0763778000003 10723.6222 
417.0 359.0 0.0763778000003 10723.6222 
339.0 346.0 0.0763778000003 10723.6222 
105.0 81.0 0.00594000000017 10794.06 
312.0 208.0 0.160875 10639.125 
271.0 267.0 0.0396812000005 10760.3188 
252.0 158.0 0.02622 10773.78 
103.0 81.0 0.00598752000005 10794.01248 
200.0 140.0 0.0763778000003 10723.6222 
275.0 192.0 0.0428800000012 10757.12 
247.0 278.0 0.0717852 10728.2148 
339.0 82.0 0.0763778000003 10723.6222 
