250.0 250.0
178.0 216.0 0.0634400000017 10736.56 
131.0 182.0 0.142296400003 10657.7036 
299.0 203.0 0.0763778000003 10723.6222 
89.0 97.0 0.0468529600005 10753.14704 
196.0 190.0 0.0389000000011 10761.1 
220.0 180.0 0.0700052000009 10729.9948 
133.0 180.0 0.269206360003 10530.79364 
79.0 143.0 0.0981811600012 10701.81884 
290.0 336.0 0.0763778000003 10723.6222 
249.0 215.0 0.107816400001 10692.1836 
34.0 105.0 0.0763778000003 10723.6222 
216.0 180.0 0.111744000001 10688.256 
235.0 106.0 0.0763778000003 10723.6222 
110.0 177.0 0.102647040002 10697.35296 
128.0 227.0 0.0557600000015 10744.24 
116.0 87.0 0.00969407999994 10790.30592 
132.0 93.0 0.00612000000017 10793.88 
165.0 215.0 0.0975688 10702.4312 
119.0 272.0 0.0730361600007 10726.96384 
100.0 179.0 0.0956324000019 10704.3676 
91.0 262.0 0.0343065600006 10765.69344 
186.0 86.0 0.0763778000003 10723.6222 
121.0 182.0 0.106730960002 10693.26904 
87.0 245.0 0.0488624000007 10751.1376 
166.0 175.0 0.102001000002 10697.999 
