250.0 250.0
296.0 338.0 0.0320400000009 10767.96 
334.0 246.0 0.00660968000007 10793.39032 
387.0 372.0 0.0375880000005 10762.412 
374.0 297.0 0.0178600000005 10782.14 
377.0 466.0 0.03435968 10765.64032 
462.0 464.0 0.11433448 10685.66552 
455.0 359.0 0.11433448 10685.66552 
387.0 218.0 0.00594000000017 10794.06 
258.0 296.0 0.0777608000005 10722.2392 
292.0 186.0 0.0777608000005 10722.2392 
316.0 433.0 0.039109600001 10760.8904 
331.0 243.0 0.00638000000018 10793.62 
314.0 445.0 0.0481841600008 10751.81584 
321.0 354.0 0.11433448 10685.66552 
380.0 185.0 0.0194594400001 10780.54056 
225.0 330.0 0.0494042000003 10750.5958 
378.0 417.0 0.00592000000017 10794.08 
285.0 475.0 0.0777608000005 10722.2392 
321.0 389.0 0.140928000001 10659.072 
233.0 413.0 0.0777608000005 10722.2392 
312.0 116.0 0.0777608000005 10722.2392 
367.0 342.0 0.0725352800005 10727.46472 
373.0 336.0 0.0416040000004 10758.396 
310.0 411.0 0.0823454000011 10717.6546 
160.0 373.0 0.0777608000005 10722.2392 
