250.0 250.0
289.0 336.0 0.00608000000017 10793.92 
310.0 268.0 0.0124800000003 10787.52 
257.0 291.0 0.0332032000003 10766.7968 
309.0 366.0 0.021888 10778.112 
211.0 372.0 0.0122782799997 10787.72172 
347.0 202.0 0.0543494000006 10745.6506 
243.0 291.0 0.0484280000006 10751.572 
317.0 180.0 0.0243154800005 10775.68452 
419.0 260.0 0.11433448 10685.66552 
338.0 420.0 0.00662000000018 10793.38 
314.0 238.0 0.0415633600006 10758.43664 
264.0 244.0 0.00840336000017 10791.59664 
194.0 360.0 0.00658000000018 10793.42 
167.0 287.0 0.0439672800006 10756.03272 
257.0 184.0 0.0257896799998 10774.21032 
206.0 263.0 0.0763778000003 10723.6222 
354.0 430.0 0.0113334400003 10788.66656 
383.0 137.0 0.11433448 10685.66552 
294.0 202.0 0.0243400000007 10775.66 
408.0 357.0 0.0763778000003 10723.6222 
472.0 238.0 0.0763778000003 10723.6222 
266.0 464.0 0.11433448 10685.66552 
437.0 55.0 0.11433448 10685.66552 
421.0 430.0 0.0763778000003 10723.6222 
189.0 304.0 0.00612000000017 10793.88 
