250.0 250.0
156.0 246.0 0.0495448000003 10750.4552 
120.0 165.0 0.1086694 10691.3306 
106.0 94.0 0.0398404800003 10760.15952 
134.0 225.0 0.0831012400019 10716.89876 
154.0 72.0 0.0395661200005 10760.43388 
82.0 157.0 0.0745187200001 10725.48128 
119.0 203.0 0.200299200003 10599.7008 
175.0 264.0 0.0781396000017 10721.8604 
56.0 156.0 0.0269677200005 10773.03228 
195.0 72.0 0.00626000000017 10793.74 
161.0 227.0 0.200525920003 10599.47408 
186.0 130.0 0.0185400000005 10781.46 
202.0 233.0 0.0499400000014 10750.06 
62.0 57.0 0.0763778000003 10723.6222 
260.0 232.0 0.0115315199998 10788.46848 
108.0 314.0 0.00626000000017 10793.74 
89.0 312.0 0.0108298000003 10789.1702 
217.0 317.0 0.00650000000018 10793.5 
13.0 118.0 0.0763778000003 10723.6222 
253.0 251.0 0.00640559999977 10793.5944 
288.0 160.0 0.00642000000018 10793.58 
263.0 128.0 0.0275931600001 10772.40684 
192.0 298.0 0.0257380000005 10774.262 
147.0 93.0 0.0717496400002 10728.25036 
161.0 124.0 0.0553098800006 10744.69012 
