250.0 250.0
177.0 249.0 0.0777608000005 10722.2392 
244.0 316.0 0.0201000000005 10779.9 
266.0 372.0 0.0777608000005 10722.2392 
248.0 211.0 0.025677 10774.323 
307.0 343.0 0.0457734000006 10754.2266 
231.0 331.0 0.0116220000001 10788.378 
360.0 279.0 0.0777608000005 10722.2392 
124.0 211.0 0.0777608000005 10722.2392 
338.0 184.0 0.0128030000001 10787.197 
432.0 164.0 0.0777608000005 10722.2392 
272.0 317.0 0.0416520000002 10758.348 
435.0 226.0 0.0777608000005 10722.2392 
319.0 339.0 0.0304000000001 10769.6 
132.0 322.0 0.00562000000016 10794.38 
311.0 295.0 0.0127800000004 10787.22 
405.0 235.0 0.0777608000005 10722.2392 
51.0 371.0 0.0777608000005 10722.2392 
483.0 174.0 0.0777608000005 10722.2392 
36.0 175.0 0.0777608000005 10722.2392 
493.0 120.0 0.0777608000005 10722.2392 
59.0 278.0 0.0777608000005 10722.2392 
155.0 352.0 0.0216819600002 10778.31804 
341.0 208.0 0.00590000000017 10794.1 
312.0 96.0 0.11433448 10685.66552 
396.0 330.0 0.11433448 10685.66552 
