250.0 250.0
168.0 203.0 0.0245200000007 10775.48 
237.0 192.0 0.0294969999998 10770.503 
240.0 165.0 0.00614000000017 10793.86 
186.0 168.0 0.11874296 10681.25704 
309.0 226.0 0.0253878000002 10774.6122 
316.0 175.0 0.119715960001 10680.28404 
369.0 160.0 0.00576000000016 10794.24 
135.0 134.0 0.0538049600004 10746.19504 
177.0 289.0 0.0763778000003 10723.6222 
147.0 374.0 0.0763778000003 10723.6222 
244.0 340.0 0.0763778000003 10723.6222 
359.0 134.0 0.0146995200001 10785.30048 
195.0 392.0 0.0763778000003 10723.6222 
179.0 143.0 0.0570688800011 10742.93112 
64.0 384.0 0.00622000000017 10793.78 
76.0 301.0 0.0763778000003 10723.6222 
238.0 436.0 0.0763778000003 10723.6222 
242.0 163.0 0.00623823999992 10793.76176 
25.0 355.0 0.03560328 10764.39672 
211.0 104.0 0.0763778000003 10723.6222 
314.0 136.0 0.0747770000006 10725.223 
183.0 144.0 0.0631740000012 10736.826 
296.0 94.0 0.0455699200005 10754.43008 
112.0 438.0 0.0763778000003 10723.6222 
277.0 205.0 0.0313400000009 10768.66 
