250.0 250.0
325.0 204.0 0.103475680001 10696.52432 
289.0 288.0 0.0322980800004 10767.70192 
369.0 288.0 0.0309200000009 10769.08 
420.0 271.0 0.181079360002 10618.92064 
465.0 235.0 0.0529075200012 10747.09248 
374.0 270.0 0.182988000001 10617.012 
340.0 152.0 0.0934020000009 10706.598 
200.0 336.0 0.0610431200001 10738.95688 
308.0 153.0 0.14509232 10654.90768 
139.0 280.0 0.0411182000001 10758.8818 
282.0 255.0 0.0444332400008 10755.56676 
221.0 301.0 0.0493200000014 10750.68 
230.0 353.0 0.0456636000006 10754.3364 
183.0 211.0 0.00590000000017 10794.1 
121.0 323.0 0.094474480001 10705.52552 
457.0 244.0 0.129104080001 10670.89592 
371.0 119.0 0.0483260000008 10751.674 
496.0 269.0 0.0526112800005 10747.38872 
413.0 206.0 0.0184000000005 10781.6 
125.0 142.0 0.0633332000009 10736.6668 
449.0 231.0 0.113952800001 10686.0472 
60.0 135.0 0.0468342800002 10753.16572 
134.0 138.0 0.0379505600001 10762.04944 
296.0 68.0 0.094474480001 10705.52552 
478.0 202.0 0.062771200001 10737.2288 
235.0 29.0 0.094474480001 10705.52552 
132.0 141.0 0.0379386000003 10762.0614 
272.0 339.0 0.112268000002 10687.732 
258.0 371.0 0.0717864000005 10728.2136 
481.0 288.0 0.094474480001 10705.52552 
365.0 233.0 0.294111520003 10505.88848 
143.0 132.0 0.0713784800001 10728.62152 
240.0 315.0 0.06970616 10730.29384 
367.0 334.0 0.00618000000017 10793.82 
174.0 142.0 0.0435400000012 10756.46 
107.0 143.0 0.079775040001 10720.22496 
310.0 198.0 0.0684800000019 10731.52 
249.0 138.0 0.00610000000017 10793.9 
437.0 104.0 0.094474480001 10705.52552 
74.0 392.0 0.00610000000017 10793.9 
428.0 290.0 0.0363620000007 10763.638 
137.0 213.0 0.0309159999998 10769.084 
118.0 366.0 0.00610000000017 10793.9 
84.0 405.0 0.00938179999998 10790.6182 
360.0 160.0 0.0305092800007 10769.49072 
168.0 128.0 0.0215896000005 10778.4104 
208.0 432.0 0.00610000000017 10793.9 
388.0 378.0 0.0355597199998 10764.44028 
265.0 389.0 0.0226407600003 10777.35924 
182.0 270.0 0.0787800800006 10721.21992 
