250.0 250.0
240.0 185.0 0.0442400000012 10755.76 
220.0 334.0 0.0354431999999 10764.5568 
312.0 214.0 0.0874120000017 10712.588 
250.0 291.0 0.297061960003 10502.93804 
294.0 380.0 0.0867918400017 10713.20816 
379.0 257.0 0.0859848000008 10714.0152 
190.0 297.0 0.0125200000003 10787.48 
287.0 244.0 0.175948600001 10624.0514 
309.0 267.0 0.0785787600018 10721.42124 
306.0 338.0 0.255630800002 10544.3692 
328.0 269.0 0.0786448000014 10721.3552 
195.0 388.0 0.0160272000001 10783.9728 
380.0 165.0 0.0859848000008 10714.0152 
354.0 271.0 0.0482536400007 10751.74636 
275.0 159.0 0.0643862000014 10735.6138 
262.0 233.0 0.12001384 10679.98616 
161.0 329.0 0.0289476 10771.0524 
324.0 122.0 0.0183200000005 10781.68 
273.0 472.0 0.0859848000008 10714.0152 
397.0 305.0 0.0859848000008 10714.0152 
458.0 155.0 0.0859848000008 10714.0152 
263.0 385.0 0.0859848000008 10714.0152 
316.0 184.0 0.0589182000011 10741.0818 
207.0 377.0 0.0127200000004 10787.28 
130.0 220.0 0.0329299600002 10767.07004 
184.0 394.0 0.00648000000018 10793.52 
295.0 43.0 0.0427316800002 10757.26832 
121.0 393.0 0.0859848000008 10714.0152 
264.0 244.0 0.0704939200019 10729.50608 
405.0 385.0 0.0336808000005 10766.3192 
180.0 140.0 0.0309780800005 10769.02192 
236.0 143.0 0.052882400001 10747.1176 
373.0 376.0 0.0945704000002 10705.4296 
392.0 24.0 0.0859848000008 10714.0152 
184.0 410.0 0.0336892800004 10766.31072 
321.0 79.0 0.0690576800006 10730.94232 
260.0 171.0 0.056237600001 10743.7624 
208.0 150.0 0.0830843600004 10716.91564 
154.0 259.0 0.00634000000017 10793.66 
184.0 211.0 0.0859848000008 10714.0152 
332.0 354.0 0.125296160003 10674.70384 
284.0 191.0 0.196188480002 10603.81152 
317.0 357.0 0.0820353600022 10717.96464 
324.0 87.0 0.0338530000002 10766.147 
357.0 488.0 0.0859848000008 10714.0152
310.0 372.0 0.091181600002 10708.8184 
109.0 470.0 0.0859848000008 10714.0152 
54.0 255.0 0.0859848000008 10714.0152 
269.0 333.0 0.364545000002 10435.455 
120.0 155.0 0.0859848000008 10714.0152 
