250.0 250.0
177.0 301.0 0.06622656 10733.77344 
239.0 263.0 0.0228656000005 10777.1344 
159.0 386.0 0.0472715600007 10752.72844 
191.0 440.0 0.114192 10685.808 
293.0 318.0 0.0472715600007 10752.72844 
241.0 259.0 0.0213772800005 10778.62272 
219.0 376.0 0.205286560002 10594.71344 
248.0 385.0 0.238011760004 10561.98824 
216.0 312.0 0.0796800000022 10720.32 
344.0 398.0 0.00636000000018 10793.64 
266.0 429.0 0.0974824000005 10702.5176 
215.0 384.0 0.121885760003 10678.11424 
110.0 439.0 0.0149567999998 10785.0432 
142.0 336.0 0.0451500000005 10754.85 
221.0 250.0 0.0295611200004 10770.43888 
221.0 370.0 0.119075600003 10680.9244 
335.0 436.0 0.025758 10774.242 
306.0 272.0 0.0377394400005 10762.26056 
194.0 303.0 0.0259306800006 10774.06932 
245.0 366.0 0.226256200004 10573.7438 
408.0 377.0 0.00618000000017 10793.82 
268.0 209.0 0.306677800003 10493.3222 
109.0 412.0 0.00608000000017 10793.92 
266.0 324.0 0.225280480002 10574.71952 
266.0 392.0 0.100421440002 10699.57856 
239.0 180.0 0.280041520002 10519.95848 
179.0 470.0 0.0612812800011 10738.71872 
429.0 406.0 0.02202552 10777.97448 
100.0 253.0 0.0472715600007 10752.72844 
182.0 190.0 0.0610936000005 10738.9064 
85.0 265.0 0.0472715600007 10752.72844 
288.0 239.0 0.110323000001 10689.677 
146.0 225.0 0.0303510400003 10769.64896 
147.0 224.0 0.0449288000003 10755.0712 
220.0 156.0 0.129118760001 10670.88124 
202.0 174.0 0.147043200002 10652.9568 
333.0 154.0 0.01509192 10784.90808 
212.0 119.0 0.0488692000008 10751.1308 
219.0 311.0 0.104760000003 10695.24 
377.0 309.0 0.0472715600007 10752.72844 
331.0 181.0 0.00612000000017 10793.88 
219.0 485.0 0.0401460000005 10759.854 
170.0 255.0 0.0241000000007 10775.9 
245.0 473.0 0.0474495600002 10752.55044 
234.0 350.0 0.378613200004 10421.3868 
82.0 324.0 0.0472715600007 10752.72844 
258.0 125.0 0.0607296000007 10739.2704 
152.0 166.0 0.0373814400005 10762.61856 
210.0 404.0 0.141010400002 10658.9896 
472.0 496.0 0.0472715600007 10752.72844 
