250.0 250.0
261.0 154.0 0.505302200009 10294.6978 
254.0 92.0 0.418684000004 10381.316 
200.0 39.0 0.0450920000007 10754.908 
278.0 29.0 0.0901021600019 10709.89784 
341.0 43.0 0.0976880000009 10702.312 
123.0 49.0 0.00660000000018 10793.4 
125.0 119.0 0.0574188000003 10742.5812 
211.0 135.0 0.158384000003 10641.616 
295.0 57.0 0.185556800003 10614.4432 
280.0 31.0 0.0859720000018 10714.028 
311.0 119.0 0.323414560002 10476.58544 
274.0 50.0 0.0816859600019 10718.31404 
380.0 131.0 0.0694956000004 10730.5044 
347.0 130.0 0.145098800002 10654.9012 
297.0 143.0 0.178528840004 10621.47116 
212.0 293.0 0.00596000000017 10794.04 
143.0 202.0 0.0859848000008 10714.0152 
274.0 141.0 0.446048800008 10353.9512 
164.0 112.0 0.0124200000003 10787.58 
346.0 203.0 0.0166242 10783.3758 
304.0 100.0 0.302176000006 10497.824 
214.0 81.0 0.119818040002 10680.18196 
346.0 204.0 0.0119000000003 10788.1 
224.0 143.0 0.257563520006 10542.43648 
360.0 201.0 0.0230287199998 10776.97128 
236.0 86.0 0.0745752000019 10725.4248 
341.0 93.0 0.160558080003 10639.44192 
458.0 113.0 0.0859848000008 10714.0152 
268.0 156.0 0.118460000003 10681.54 
240.0 172.0 0.354014000002 10445.986 
333.0 229.0 0.0119000000003 10788.1 
374.0 50.0 0.0306732000004 10769.3268 
354.0 114.0 0.114508800003 10685.4912 
101.0 47.0 0.0130416 10786.9584 
300.0 56.0 0.128979040003 10671.02096 
167.0 273.0 0.034866 10765.134 
287.0 70.0 0.233878760005 10566.12124 
93.0 227.0 0.0859848000008 10714.0152 
86.0 284.0 0.0859848000008 10714.0152
320.0 63.0 0.105534840002 10694.46516 
88.0 119.0 0.0348480000003 10765.152 
135.0 318.0 0.0859848000008 10714.0152 
284.0 130.0 0.460011000008 10339.989 
341.0 219.0 0.00618000000017 10793.82 
214.0 242.0 0.0235103999998 10776.4896 
258.0 173.0 0.180780000005 10619.22 
260.0 153.0 0.290358160008 10509.64184 
30.0 89.0 0.0859848000008 10714.0152 
231.0 134.0 0.307800000008 10492.2 
421.0 114.0 0.0430480000002 10756.952 
