250.0 250.0
344.0 277.0 0.414618800006 10385.3812 
408.0 253.0 0.0273164800005 10772.68352 
387.0 337.0 0.281412160004 10518.58784 
431.0 323.0 0.0346244000003 10765.3756 
379.0 375.0 0.149652400002 10650.3476 
468.0 214.0 0.0070273599998 10792.97264 
160.0 246.0 0.0859848000008 10714.0152 
462.0 378.0 0.0510727200002 10748.92728 
297.0 224.0 0.344171920009 10455.82808 
335.0 339.0 0.176254480003 10623.74552 
427.0 345.0 0.101649920001 10698.35008 
418.0 420.0 0.0273214800004 10772.67852 
382.0 264.0 0.236217520005 10563.78248 
325.0 376.0 0.110639000002 10689.361 
318.0 361.0 0.151083200003 10648.9168 
389.0 376.0 0.159316800003 10640.6832 
253.0 297.0 0.353506240003 10446.49376 
274.0 304.0 0.111484000003 10688.516 
419.0 413.0 0.0439388800003 10756.06112 
393.0 414.0 0.0991884000018 10700.8116 
352.0 310.0 0.365014440001 10434.98556 
187.0 313.0 0.00616000000017 10793.84 
198.0 184.0 0.0273061200002 10772.69388 
276.0 182.0 0.0446704000003 10755.3296 
292.0 319.0 0.320921600004 10479.0784 
148.0 120.0 0.0859848000008 10714.0152 
491.0 133.0 0.02013444 10779.86556 
263.0 372.0 0.0859848000008 10714.0152 
287.0 219.0 0.295096000006 10504.904 
266.0 238.0 0.319212000004 10480.788 
363.0 348.0 0.315842200004 10484.1578 
467.0 209.0 0.00668000000018 10793.32 
404.0 322.0 0.0192800000005 10780.72 
300.0 237.0 0.553125320001 10246.87468 
341.0 244.0 0.608859600007 10191.1404 
359.0 408.0 0.0692072000012 10730.7928 
239.0 184.0 0.00626000000017 10793.74 
234.0 101.0 0.0859848000008 10714.0152 
486.0 432.0 0.0859848000008 10714.0152 
115.0 286.0 0.0859848000008 10714.0152 
464.0 113.0 0.00618000000017 10793.82 
83.0 332.0 0.0859848000008 10714.0152 
116.0 67.0 0.0859848000008 10714.0152 
166.0 320.0 0.0121968 10787.8032 
114.0 196.0 0.0859848000008 10714.0152 
426.0 173.0 0.0859848000008 10714.0152 
299.0 359.0 0.155974720002 10644.02528 
408.0 313.0 0.0641569200014 10735.84308 
367.0 358.0 0.116937200003 10683.0628 
352.0 419.0 0.0859848000008 10714.0152 
