250.0 250.0
222.0 295.0 0.284080800004 10515.9192 
273.0 345.0 0.0992957600026 10700.70424 
337.0 405.0 0.0755657600014 10724.43424 
290.0 261.0 0.188717240002 10611.28276 
360.0 239.0 0.0344062800004 10765.59372 
374.0 300.0 0.00608000000017 10793.92 
149.0 237.0 0.0352600000005 10764.74 
328.0 460.0 0.0716240000005 10728.376 
299.0 291.0 0.0539950400011 10746.00496 
234.0 335.0 0.292530080004 10507.46992 
319.0 377.0 0.037360000001 10762.64 
415.0 363.0 0.00903000000025 10790.97 
382.0 290.0 0.00807424000013 10791.92576 
461.0 285.0 0.0289104000003 10771.0896 
264.0 493.0 0.00616456000002 10793.83544 
194.0 474.0 0.0859848000008 10714.0152 
337.0 487.0 0.0341676000007 10765.8324 
319.0 271.0 0.0541236800012 10745.87632 
310.0 196.0 0.00658000000018 10793.42 
311.0 431.0 0.150888960002 10649.11104 
83.0 238.0 0.00580000000016 10794.2 
324.0 467.0 0.0551730000011 10744.827 
224.0 262.0 0.162079200001 10637.9208 
289.0 401.0 0.221972000003 10578.028 
489.0 333.0 0.0859848000008 10714.0152 
410.0 348.0 0.00602000000017 10793.98 
152.0 360.0 0.0859848000008 10714.0152 
326.0 254.0 0.0806614000009 10719.3386 
263.0 492.0 0.00614000000017 10793.86 
247.0 166.0 0.054910000001 10745.09 
248.0 140.0 0.0859848000008 10714.0152 
165.0 239.0 0.0976758000017 10702.3242 
32.0 254.0 0.0859848000008 10714.0152 
439.0 249.0 0.00634000000017 10793.66 
78.0 229.0 0.00702960000021 10792.9704 
280.0 317.0 0.00636000000018 10793.64 
391.0 461.0 0.0859848000008 10714.0152 
122.0 222.0 0.0587332800004 10741.26672 
298.0 80.0 0.0859848000008 10714.0152 
250.0 175.0 0.0600745600016 10739.92544 
344.0 31.0 0.0859848000008 10714.0152 
119.0 415.0 0.0859848000008 10714.0152 
320.0 201.0 0.00822499999993 10791.775 
271.0 361.0 0.276356200003 10523.6438 
255.0 197.0 0.113733120002 10686.26688 
240.0 263.0 0.196752680003 10603.24732 
157.0 122.0 0.0859848000008 10714.0152 
195.0 226.0 0.181519040002 10618.48096 
259.0 226.0 0.180181640004 10619.81836 
83.0 149.0 0.0341676000007 10765.8324 
