250.0 250.0
207.0 161.0 0.0719800000014 10728.02 
230.0 68.0 0.0472715600007 10752.72844 
170.0 53.0 0.0179600000005 10782.04 
183.0 11.0 0.0355479600004 10764.45204 
131.0 147.0 0.0445100000002 10755.49 
285.0 182.0 0.0472715600007 10752.72844 
177.0 196.0 0.0859848000008 10714.0152 
150.0 61.0 0.0173195200004 10782.68048 
303.0 134.0 0.0123000000003 10787.7 
52.0 143.0 0.0472715600007 10752.72844 
197.0 238.0 0.0419400000012 10758.06 
311.0 36.0 0.0859848000008 10714.0152 
373.0 159.0 0.0188600000005 10781.14 
147.0 239.0 0.0344650400008 10765.53496 
156.0 223.0 0.0598056800011 10740.19432 
72.0 223.0 0.00620000000017 10793.8 
354.0 99.0 0.0411190400004 10758.88096 
360.0 134.0 0.0450935200006 10754.90648 
171.0 142.0 0.0882451200001 10711.75488 
61.0 281.0 0.0122400000003 10787.76 
149.0 34.0 0.0276802400002 10772.31976 
58.0 305.0 0.0335612000001 10766.4388 
173.0 146.0 0.0466020000003 10753.398 
333.0 285.0 0.0190535200002 10780.94648 
309.0 264.0 0.00628000000017 10793.72 
309.0 133.0 0.0241992000002 10775.8008 
361.0 357.0 0.0192200000005 10780.78 
360.0 119.0 0.0475401600003 10752.45984 
285.0 310.0 0.0266598400005 10773.34016 
377.0 282.0 0.0859848000008 10714.0152 
187.0 318.0 0.0220661999999 10777.9338 
171.0 285.0 0.00598000000017 10794.02 
84.0 338.0 0.00604000000017 10793.96 
185.0 200.0 0.0744366400009 10725.56336 
303.0 398.0 0.0859848000008 10714.0152 
54.0 258.0 0.0314476000001 10768.5524 
279.0 286.0 0.0745110400003 10725.48896 
144.0 165.0 0.0607240000011 10739.276 
228.0 145.0 0.0107753600003 10789.22464 
214.0 159.0 0.0242200000007 10775.78 
17.0 394.0 0.0245640000001 10775.436 
373.0 441.0 0.0479424000007 10752.0576 
176.0 238.0 0.0348969200004 10765.10308 
211.0 19.0 0.00606000000017 10793.94 
49.0 410.0 0.00690000000019 10793.1 
375.0 422.0 0.0333206000007 10766.6794 
14.0 98.0 0.0859848000008 10714.0152 
366.0 400.0 0.104316560001 10695.68344 
288.0 125.0 0.0257476000004 10774.2524 
438.0 255.0 0.0859848000008 10714.0152 
