250.0 250.0
177.0 246.0 0.0859848000008 10714.0152 
202.0 324.0 0.0542745600007 10745.72544 
247.0 235.0 0.114784320003 10685.21568 
214.0 315.0 0.071520000002 10728.48 
121.0 317.0 0.00638000000018 10793.62 
281.0 388.0 0.0605463200015 10739.45368 
239.0 358.0 0.378988640001 10421.01136 
280.0 194.0 0.159577600002 10640.4224 
301.0 192.0 0.0417598000008 10758.2402 
253.0 206.0 0.147286800002 10652.7132 
292.0 367.0 0.046173480001 10753.82652 
387.0 352.0 0.0859848000008 10714.0152 
201.0 138.0 0.0266462 10773.3538 
203.0 145.0 0.0187800000005 10781.22 
272.0 364.0 0.166075000003 10633.925 
291.0 188.0 0.0517281600008 10748.27184 
230.0 359.0 0.158701920002 10641.29808 
169.0 194.0 0.0466540000002 10753.346 
88.0 257.0 0.0859848000008 10714.0152 
207.0 376.0 0.146299520003 10653.70048 
335.0 330.0 0.00598000000017 10794.02 
124.0 425.0 0.0194200000005 10780.58 
65.0 426.0 0.0404349600004 10759.56504 
331.0 140.0 0.00660000000018 10793.4 
6.0 476.0 0.0859848000008 10714.0152 
470.0 352.0 0.0859848000008 10714.0152 
93.0 463.0 0.0996560000007 10700.344 
177.0 97.0 0.0547312800008 10745.26872 
42.0 457.0 0.0459680000003 10754.032 
309.0 360.0 0.057944600001 10742.0554 
88.0 316.0 0.0202883999998 10779.7116 
174.0 125.0 0.0403905600005 10759.60944 
358.0 131.0 0.0172920000002 10782.708 
55.0 426.0 0.0210064000007 10778.9936 
63.0 419.0 0.0195600000005 10780.44 
157.0 488.0 0.0124303200002 10787.56968 
236.0 400.0 0.133504840003 10666.49516 
158.0 414.0 0.0427360800004 10757.26392 
231.0 203.0 0.221923200003 10578.0768 
12.0 312.0 0.0859848000008 10714.0152 
67.0 364.0 0.0859848000008 10714.0152 
203.0 403.0 0.0665764000014 10733.4236 
180.0 488.0 0.00604000000017 10793.96 
196.0 231.0 0.108851840001 10691.14816 
215.0 281.0 0.0724653599999 10727.53464 
122.0 226.0 0.0859848000008 10714.0152 
283.0 154.0 0.0568534000011 10743.1466 
70.0 498.0 0.0489623200004 10751.03768 
235.0 388.0 0.0940588000022 10705.9412 
118.0 428.0 0.0340478000006 10765.9522 
