250.0 250.0
221.0 203.0 0.00610000000017 10793.9 
173.0 247.0 0.037800000001 10762.2 
104.0 290.0 0.0252300000005 10774.77 
296.0 170.0 0.0393464400007 10760.65356 
284.0 138.0 0.163807200001 10636.1928 
225.0 69.0 0.0125452800002 10787.45472 
150.0 327.0 0.0560306400005 10743.96936 
68.0 253.0 0.00610000000017 10793.9 
137.0 267.0 0.0492648000005 10750.7352 
90.0 195.0 0.0950934000012 10704.9066 
147.0 182.0 0.0503200400005 10749.67996 
228.0 76.0 0.0180400000005 10781.96 
246.0 51.0 0.0353124800005 10764.68752 
297.0 184.0 0.036880000001 10763.12 
133.0 100.0 0.00632000000017 10793.68 
214.0 153.0 0.00610000000017 10793.9 
283.0 92.0 0.115503720002 10684.49628 
158.0 20.0 0.00610000000017 10793.9 
130.0 222.0 0.149774080001 10650.22592 
361.0 117.0 0.03686604 10763.13396 
443.0 157.0 0.00914783999983 10790.85216 
174.0 423.0 0.00620000000017 10793.8 
482.0 222.0 0.00610000000017 10793.9 
198.0 312.0 0.0331824000004 10766.8176 
287.0 102.0 0.0589834000011 10741.0166 
430.0 149.0 0.00624000000017 10793.76 
53.0 364.0 0.00610000000017 10793.9 
280.0 50.0 0.0533616400009 10746.63836 
327.0 136.0 0.0124200000003 10787.58 
71.0 194.0 0.0296749600005 10770.32504 
132.0 315.0 0.0303743200007 10769.62568 
466.0 98.0 0.01882496 10781.17504 
10.0 249.0 0.00610000000017 10793.9 
65.0 239.0 0.0151410000003 10784.859 
125.0 61.0 0.0263543999999 10773.6456 
327.0 98.0 0.0669289600007 10733.07104 
154.0 361.0 0.0311820800004 10768.81792 
432.0 288.0 0.00610000000017 10793.9 
222.0 285.0 0.0665578000003 10733.4422 
73.0 453.0 0.00610000000017 10793.9 
29.0 72.0 0.00590000000017 10794.1 
376.0 214.0 0.00610000000017 10793.9 
135.0 293.0 0.0243400000007 10775.66 
148.0 216.0 0.0746336800009 10725.36632 
238.0 32.0 0.0435464000004 10756.4536 
32.0 34.0 0.0230454 10776.9546 
314.0 195.0 0.0165612000005 10783.4388 
172.0 91.0 0.00610000000017 10793.9 
153.0 436.0 0.0137640000003 10786.236 
434.0 96.0 0.00616000000017 10793.84 
