250.0 250.0
313.0 223.0 0.0318748000006 10768.1252 
227.0 234.0 0.0403140000007 10759.686 
176.0 294.0 0.0909352000004 10709.0648 
257.0 227.0 0.313838480003 10486.16152 
239.0 227.0 0.247344000006 10552.656 
205.0 305.0 0.0248000000007 10775.2 
185.0 189.0 0.186471400002 10613.5286 
258.0 161.0 0.111730720003 10688.26928 
381.0 160.0 0.0153180000001 10784.682 
106.0 164.0 0.138421560003 10661.57844 
141.0 188.0 0.348106920004 10451.89308 
282.0 208.0 0.176611600003 10623.3884 
210.0 96.0 0.00610000000017 10793.9 
124.0 171.0 0.150529600002 10649.4704 
46.0 195.0 0.00610000000017 10793.9 
101.0 141.0 0.153584320002 10646.41568 
98.0 194.0 0.0817758000014 10718.2242 
239.0 196.0 0.494801200008 10305.1988 
233.0 171.0 0.102375040003 10697.62496 
93.0 100.0 0.0708098000012 10729.1902 
265.0 313.0 0.00594000000017 10794.06 
409.0 230.0 0.00610000000017 10793.9 
120.0 29.0 0.0817758000014 10718.2242 
35.0 131.0 0.00598000000017 10794.02 
229.0 242.0 0.130523000003 10669.477 
89.0 106.0 0.0842440400009 10715.75596 
30.0 106.0 0.0137540000001 10786.246 
394.0 82.0 0.0817758000014 10718.2242 
315.0 86.0 0.0817758000014 10718.2242 
410.0 162.0 0.0278660000004 10772.134 
85.0 85.0 0.0303902400008 10769.60976 
197.0 188.0 0.436756800003 10363.2432 
229.0 365.0 0.0817758000014 10718.2242 
93.0 279.0 0.0243612000002 10775.6388 
154.0 107.0 0.0817758000014 10718.2242 
273.0 444.0 0.0123800000003 10787.62 
157.0 266.0 0.0974618000011 10702.5382 
114.0 271.0 0.081800880001 10718.19912 
220.0 382.0 0.00624000000017 10793.76 
366.0 439.0 0.0817758000014 10718.2242 
441.0 35.0 0.0817758000014 10718.2242 
177.0 365.0 0.0329222399997 10767.07776 
243.0 190.0 0.306690200008 10493.3098 
291.0 342.0 0.0239619599997 10776.03804 
385.0 177.0 0.0177000000005 10782.3 
38.0 276.0 0.0472715600007 10752.72844 
432.0 185.0 0.03881232 10761.18768 
270.0 461.0 0.0256984799999 10774.30152 
325.0 143.0 0.0817758000014 10718.2242 
221.0 467.0 0.0472715600007 10752.72844 
