250.0 250.0
167.0 286.0 0.101601000002 10698.399 
104.0 284.0 0.0222969599999 10777.70304 
29.0 296.0 0.00652000000018 10793.48 
253.0 303.0 0.109220000002 10690.78 
249.0 241.0 0.118857440003 10681.14256 
292.0 384.0 0.0683400000019 10731.66 
23.0 262.0 0.0582000800007 10741.79992 
375.0 430.0 0.137202240002 10662.79776 
68.0 329.0 0.0169500800003 10783.04992 
264.0 288.0 0.172408800003 10627.5912 
114.0 248.0 0.0381800000011 10761.82 
226.0 356.0 0.0508683200007 10749.13168 
313.0 414.0 0.319347880003 10480.65212 
161.0 295.0 0.203336560002 10596.66344 
179.0 270.0 0.0703570000018 10729.643 
197.0 345.0 0.0313612000007 10768.6388 
268.0 326.0 0.055387200001 10744.6128 
288.0 287.0 0.0383625200005 10761.63748 
240.0 187.0 0.0250200000007 10774.98 
331.0 473.0 0.0470735600006 10752.92644 
270.0 396.0 0.0986400000027 10701.36 
188.0 258.0 0.394542000004 10405.458 
112.0 226.0 0.0387416000007 10761.2584 
285.0 457.0 0.0691699200015 10730.83008 
182.0 270.0 0.0871960000024 10712.804 
102.0 367.0 0.0226435200001 10777.35648 
414.0 465.0 0.116096000002 10683.904 
292.0 439.0 0.127802600003 10672.1974 
237.0 265.0 0.190820240003 10609.17976 
289.0 270.0 0.118538640002 10681.46136 
42.0 216.0 0.150131280001 10649.86872 
89.0 229.0 0.102360400002 10697.6396 
350.0 462.0 0.124564680003 10675.43532 
365.0 322.0 0.0124000000003 10787.6 
308.0 445.0 0.161222720004 10638.77728 
402.0 486.0 0.0183163200006 10781.68368 
152.0 443.0 0.0173400000005 10782.66 
277.0 183.0 0.0581456800007 10741.85432 
13.0 176.0 0.0567895200007 10743.21048 
228.0 428.0 0.00672000000018 10793.28 
353.0 422.0 0.296404960003 10503.59504 
84.0 332.0 0.0127600000004 10787.24 
284.0 230.0 0.10777872 10692.22128 
326.0 277.0 0.0382376 10761.7624 
27.0 422.0 0.0210426400002 10778.95736 
337.0 431.0 0.164209200004 10635.7908 
46.0 449.0 0.0166088000003 10783.3912 
417.0 424.0 0.160512000002 10639.488 
191.0 334.0 0.138135000001 10661.865 
317.0 205.0 0.0537648000008 10746.2352 
327.0 462.0 0.0957376000018 10704.2624 
398.0 482.0 0.0492854000012 10750.7146 
179.0 196.0 0.0441054000011 10755.8946 
207.0 492.0 0.0430161600008 10756.98384 
235.0 454.0 0.0224240000004 10777.576 
397.0 368.0 0.00612000000017 10793.88 
52.0 431.0 0.0122600000003 10787.74 
193.0 193.0 0.1239884 10676.0116 
106.0 267.0 0.0257000000007 10774.3 
295.0 434.0 0.161439600001 10638.5604 
438.0 417.0 0.054564960001 10745.43504 
175.0 199.0 0.0199750000005 10780.025 
96.0 331.0 0.0127600000004 10787.24 
207.0 499.0 0.0466832800009 10753.31672 
249.0 401.0 0.054564960001 10745.43504 
400.0 301.0 0.0598368000001 10740.1632 
226.0 160.0 0.0358610000007 10764.139 
158.0 93.0 0.054564960001 10745.43504 
406.0 223.0 0.054564960001 10745.43504 
302.0 117.0 0.054564960001 10745.43504 
426.0 339.0 0.0444688000002 10755.5312 
281.0 449.0 0.0542383200013 10745.76168 
183.0 468.0 0.0841024800006 10715.89752 
110.0 45.0 0.054564960001 10745.43504 
18.0 73.0 0.054564960001 10745.43504 
