250.0 250.0
292.0 300.0 0.426420000005 10373.58 
239.0 233.0 0.102826000003 10697.174 
352.0 368.0 0.139766960001 10660.23304 
342.0 429.0 0.1652788 10634.7212 
413.0 425.0 0.0733479200018 10726.65208 
414.0 414.0 0.144982720002 10655.01728 
247.0 329.0 0.111627520003 10688.37248 
252.0 311.0 0.128717840002 10671.28216 
409.0 363.0 0.268800800003 10531.1992 
435.0 449.0 0.0935630400018 10706.43696 
331.0 305.0 0.147927040003 10652.07296 
283.0 232.0 0.117768120003 10682.23188 
449.0 500.0 0.0486496000006 10751.3504 
431.0 333.0 0.0393579200009 10760.64208 
337.0 403.0 0.096810000001 10703.19 
383.0 498.0 0.0123590400001 10787.64096 
383.0 476.0 0.00628000000017 10793.72 
313.0 343.0 0.220111600002 10579.8884 
307.0 333.0 0.127606640003 10672.39336 
189.0 392.0 0.0608992000006 10739.1008 
447.0 359.0 0.126028320003 10673.97168 
272.0 260.0 0.221382560001 10578.61744 
391.0 268.0 0.019045 10780.955 
427.0 187.0 0.213018720001 10586.98128 
387.0 436.0 0.144605280002 10655.39472 
426.0 379.0 0.119122800003 10680.8772 
423.0 325.0 0.0806800000022 10719.32 
106.0 352.0 0.054564960001 10745.43504 
491.0 403.0 0.054564960001 10745.43504 
435.0 183.0 0.0561592000012 10743.8408 
230.0 375.0 0.0892810000015 10710.719 
433.0 316.0 0.0245000000007 10775.5 
369.0 319.0 0.0497224000008 10750.2776 
211.0 165.0 0.054564960001 10745.43504 
196.0 307.0 0.054564960001 10745.43504 
446.0 451.0 0.107530600001 10692.4694 
353.0 332.0 0.0680770800016 10731.92292 
178.0 362.0 0.0572980000007 10742.702 
256.0 76.0 0.054564960001 10745.43504 
27.0 389.0 0.054564960001 10745.43504
276.0 498.0 0.054564960001 10745.43504 
425.0 360.0 0.0835713600015 10716.42864 
415.0 391.0 0.128188800003 10671.8112 
459.0 136.0 0.0923050000004 10707.695 
227.0 364.0 0.123915000001 10676.085 
234.0 228.0 0.0961168000023 10703.8832 
278.0 207.0 0.0562015600005 10743.79844 
172.0 204.0 0.0246400000007 10775.36 
260.0 306.0 0.0920200000026 10707.98 
103.0 293.0 0.035116 10764.884 
365.0 251.0 0.0552200000015 10744.78 
111.0 252.0 0.052684000001 10747.316 
436.0 245.0 0.0576269600014 10742.37304 
355.0 428.0 0.0745161600016 10725.48384 
234.0 346.0 0.0179000000005 10782.1 
462.0 322.0 0.0646020000008 10735.398 
461.0 183.0 0.110622080001 10689.37792 
378.0 210.0 0.272224 10527.776 
216.0 79.0 0.054564960001 10745.43504 
500.0 344.0 0.0453323200004 10754.66768 
135.0 185.0 0.0270276000001 10772.9724 
143.0 236.0 0.1002434 10699.7566 
296.0 234.0 0.110582080002 10689.41792 
411.0 372.0 0.121804600002 10678.1954 
307.0 402.0 0.038000000001 10762.0 
417.0 229.0 0.291895360002 10508.10464 
124.0 435.0 0.054564960001 10745.43504 
222.0 479.0 0.054564960001 10745.43504 
135.0 267.0 0.0125400000003 10787.46 
215.0 102.0 0.054564960001 10745.43504 
429.0 46.0 0.054564960001 10745.43504 
460.0 127.0 0.0196702400002 10780.32976 
100.0 224.0 0.0566895600007 10743.31044 
417.0 391.0 0.127632480003 10672.36752 
377.0 101.0 0.054564960001 10745.43504 
