250.0 250.0
198.0 196.0 0.0629236000013 10737.0764 
226.0 242.0 0.147409600003 10652.5904 
296.0 203.0 0.0581731200012 10741.82688 
242.0 233.0 0.145349120003 10654.65088 
291.0 258.0 0.0836682000015 10716.3318 
262.0 259.0 0.0964790000025 10703.521 
290.0 346.0 0.035400000001 10764.6 
154.0 292.0 0.062822600001 10737.1774 
228.0 251.0 0.087903200002 10712.0968 
167.0 380.0 0.0308800000009 10769.12 
369.0 270.0 0.0790584000016 10720.9416 
151.0 253.0 0.0269080000004 10773.092 
196.0 313.0 0.0308800000009 10769.12 
386.0 226.0 0.122471680003 10677.52832 
255.0 242.0 0.130248680002 10669.75132 
143.0 386.0 0.0933571200012 10706.64288 
240.0 398.0 0.00828119999985 10791.7188 
340.0 277.0 0.0616400000017 10738.36 
207.0 450.0 0.00704000000019 10792.96 
304.0 414.0 0.0656528000006 10734.3472 
209.0 216.0 0.183227280002 10616.77272 
310.0 206.0 0.0482251200012 10751.77488 
334.0 346.0 0.0665408000006 10733.4592 
256.0 497.0 0.054564960001 10745.43504 
388.0 467.0 0.054564960001 10745.43504 
356.0 230.0 0.383964800001 10416.0352 
397.0 210.0 0.321191920004 10478.80808 
439.0 243.0 0.0568900000009 10743.11 
202.0 488.0 0.054564960001 10745.43504 
431.0 130.0 0.0480534000004 10751.9466 
115.0 146.0 0.00640000000018 10793.6 
457.0 164.0 0.077077400001 10722.9226 
203.0 121.0 0.054564960001 10745.43504 
253.0 397.0 0.00618000000017 10793.82 
37.0 85.0 0.054564960001 10745.43504 
477.0 203.0 0.0746128000009 10725.3872 
450.0 466.0 0.054564960001 10745.43504 
338.0 419.0 0.0388333600007 10761.16664 
190.0 325.0 0.0330328000009 10766.9672 
133.0 125.0 0.0161920000001 10783.808 
382.0 128.0 0.00614000000017 10793.86 
290.0 386.0 0.115664000002 10684.336 
8.0 126.0 0.054564960001 10745.43504 
453.0 63.0 0.054564960001 10745.43504 
414.0 218.0 0.136420800003 10663.5792 
293.0 328.0 0.0120800000003 10787.92 
437.0 302.0 0.00636000000018 10793.64 
298.0 221.0 0.194718800002 10605.2812 
345.0 334.0 0.054564960001 10745.43504 
168.0 441.0 0.0295961600002 10770.40384 
95.0 382.0 0.188635200003 10611.3648 
112.0 201.0 0.054564960001 10745.43504 
60.0 442.0 0.0839512000008 10716.0488 
454.0 116.0 0.0460234800005 10753.97652 
167.0 231.0 0.0184600000005 10781.54 
193.0 206.0 0.0988694000019 10701.1306 
120.0 346.0 0.0308800000009 10769.12 
183.0 347.0 0.0452006000008 10754.7994 
299.0 428.0 0.0555826000009 10744.4174 
168.0 199.0 0.0814936000013 10718.5064 
472.0 281.0 0.0275515199999 10772.44848 
349.0 133.0 0.00868608000022 10791.31392 
89.0 411.0 0.0885942400012 10711.40576 
197.0 175.0 0.0748220000014 10725.178 
163.0 233.0 0.0186968000004 10781.3032 
70.0 161.0 0.054564960001 10745.43504 
412.0 379.0 0.054564960001 10745.43504 
271.0 160.0 0.0502303200003 10749.76968 
174.0 315.0 0.0307025600005 10769.29744 
52.0 469.0 0.0295055600001 10770.49444 
433.0 181.0 0.165940400002 10634.0596 
209.0 201.0 0.133597360003 10666.40264 
335.0 133.0 0.00624000000017 10793.76 
177.0 306.0 0.0404536000012 10759.5464 
343.0 373.0 0.0278524000005 10772.1476 
