250.0 250.0
330.0 297.0 0.0458489600005 10754.15104 
414.0 335.0 0.00640000000018 10793.6 
254.0 181.0 0.126510080003 10673.48992 
306.0 263.0 0.086209880001 10713.79012 
311.0 101.0 0.0193400000005 10780.66 
188.0 106.0 0.335867200005 10464.1328 
307.0 360.0 0.0736514000006 10726.3486 
479.0 300.0 0.0590400000006 10740.96 
236.0 94.0 0.268510240004 10531.48976 
390.0 127.0 0.126986720001 10673.01328 
142.0 89.0 0.0804506000013 10719.5494 
142.0 24.0 0.0355502400005 10764.44976 
427.0 254.0 0.0414830000005 10758.517 
231.0 49.0 0.267550000004 10532.45 
389.0 177.0 0.0554800000015 10744.52 
373.0 36.0 0.0128000000004 10787.2 
412.0 251.0 0.0126400000003 10787.36 
456.0 136.0 0.0787728000015 10721.2272 
54.0 78.0 0.0139290000002 10786.071 
222.0 125.0 0.141547680004 10658.45232 
410.0 98.0 0.0646373200011 10735.36268 
342.0 11.0 0.0277020800001 10772.29792 
485.0 198.0 0.00630000000017 10793.7 
437.0 167.0 0.16571392 10634.28608 
303.0 194.0 0.0132600000004 10786.74 
184.0 101.0 0.101496000002 10698.504 
238.0 126.0 0.344060000002 10455.94 
198.0 22.0 0.172307200002 10627.6928 
170.0 115.0 0.0666612000014 10733.3388 
167.0 250.0 0.0590400000006 10740.96 
436.0 225.0 0.0224956799999 10777.50432 
342.0 250.0 0.0187000000005 10781.3 
214.0 224.0 0.10901136 10690.98864 
205.0 190.0 0.161141000004 10638.859 
253.0 282.0 0.0360975200008 10763.90248 
443.0 122.0 0.0896276400016 10710.37236 
387.0 269.0 0.0787163200001 10721.28368 
222.0 20.0 0.052455760001 10747.54424 
269.0 172.0 0.129124000003 10670.876 
138.0 95.0 0.0427006400007 10757.29936 
61.0 172.0 0.0590400000006 10740.96 
214.0 99.0 0.254588800006 10545.4112 
50.0 5.0 0.0590400000006 10740.96 
435.0 111.0 0.116348960002 10683.65104 
486.0 361.0 0.0590400000006 10740.96 
239.0 179.0 0.264335400001 10535.6646 
208.0 207.0 0.0365000000006 10763.5 
292.0 155.0 0.02767464 10772.32536 
144.0 271.0 0.0590400000006 10740.96 
288.0 71.0 0.0633798000008 10736.6202 
476.0 162.0 0.0631596000013 10736.8404 
247.0 188.0 0.125540000003 10674.46 
246.0 311.0 0.0590400000006 10740.96 
288.0 453.0 0.0590400000006 10740.96 
161.0 19.0 0.107937680001 10692.06232 
63.0 90.0 0.0114000000003 10788.6 
315.0 65.0 0.0357137600006 10764.28624 
459.0 127.0 0.0470241600008 10752.97584 
145.0 2.0 0.0378252000009 10762.1748 
242.0 420.0 0.01193504 10788.06496 
298.0 318.0 0.0250200000007 10774.98 
380.0 159.0 0.134516000001 10665.484 
454.0 417.0 0.0590400000006 10740.96 
274.0 36.0 0.0751572000013 10724.8428 
240.0 398.0 0.00604000000017 10793.96 
345.0 149.0 0.0302400000008 10769.76 
262.0 262.0 0.0475905600007 10752.40944 
84.0 63.0 0.0249252000003 10775.0748 
247.0 97.0 0.0914461600017 10708.55384 
148.0 189.0 0.0590400000006 10740.96 
392.0 22.0 0.0130222399999 10786.97776 
217.0 143.0 0.703294400011 10096.7056 
291.0 392.0 0.0364848000005 10763.5152 
434.0 368.0 0.0254592 10774.5408 
304.0 333.0 0.0280580400006 10771.94196 
