250.0 250.0
340.0 236.0 0.073340000002 10726.66 
300.0 308.0 0.0685752800017 10731.42472 
425.0 267.0 0.149738840003 10650.26116 
335.0 212.0 0.0128156400001 10787.18436 
237.0 188.0 0.135235760002 10664.76424 
397.0 302.0 0.167120000003 10632.88 
278.0 234.0 0.0818352000021 10718.1648 
400.0 256.0 0.0662260000015 10733.774 
452.0 217.0 0.0301233600006 10769.87664 
240.0 221.0 0.199837760003 10600.16224 
337.0 342.0 0.0469346000005 10753.0654 
194.0 329.0 0.0341676000007 10765.8324 
141.0 324.0 0.0188800000005 10781.12 
393.0 240.0 0.263578400001 10536.4216 
310.0 156.0 0.00570000000016 10794.3 
124.0 389.0 0.0341676000007 10765.8324 
265.0 195.0 0.108579560002 10691.42044 
272.0 246.0 0.0692000000019 10730.8 
54.0 277.0 0.0827725200018 10717.22748 
162.0 450.0 0.0345523199998 10765.44768 
77.0 318.0 0.0829320800019 10717.06792 
311.0 342.0 0.0860496000014 10713.9504 
110.0 251.0 0.0248200000007 10775.18 
254.0 374.0 0.0297185600004 10770.28144 
365.0 278.0 0.410807000002 10389.193 
353.0 425.0 0.0341676000007 10765.8324 
423.0 338.0 0.0886747200007 10711.32528 
425.0 173.0 0.00618000000017 10793.82 
267.0 361.0 0.0290190000002 10770.981 
284.0 307.0 0.221784240002 10578.21576 
294.0 346.0 0.0951069200009 10704.89308 
189.0 415.0 0.00704000000019 10792.96 
251.0 287.0 0.199022000002 10600.978 
225.0 201.0 0.101725000002 10698.275 
433.0 412.0 0.0341676000007 10765.8324 
432.0 229.0 0.0716920000004 10728.308 
143.0 180.0 0.0341676000007 10765.8324 
197.0 320.0 0.054564960001 10745.43504 
486.0 256.0 0.054564960001 10745.43504 
19.0 256.0 0.0466179200004 10753.38208 
286.0 430.0 0.0341676000007 10765.8324 
462.0 182.0 0.029822 10770.178 
47.0 281.0 0.0764777600018 10723.52224 
218.0 491.0 0.0341676000007 10765.8324 
320.0 153.0 0.00694259999991 10793.0574 
486.0 457.0 0.0367359200003 10763.26408 
226.0 203.0 0.0937032000024 10706.2968 
102.0 115.0 0.0541512000013 10745.8488 
96.0 343.0 0.12211536 10677.88464 
182.0 272.0 0.054564960001 10745.43504 
492.0 430.0 0.0341676000007 10765.8324
265.0 99.0 0.0120400000003 10787.96 
411.0 297.0 0.116061240002 10683.93876 
116.0 137.0 0.0179200000005 10782.08 
324.0 41.0 0.0341676000007 10765.8324 
451.0 470.0 0.0191108800002 10780.88912 
56.0 106.0 0.0547379200005 10745.26208 
452.0 469.0 0.0127200000004 10787.28 
65.0 121.0 0.0471458000005 10752.8542 
214.0 31.0 0.054564960001 10745.43504 
266.0 84.0 0.0147791200001 10785.22088 
65.0 251.0 0.143541000001 10656.459 
257.0 363.0 0.0249599600002 10775.04004 
243.0 344.0 0.0181200000005 10781.88 
311.0 489.0 0.054564960001 10745.43504 
360.0 204.0 0.054564960001 10745.43504 
235.0 139.0 0.0986660000008 10701.334 
202.0 235.0 0.0188400000005 10781.16 
221.0 88.0 0.0366417199998 10763.35828 
135.0 228.0 0.054564960001 10745.43504 
447.0 338.0 0.0245337600005 10775.46624 
266.0 182.0 0.0509582400007 10749.04176 
79.0 362.0 0.0463240000002 10753.676 
345.0 297.0 0.0460712800004 10753.92872 
188.0 153.0 0.0497840000004 10750.216 
