250.0 250.0
170.0 256.0 0.0457571200007 10754.24288 
309.0 245.0 0.0760163200013 10723.98368 
380.0 294.0 0.054564960001 10745.43504 
213.0 335.0 0.036920000001 10763.08 
179.0 164.0 0.0824000000012 10717.6 
96.0 320.0 0.0365740800005 10763.42592 
272.0 330.0 0.0499520800005 10750.04792 
174.0 344.0 0.186131680002 10613.86832 
114.0 249.0 0.0247800000007 10775.22 
306.0 234.0 0.0974028000016 10702.5972 
125.0 311.0 0.00632000000017 10793.68 
65.0 278.0 0.0126800000003 10787.32 
199.0 229.0 0.185627200004 10614.3728 
317.0 156.0 0.0436800000012 10756.32 
232.0 280.0 0.155235040004 10644.76496 
328.0 85.0 0.0389012000008 10761.0988 
279.0 292.0 0.121173600001 10678.8264 
245.0 255.0 0.125276000004 10674.724 
206.0 254.0 0.413233280003 10386.76672 
204.0 252.0 0.244190400005 10555.8096 
403.0 125.0 0.138449600002 10661.5504 
111.0 353.0 0.0750930800011 10724.90692 
245.0 229.0 0.0893711200022 10710.62888 
161.0 187.0 0.218568400003 10581.4316 
267.0 105.0 0.00598000000017 10794.02 
341.0 109.0 0.116754880002 10683.24512 
161.0 411.0 0.0269288 10773.0712 
135.0 84.0 0.0706865600007 10729.31344 
463.0 64.0 0.0113739599998 10788.62604 
24.0 269.0 0.0280488000002 10771.9512 
274.0 22.0 0.054564960001 10745.43504 
120.0 213.0 0.196341760001 10603.65824 
109.0 93.0 0.0495056000006 10750.4944 
191.0 208.0 0.407402520003 10392.59748 
47.0 228.0 0.0974534800007 10702.54652 
367.0 105.0 0.109647200002 10690.3528 
195.0 403.0 0.00602000000017 10793.98 
131.0 396.0 0.0722344800018 10727.76552 
104.0 232.0 0.0367972000008 10763.2028 
246.0 318.0 0.0459672000007 10754.0328 
92.0 236.0 0.0623078800015 10737.69212 
43.0 47.0 0.054564960001 10745.43504 
270.0 211.0 0.124618000001 10675.382 
325.0 393.0 0.054564960001 10745.43504 
93.0 48.0 0.0536606000006 10746.3394 
251.0 188.0 0.0359024000004 10764.0976 
116.0 204.0 0.124352640002 10675.64736 
218.0 479.0 0.054564960001 10745.43504 
359.0 147.0 0.242279200002 10557.7208 
283.0 275.0 0.188693520002 10611.30648 
108.0 57.0 0.055304240001 10744.69576 
168.0 230.0 0.205188000005 10594.812 
302.0 277.0 0.0669406000018 10733.0594 
193.0 337.0 0.054564960001 10745.43504 
202.0 123.0 0.054564960001 10745.43504 
33.0 218.0 0.0229124800002 10777.08752 
374.0 105.0 0.105763600002 10694.2364 
81.0 187.0 0.102222560001 10697.77744 
334.0 31.0 0.054564960001 10745.43504 
130.0 367.0 0.245095600002 10554.9044 
295.0 215.0 0.046424280001 10753.57572 
280.0 76.0 0.0239396000003 10776.0604 
305.0 298.0 0.0752432800019 10724.75672 
444.0 70.0 0.00634000000017 10793.66 
78.0 360.0 0.0376008000006 10762.3992 
345.0 461.0 0.054564960001 10745.43504 
109.0 359.0 0.0620838000012 10737.9162 
444.0 141.0 0.0460832000005 10753.9168 
238.0 266.0 0.177068000004 10622.932 
466.0 13.0 0.054564960001 10745.43504 
68.0 169.0 0.0251092800006 10774.89072 
200.0 69.0 0.054564960001 10745.43504 
110.0 115.0 0.0249600000007 10775.04 
61.0 261.0 0.0230928000003 10776.9072 
297.0 418.0 0.054564960001 10745.43504 
