250.0 250.0
254.0 300.0 0.817978000008 9982.02199999 
271.0 215.0 0.0695453600012 10730.45464 
241.0 213.0 0.028678 10771.322 
241.0 306.0 0.381955400009 10418.0446 
283.0 267.0 0.617011600001 10182.9884 
192.0 343.0 0.0619918400012 10738.00816 
140.0 290.0 0.0649300000008 10735.07 
197.0 189.0 0.0126600000003 10787.34 
216.0 323.0 0.162365600004 10637.6344 
254.0 403.0 0.345010800002 10454.9892 
97.0 200.0 0.0773762400012 10722.62376 
33.0 181.0 0.00636000000018 10793.64 
180.0 189.0 0.0162320400001 10783.76796 
345.0 189.0 0.0350180000004 10764.982 
229.0 411.0 0.126462720003 10673.53728 
316.0 136.0 0.0293086400001 10770.69136 
363.0 95.0 0.0249800000007 10775.02 
161.0 298.0 0.172128000002 10627.872 
253.0 112.0 0.0341769999998 10765.823 
108.0 312.0 0.041112 10758.888 
228.0 113.0 0.054564960001 10745.43504 
303.0 324.0 0.0187600000005 10781.24 
328.0 39.0 0.054564960001 10745.43504 
444.0 102.0 0.077954280001 10722.04572 
78.0 323.0 0.054564960001 10745.43504 
58.0 136.0 0.0227598400004 10777.24016 
164.0 313.0 0.164715520003 10635.28448 
183.0 455.0 0.0254608000002 10774.5392 
276.0 152.0 0.0127200000004 10787.28 
240.0 499.0 0.054564960001 10745.43504 
138.0 495.0 0.054564960001 10745.43504 
20.0 215.0 0.0286198400005 10771.38016 
278.0 349.0 0.127580000001 10672.42 
330.0 370.0 0.0351126000005 10764.8874 
397.0 94.0 0.101443719999 10698.55628 
327.0 223.0 0.145111680001 10654.88832 
222.0 440.0 0.102725960002 10697.27404 
93.0 408.0 0.00614000000017 10793.86 
66.0 401.0 0.0156938400001 10784.30616 
246.0 354.0 0.485829440008 10314.17056 
300.0 245.0 0.209779800005 10590.2202 
185.0 358.0 0.0740306400011 10725.96936 
383.0 19.0 0.00580000000016 10794.2 
13.0 383.0 0.054564960001 10745.43504 
360.0 241.0 0.0622829200012 10737.71708 
136.0 225.0 0.1606042 10639.3958 
68.0 262.0 0.0192600000005 10780.74 
346.0 224.0 0.0597479200011 10740.25208 
265.0 98.0 0.0125400000003 10787.46 
294.0 357.0 0.0943336000027 10705.6664 
195.0 163.0 0.0214728000005 10778.5272 
209.0 452.0 0.102642440002 10697.35756 
262.0 56.0 0.0352344000004 10764.7656 
175.0 253.0 0.0444600000012 10755.54 
383.0 287.0 0.054564960001 10745.43504 
77.0 135.0 0.0516364399998 10748.36356 
32.0 272.0 0.0258614399999 10774.13856 
172.0 105.0 0.054564960001 10745.43504 
263.0 60.0 0.0303214400001 10769.67856 
62.0 461.0 0.054564960001 10745.43504 
114.0 137.0 0.0121400000003 10787.86 
214.0 411.0 0.110329760002 10689.67024 
204.0 299.0 0.377333040002 10422.66696 
187.0 357.0 0.0638566000007 10736.1434 
293.0 233.0 0.20371952 10596.28048 
415.0 73.0 0.0478318000006 10752.1682 
433.0 112.0 0.0902952000014 10709.7048 
98.0 188.0 0.0357308000007 10764.2692 
409.0 282.0 0.00596000000017 10794.04 
34.0 239.0 0.0607228000002 10739.2772 
152.0 401.0 0.054564960001 10745.43504 
425.0 315.0 0.0219923999999 10778.0076 
400.0 3.0 0.0121220000002 10787.878 
200.0 425.0 0.0692972800015 10730.70272 
107.0 215.0 0.0749578000015 10725.0422 
