250.0 250.0
303.0 314.0 0.0123200000003 10787.68 
207.0 322.0 0.468943600005 10331.0564 
166.0 397.0 0.0910338000019 10708.9662 
256.0 241.0 0.0862380400024 10713.76196 
271.0 374.0 0.0914577600019 10708.54224 
229.0 165.0 0.199810400002 10600.1896 
143.0 148.0 0.0118200000003 10788.18 
78.0 207.0 0.0323344000004 10767.6656 
198.0 378.0 0.216602200003 10583.3978 
171.0 74.0 0.0857555200004 10714.24448 
153.0 396.0 0.129924400003 10670.0756 
233.0 38.0 0.00596000000017 10794.04 
147.0 490.0 0.0524656000005 10747.5344 
231.0 397.0 0.132860000002 10667.14 
226.0 454.0 0.0383351200002 10761.66488 
286.0 158.0 0.0237026400001 10776.29736 
219.0 419.0 0.104808000002 10695.192 
184.0 85.0 0.0520384800011 10747.96152 
115.0 172.0 0.0293200000008 10770.68 
78.0 150.0 0.0514077600005 10748.59224 
317.0 356.0 0.0368592000005 10763.1408 
127.0 86.0 0.0431800000002 10756.82 
131.0 470.0 0.0683228000009 10731.6772 
264.0 111.0 0.054564960001 10745.43504 
206.0 134.0 0.189424800001 10610.5752 
155.0 389.0 0.185776400003 10614.2236 
132.0 24.0 0.054564960001 10745.43504 
279.0 29.0 0.0321482399998 10767.85176 
345.0 93.0 0.0236826400003 10776.31736 
342.0 23.0 0.054564960001 10745.43504 
164.0 451.0 0.0622278000012 10737.7722 
162.0 462.0 0.0644560000015 10735.544 
95.0 478.0 0.0308354000001 10769.1646 
393.0 136.0 0.054564960001 10745.43504 
231.0 362.0 0.394541280005 10405.45872 
101.0 441.0 0.0255400000007 10774.46 
220.0 430.0 0.0467292000008 10753.2708 
181.0 204.0 0.054564960001 10745.43504 
187.0 384.0 0.157492000003 10642.508 
403.0 362.0 0.054564960001 10745.43504 
91.0 482.0 0.0368141600001 10763.18584 
228.0 280.0 0.381187680004 10418.81232 
455.0 350.0 0.054564960001 10745.43504 
258.0 208.0 0.0366548800002 10763.34512 
313.0 220.0 0.0273850000005 10772.615 
319.0 100.0 0.0128200000004 10787.18 
58.0 399.0 0.0288640000003 10771.136 
27.0 275.0 0.0164986799998 10783.50132 
195.0 301.0 0.175541200004 10624.4588 
170.0 362.0 0.0749400000021 10725.06 
85.0 375.0 0.00640000000018 10793.6 
226.0 288.0 0.116229600002 10683.7704 
330.0 104.0 0.0227526800004 10777.24732 
386.0 421.0 0.054564960001 10745.43504 
235.0 158.0 0.0962010000022 10703.799 
179.0 112.0 0.133388120002 10666.61188 
394.0 294.0 0.054564960001 10745.43504 
293.0 328.0 0.01590752 10784.09248 
470.0 292.0 0.054564960001 10745.43504 
214.0 308.0 0.162914400004 10637.0856 
54.0 267.0 0.00638000000018 10793.62 
102.0 138.0 0.0772828400005 10722.71716 
157.0 437.0 0.248261120003 10551.73888 
65.0 425.0 0.0300390400001 10769.96096 
93.0 90.0 0.0456322000004 10754.3678 
74.0 238.0 0.054564960001 10745.43504 
277.0 164.0 0.0595340000012 10740.466 
286.0 234.0 0.0568985600002 10743.10144 
107.0 184.0 0.0396806400004 10760.31936 
303.0 416.0 0.00620000000017 10793.8 
323.0 437.0 0.0166284000001 10783.3716 
370.0 181.0 0.054564960001 10745.43504 
119.0 268.0 0.054564960001 10745.43504 
267.0 179.0 0.0554000000015 10744.6 
52.0 61.0 0.054564960001 10745.43504
