250.0 250.0
271.0 299.0 0.164926800002 10635.0732 
208.0 287.0 0.0320200000009 10767.98 
168.0 306.0 0.107192400001 10692.8076 
221.0 360.0 0.0693962000009 10730.6038 
218.0 430.0 0.0129800000004 10787.02 
189.0 196.0 0.054564960001 10745.43504 
198.0 353.0 0.0566419600006 10743.35804 
257.0 205.0 0.0501650400006 10749.83496 
147.0 111.0 0.054564960001 10745.43504 
212.0 294.0 0.0470820000007 10752.918 
120.0 439.0 0.054564960001 10745.43504 
292.0 354.0 0.0431279600005 10756.87204 
247.0 379.0 0.0623467200008 10737.65328 
75.0 52.0 0.00632000000017 10793.68 
83.0 179.0 0.167094880001 10632.90512 
101.0 487.0 0.054564960001 10745.43504 
157.0 280.0 0.0244800000007 10775.52 
365.0 305.0 0.0409050000002 10759.095 
107.0 246.0 0.0868976000021 10713.1024 
318.0 267.0 0.170724760003 10629.27524 
249.0 207.0 0.0483740000004 10751.626 
167.0 338.0 0.0497300000008 10750.27 
31.0 405.0 0.01350284 10786.49716 
56.0 407.0 0.00598000000017 10794.02 
404.0 287.0 0.170724760003 10629.27524 
189.0 439.0 0.00644000000018 10793.56 
277.0 240.0 0.108932760002 10691.06724 
218.0 322.0 0.0872740000018 10712.726 
118.0 233.0 0.334520000004 10465.48 
346.0 195.0 0.0586856000003 10741.3144 
232.0 454.0 0.0229233600004 10777.07664 
428.0 193.0 0.0310652400006 10768.93476 
373.0 142.0 0.0544720000012 10745.528 
166.0 257.0 0.110880000003 10689.12 
205.0 141.0 0.170724760003 10629.27524 
234.0 315.0 0.0823592000017 10717.6408 
108.0 287.0 0.0432766400005 10756.72336 
363.0 423.0 0.110880000003 10689.12 
119.0 205.0 0.231445000002 10568.555 
190.0 427.0 0.0233524399999 10776.64756 
241.0 217.0 0.0415996000007 10758.4004 
95.0 250.0 0.0853031200018 10714.69688 
35.0 184.0 0.0766201200014 10723.37988 
398.0 180.0 0.0832198000011 10716.7802 
360.0 193.0 0.0672026800013 10732.79732 
130.0 57.0 0.110880000003 10689.12 
72.0 35.0 0.0100867199998 10789.91328 
249.0 319.0 0.120429520001 10679.57048 
382.0 124.0 0.056742400001 10743.2576 
310.0 290.0 0.103599040002 10696.40096 
263.0 334.0 0.134242560002 10665.75744 
346.0 263.0 0.0590400000006 10740.96 
164.0 324.0 0.111475600001 10688.5244 
158.0 277.0 0.0603408000013 10739.6592 
75.0 241.0 0.136122360002 10663.87764 
54.0 153.0 0.0831378000003 10716.8622 
346.0 156.0 0.130657000002 10669.343 
226.0 40.0 0.00578000000016 10794.22 
314.0 132.0 0.0185000000005 10781.5 
53.0 125.0 0.0265546000003 10773.4454 
75.0 230.0 0.110628080002 10689.37192 
350.0 212.0 0.0439000000012 10756.1 
50.0 226.0 0.0420120000007 10757.988 
293.0 413.0 0.0590400000006 10740.96 
76.0 355.0 0.110880000003 10689.12 
380.0 56.0 0.110880000003 10689.12 
303.0 75.0 0.0590400000006 10740.96 
113.0 301.0 0.00576000000016 10794.24 
440.0 29.0 0.0590400000006 10740.96 
275.0 453.0 0.110880000003 10689.12 
270.0 264.0 0.178652000002 10621.348 
230.0 38.0 0.00601120000009 10793.9888 
20.0 331.0 0.0590400000006 10740.96 
478.0 245.0 0.110880000003 10689.12 
158.0 213.0 0.475080000004 10324.92 
