250.0 250.0
203.0 191.0 0.0545942000012 10745.4058 
273.0 223.0 0.214693040003 10585.30696 
211.0 164.0 0.368103039997 10431.89696 
271.0 283.0 0.0822528000017 10717.7472 
221.0 152.0 0.149226800004 10650.7732 
161.0 85.0 0.305347520003 10494.65248 
118.0 197.0 0.0295417599998 10770.45824 
213.0 21.0 0.0464486000003 10753.5514 
181.0 199.0 0.127810360003 10672.18964 
167.0 91.0 0.130441440003 10669.55856 
64.0 101.0 0.0484564800006 10751.54352 
224.0 264.0 0.0709486400015 10729.05136 
164.0 115.0 0.149842000003 10650.158 
234.0 271.0 0.0809064000019 10719.0936 
235.0 46.0 0.0126920000002 10787.308 
299.0 197.0 0.249484480003 10550.51552 
223.0 145.0 0.207260200005 10592.7398 
185.0 143.0 0.201273000003 10598.727 
81.0 91.0 0.0891410000004 10710.859 
316.0 61.0 0.0787420400013 10721.25796 
394.0 207.0 0.0130200000004 10786.98 
285.0 100.0 0.0489016000004 10751.0984 
349.0 252.0 0.00626000000017 10793.74 
39.0 164.0 0.0561364000011 10743.8636 
7.0 145.0 0.0358848000003 10764.1152 
261.0 153.0 0.111757800003 10688.2422 
211.0 66.0 0.0132286400004 10786.77136 
235.0 256.0 0.0488648800009 10751.13512 
88.0 127.0 0.0255200000007 10774.48 
350.0 119.0 0.0312600000009 10768.74 
209.0 212.0 0.1812772 10618.7228 
145.0 14.0 0.0554591200014 10744.54088 
120.0 48.0 0.0902140000008 10709.786 
425.0 95.0 0.054564960001 10745.43504 
77.0 74.0 0.047979600001 10752.0204 
43.0 191.0 0.111669280001 10688.33072 
166.0 125.0 0.142425200003 10657.5748 
237.0 46.0 0.0126400000003 10787.36 
188.0 319.0 0.139142960001 10660.85704 
225.0 291.0 0.182604160002 10617.39584 
459.0 168.0 0.054564960001 10745.43504 
210.0 345.0 0.0680360000004 10731.964 
212.0 198.0 0.0976600000027 10702.34 
291.0 32.0 0.0351069600002 10764.89304 
219.0 68.0 0.0123800000003 10787.62 
364.0 260.0 0.0098782799999 10790.12172 
100.0 40.0 0.0362624000009 10763.7376 
339.0 81.0 0.154263800001 10645.7362 
250.0 234.0 0.0765862400007 10723.41376 
278.0 169.0 0.199485000001 10600.515 
253.0 297.0 0.0934324000018 10706.5676 
367.0 61.0 0.0593372800007 10740.66272 
186.0 126.0 0.414432320005 10385.56768 
64.0 46.0 0.0671917600007 10732.80824 
274.0 217.0 0.0693794000013 10730.6206 
157.0 37.0 0.187873600003 10612.1264 
244.0 304.0 0.0963570000018 10703.643 
270.0 147.0 0.111601920002 10688.39808 
160.0 105.0 0.160412160004 10639.58784 
225.0 126.0 0.135895000003 10664.105 
67.0 152.0 0.0191200000005 10780.88 
343.0 58.0 0.0633088000016 10736.6912 
128.0 179.0 0.0126200000003 10787.38 
399.0 162.0 0.0325380000003 10767.462 
115.0 316.0 0.054564960001 10745.43504 
220.0 430.0 0.054564960001 10745.43504 
245.0 355.0 0.0360870000004 10763.913 
409.0 215.0 0.0104779199999 10789.52208 
72.0 281.0 0.00630000000017 10793.7 
91.0 233.0 0.0440310000005 10755.969 
154.0 38.0 0.0870760000015 10712.924 
263.0 110.0 0.0601172000007 10739.8828 
496.0 232.0 0.054564960001 10745.43504 
72.0 287.0 0.00675360000014 10793.2464 
13.0 231.0 0.054564960001 10745.43504 
