0.0 1000.0
33.0 25.0 0.0470968000012 9952.9032 
87.0 34.0 0.0574844000011 9942.5156 
154.0 46.0 0.0201044999999 9979.8955 
233.0 37.0 0.0116434120002 9988.356588 
307.0 29.0 0.0116434120002 9988.356588 
365.0 22.0 0.00844000000022 9991.56 
432.0 34.0 0.0243405040004 9975.659496 
491.0 46.0 0.0358598560008 9964.140144 
552.0 27.0 0.0159435119997 9984.056488 
644.0 27.0 0.106331040001 9893.66896 
704.0 17.0 0.0607360000003 9939.264 
767.0 19.0 0.0464200400008 9953.57996 
822.0 33.0 0.0691909520018 9930.809048 
889.0 27.0 0.0326277000004 9967.3723 
933.0 22.0 0.0104396400002 9989.56036 
39.0 83.0 0.0873910760001 9912.608924 
86.0 103.0 0.080192800002 9919.8072 
158.0 93.0 0.00810000000021 9991.9 
234.0 83.0 0.0164400000004 9983.56 
301.0 95.0 0.0313219600004 9968.67804 
382.0 95.0 0.02263216 9977.36784 
440.0 112.0 0.0869473120021 9913.052688 
496.0 92.0 0.0701580000011 9929.842 
579.0 90.0 0.0576600000015 9942.34 
627.0 95.0 0.113549152001 9886.450848 
684.0 84.0 0.150787920002 9849.21208 
752.0 91.0 0.0561311880011 9943.868812 
837.0 90.0 0.0701084400008 9929.89156 
883.0 97.0 0.0584658400014 9941.53416 
953.0 104.0 0.0584658400014 9941.53416 
31.0 177.0 0.0324046600004 9967.59534 
92.0 161.0 0.0329600000009 9967.04 
175.0 173.0 0.0244446600002 9975.55534 
240.0 177.0 0.0399150000006 9960.085 
304.0 156.0 0.144581480003 9855.41852 
376.0 157.0 0.0243000000006 9975.7 
442.0 172.0 0.144623404003 9855.376596 
485.0 165.0 0.126375672002 9873.624328 
561.0 175.0 0.0582599000011 9941.7401 
620.0 158.0 0.0303867600003 9969.61324 
698.0 182.0 0.0303867600003 9969.61324 
777.0 177.0 0.014676816 9985.323184 
848.0 152.0 0.0419800000011 9958.02 
901.0 164.0 0.0598211400002 9940.17886 
972.0 179.0 0.0279135200007 9972.08648 
17.0 244.0 0.0561554560005 9943.844544 
105.0 246.0 0.0127511999999 9987.2488 
189.0 240.0 0.00818000000021 9991.82 
245.0 237.0 0.106760000003 9893.24 
309.0 217.0 0.280054816004 9719.945184 
375.0 234.0 0.303879840006 9696.12015999 
440.0 239.0 0.250173000004 9749.827 
491.0 220.0 0.178945464004 9821.054536 
565.0 228.0 0.0402800000011 9959.72 
621.0 236.0 0.0410576000012 9958.9424 
686.0 245.0 0.0376301040006 9962.369896 
767.0 241.0 0.0407200000011 9959.28 
828.0 241.0 0.0388870920009 9961.112908 
900.0 237.0 0.0774768000003 9922.5232 
974.0 223.0 0.0528177400005 9947.18226 
35.0 286.0 0.0628650000002 9937.135 
100.0 301.0 0.0404800000011 9959.52 
156.0 310.0 0.0549292000015 9945.0708 
217.0 313.0 0.0343564080007 9965.643592 
301.0 285.0 0.105460000003 9894.54 
355.0 297.0 0.0133327200002 9986.66728 
432.0 294.0 0.00788000000021 9992.12 
489.0 302.0 0.0214612879999 9978.538712 
553.0 308.0 0.0400434240006 9959.956576 
644.0 307.0 0.00848000000022 9991.52 
716.0 303.0 0.0485000000013 9951.5 
774.0 315.0 0.0961220000005 9903.878 
841.0 310.0 0.0534773680007 9946.522632 
895.0 292.0 0.0500200000013 9949.98 
961.0 313.0 0.0168900280002 9983.109972 
30.0 361.0 0.00794000000021 9992.06 
92.0 363.0 0.102950660002 9897.04934 
158.0 374.0 0.122095448003 9877.904552 
222.0 357.0 0.0696538200004 9930.34618 
313.0 380.0 0.0696538200004 9930.34618 
361.0 361.0 0.0154000000004 9984.6 
417.0 363.0 0.0229743400001 9977.02566 
506.0 373.0 0.0923796640019 9907.620336 
559.0 374.0 0.0742505200016 9925.74948 
635.0 381.0 0.0742505200016 9925.74948 
700.0 370.0 0.0161400000004 9983.86 
762.0 376.0 0.04478464 9955.21536 
818.0 354.0 0.086498240002 9913.50176 
909.0 361.0 0.00872000000023 9991.28 
952.0 373.0 0.012195792 9987.804208 
34.0 448.0 0.098587800002 9901.4122 
106.0 420.0 0.201687600003 9798.3124 
159.0 425.0 0.161908112002 9838.091888 
219.0 442.0 0.0868119040021 9913.188096 
293.0 441.0 0.0334648400003 9966.53516 
369.0 448.0 0.0397186000005 9960.2814 
443.0 422.0 0.0492000000013 9950.8 
492.0 433.0 0.0821450240002 9917.854976 
580.0 436.0 0.0504959359999 9949.504064 
620.0 417.0 0.0264242520005 9973.575748 
715.0 449.0 0.0591070000007 9940.893 
762.0 430.0 0.0453970400011 9954.60296 
833.0 443.0 0.0111563799997 9988.84362 
874.0 430.0 0.0314158240001 9968.584176 
972.0 420.0 0.00872000000023 9991.28 
31.0 514.0 0.122680520003 9877.31948 
111.0 498.0 0.169914224004 9830.085776 
176.0 515.0 0.0543337600011 9945.66624 
239.0 490.0 0.0948548799999 9905.14512 
297.0 508.0 0.0708484160006 9929.151584 
372.0 514.0 0.0475815760003 9952.418424 
438.0 501.0 0.0724962000014 9927.5038 
484.0 502.0 0.0370111040008 9962.988896 
582.0 494.0 0.0492200000013 9950.78 
645.0 513.0 0.133731348 9866.268652 
697.0 498.0 0.0898635800005 9910.13642 
769.0 508.0 0.0898635800005 9910.13642 
839.0 488.0 0.0319000000008 9968.1 
899.0 489.0 0.0434255840004 9956.574416 
957.0 517.0 0.0388236160008 9961.176384 
42.0 581.0 0.106960000003 9893.04 
85.0 581.0 0.336840940003 9663.15906 
167.0 562.0 0.00872000000023 9991.28 
227.0 554.0 0.0417800000011 9958.22 
306.0 578.0 0.0372998400004 9962.70016 
380.0 551.0 0.0490200000013 9950.98 
437.0 555.0 0.0647229800005 9935.27702 
493.0 556.0 0.0587282080002 9941.271792 
575.0 564.0 0.0492800000013 9950.72 
640.0 575.0 0.224594176002 9775.405824 
695.0 564.0 0.0622810160015 9937.718984 
758.0 553.0 0.00904000000023 9990.96 
824.0 557.0 0.016944576 9983.055424 
903.0 574.0 0.0482028800008 9951.79712 
974.0 577.0 0.0477936840006 9952.206316 
32.0 638.0 0.0985800000026 9901.42 
92.0 641.0 0.376040712007 9623.95928799 
155.0 632.0 0.0296984000006 9970.3016 
232.0 640.0 0.0534587200013 9946.54128 
285.0 626.0 0.0923117000017 9907.6883 
350.0 646.0 0.0409455000008 9959.0545 
423.0 620.0 0.0409455000008 9959.0545 
501.0 644.0 0.0327599360004 9967.240064 
555.0 625.0 0.0140385960002 9985.961404 
642.0 630.0 0.411807040005 9588.19295999 
695.0 634.0 0.301685600006 9698.31439999 
757.0 649.0 0.281601200006 9718.39879999 
826.0 618.0 0.00904000000023 9990.96 
897.0 640.0 0.131111200001 9868.8888 
969.0 646.0 0.036616800001 9963.3832 
47.0 726.0 0.415483440003 9584.51656 
111.0 702.0 0.419741792009 9580.25820799 
169.0 684.0 0.0247800000007 9975.22 
245.0 689.0 0.0574400000015 9942.56 
283.0 687.0 0.0964220160015 9903.577984 
381.0 702.0 0.0331800000009 9966.82 
440.0 698.0 0.0336000000009 9966.4 
497.0 710.0 0.061975484001 9938.024516 
580.0 691.0 0.313715460006 9686.28453999 
638.0 697.0 0.39520960001 9604.79039999 
700.0 691.0 0.203561440005 9796.43856 
783.0 698.0 0.236527156004 9763.472844 
826.0 698.0 0.192409540002 9807.59046 
890.0 701.0 0.186788380003 9813.21162 
971.0 692.0 0.0248000000007 9975.2 
39.0 781.0 0.318940488 9681.059512 
119.0 786.0 0.0960580400013 9903.94196 
171.0 756.0 0.0606202080012 9939.379792 
225.0 764.0 0.0293472000002 9970.6528 
291.0 755.0 0.0326600000009 9967.34 
362.0 762.0 0.0709440880001 9929.055912 
429.0 750.0 0.0972055520018 9902.794448 
502.0 756.0 0.052149080001 9947.85092 
558.0 780.0 0.0231004160001 9976.899584 
637.0 763.0 0.01947952 9980.52048 
708.0 760.0 0.0243400000006 9975.66 
756.0 759.0 0.0325204000004 9967.4796 
817.0 769.0 0.0724815520014 9927.518448 
891.0 776.0 0.095749288002 9904.250712 
963.0 763.0 0.0299233600002 9970.07664 
61.0 834.0 0.196120000005 9803.87999999 
113.0 853.0 0.273750096005 9726.249904 
168.0 834.0 0.184314192003 9815.685808 
217.0 827.0 0.00870000000023 9991.3 
277.0 833.0 0.0228666400002 9977.13336 
383.0 816.0 0.0604221760012 9939.577824 
422.0 841.0 0.0649245480013 9935.075452 
512.0 826.0 0.0164800000004 9983.52 
551.0 832.0 0.0197193560005 9980.280644 
624.0 839.0 0.00830000000022 9991.7 
669.0 825.0 0.02078686 9979.21314 
770.0 819.0 0.0573800000015 9942.62 
830.0 836.0 0.114354244003 9885.645756 
887.0 841.0 0.128069112001 9871.930888 
967.0 844.0 0.128069112001 9871.930888 
45.0 911.0 0.346342096005 9653.65790399 
97.0 912.0 0.287749200003 9712.2508 
173.0 888.0 0.193600400004 9806.3996 
231.0 908.0 0.0990528160021 9900.947184 
293.0 912.0 0.0464132000006 9953.5868 
379.0 891.0 0.0413000000011 9958.7 
425.0 908.0 0.0816414400019 9918.35856 
493.0 903.0 0.0727455680012 9927.254432 
553.0 884.0 0.0399695440006 9960.030456 
619.0 909.0 0.0328600000009 9967.14 
686.0 907.0 0.0688882200011 9931.11178 
745.0 905.0 0.0305354000001 9969.4646 
833.0 895.0 0.0657600000017 9934.24 
873.0 903.0 0.0688358720014 9931.164128 
965.0 904.0 0.0688358720014 9931.164128
45.0 977.0 0.236913215998 9763.086784 
104.0 956.0 0.0973800000026 9902.62 
154.0 960.0 0.0324217760006 9967.578224 
216.0 954.0 0.0547856000009 9945.2144 
292.0 950.0 0.0159400000004 9984.06 
373.0 954.0 0.0331600000009 9966.84 
422.0 956.0 0.0451842000007 9954.8158 
499.0 970.0 0.0313800000008 9968.62 
555.0 961.0 0.0320525480003 9967.947452 
603.0 946.0 0.0258208320004 9974.179168 
682.0 969.0 0.0628902800015 9937.10972 
731.0 964.0 0.00806000000021 9991.94 
798.0 979.0 0.0156589679996 9984.341032 
883.0 952.0 0.0390622960007 9960.937704 
949.0 951.0 0.0390622960007 9960.937704 
896.0 286.0 0.0314161040004 9968.583896 
842.0 911.0 0.0344684960004 9965.531504 
214.0 621.0 0.0333783920004 9966.621608 
285.0 884.0 0.054335456001 9945.664544 
67.0 527.0 0.316574880007 9683.42511999 
816.0 288.0 0.101965728002 9898.034272 
896.0 703.0 0.0567028800013 9943.29712 
390.0 843.0 0.0318358560006 9968.164144 
445.0 406.0 0.0496232800009 9950.37672 
111.0 122.0 0.0329600000009 9967.04 
630.0 239.0 0.039414720001 9960.58528 
961.0 639.0 0.0795420400018 9920.45796 
915.0 789.0 0.0524181000005 9947.5819 
658.0 918.0 0.068208344 9931.791656 
353.0 788.0 0.0493600000013 9950.64 
942.0 212.0 0.102105212001 9897.894788 
740.0 309.0 0.0421301920007 9957.869808 
510.0 591.0 0.0245000000006 9975.5 
444.0 901.0 0.0476892000009 9952.3108 
603.0 749.0 0.124900000003 9875.1 
213.0 641.0 0.0450791000004 9954.9209 
99.0 471.0 0.276722240005 9723.27776 
906.0 1.0 0.00846000000022 9991.54 
469.0 742.0 0.0723044480011 9927.695552 
501.0 157.0 0.0912318400027 9908.76816 
