0.0 1000.0
35.0 25.0 0.0265383 9973.4617 
77.0 36.0 0.0560947000007 9943.9053 
140.0 47.0 0.0560947000007 9943.9053
210.0 48.0 0.0292967280002 9970.703272 
273.0 42.0 0.0122883360001 9987.711664 
318.0 19.0 0.0132940319999 9986.705968 
380.0 35.0 0.038312848001 9961.687152 
437.0 35.0 0.0201784000006 9979.8216 
502.0 41.0 0.0343167360004 9965.683264 
549.0 13.0 0.00806000000021 9991.94 
598.0 24.0 0.0287217920008 9971.278208 
668.0 39.0 0.0799593000007 9920.0407 
721.0 17.0 0.0799517560015 9920.048244 
763.0 38.0 0.0803175680007 9919.682432 
810.0 23.0 0.0287393840006 9971.260616 
878.0 20.0 0.0075000000002 9992.5 
916.0 38.0 0.0123600000002 9987.64 
19.0 80.0 0.0303748000001 9969.6252 
92.0 86.0 0.0815960000011 9918.404 
134.0 102.0 0.0757967840009 9924.203216 
201.0 98.0 0.0591770000006 9940.823 
270.0 85.0 0.0591770000006 9940.823 
314.0 73.0 0.0164200000004 9983.58 
378.0 83.0 0.0379417039995 9962.058296 
438.0 78.0 0.00832000000022 9991.68 
496.0 75.0 0.0324000000009 9967.6 
549.0 76.0 0.0618903200012 9938.10968 
608.0 78.0 0.0936326000011 9906.3674 
668.0 94.0 0.101825120003 9898.17488 
726.0 100.0 0.155061664002 9844.938336 
773.0 80.0 0.0700037440017 9929.996256 
811.0 85.0 0.0608473200015 9939.15268 
868.0 94.0 0.061799584001 9938.200416 
934.0 92.0 0.0075000000002 9992.5 
30.0 138.0 0.0433984319997 9956.601568 
82.0 159.0 0.043808448001 9956.191552 
161.0 150.0 0.0569400000015 9943.06 
192.0 151.0 0.0459522800013 9954.04772 
257.0 135.0 0.0123371359996 9987.662864 
337.0 158.0 0.0120162839999 9987.983716 
382.0 142.0 0.0171600000004 9982.84 
450.0 159.0 0.0247200000006 9975.28 
507.0 143.0 0.0751487199999 9924.85128 
551.0 149.0 0.0553608320014 9944.639168 
595.0 154.0 0.0273340680005 9972.665932 
659.0 141.0 0.151307340003 9848.69266 
705.0 149.0 0.167884448002 9832.115552 
771.0 152.0 0.0322600000008 9967.74 
824.0 134.0 0.0851141159999 9914.885884 
873.0 135.0 0.0517935920014 9948.206408 
934.0 152.0 0.0126176599998 9987.38234 
32.0 196.0 0.0161200000004 9983.88 
96.0 205.0 0.0661756000009 9933.8244 
138.0 213.0 0.0239600000006 9976.04 
196.0 216.0 0.0115535999998 9988.4464 
265.0 213.0 0.0400859520011 9959.914048 
337.0 220.0 0.0400859520011 9959.914048 
391.0 205.0 0.00802000000021 9991.98 
441.0 206.0 0.0120316040001 9987.968396 
511.0 193.0 0.0507800000013 9949.22 
553.0 215.0 0.0598137880006 9940.186212 
608.0 213.0 0.0598137880006 9940.186212 
653.0 194.0 0.0428600000011 9957.14 
715.0 207.0 0.0496600000013 9950.34 
768.0 195.0 0.00856000000022 9991.44 
824.0 190.0 0.0542116320014 9945.788368 
875.0 208.0 0.037389548001 9962.610452 
934.0 203.0 0.00830000000022 9991.7 
44.0 257.0 0.0242000000006 9975.8 
91.0 260.0 0.103874600002 9896.1254 
143.0 279.0 0.148029360001 9851.97064 
210.0 261.0 0.00800000000021 9992.0 
274.0 268.0 0.0883671920014 9911.632808 
328.0 267.0 0.0392405760004 9960.759424 
395.0 268.0 0.00840000000022 9991.6 
441.0 275.0 0.0282036800007 9971.79632 
489.0 274.0 0.0282036800007 9971.79632 
553.0 272.0 0.0504400000013 9949.56 
612.0 274.0 0.091148312001 9908.851688 
665.0 263.0 0.0586855600017 9941.31444 
710.0 252.0 0.0281794400002 9971.82056 
796.0 278.0 0.136976000003 9863.024 
824.0 264.0 0.0881600000012 9911.84 
877.0 261.0 0.0668604960012 9933.139504 
938.0 270.0 0.0110659040003 9988.934096 
40.0 320.0 0.00834000000022 9991.66 
87.0 313.0 0.0121063440002 9987.893656 
145.0 335.0 0.113737856003 9886.262144 
195.0 336.0 0.0613459200012 9938.65408 
259.0 314.0 0.122298680001 9877.70132 
337.0 331.0 0.00806000000021 9991.94 
376.0 333.0 0.0284291 9971.5709 
442.0 320.0 0.0503335200011 9949.66648 
487.0 319.0 0.0752994240007 9924.700576 
545.0 323.0 0.0631372800016 9936.86272 
603.0 333.0 0.0883220120007 9911.677988 
685.0 345.0 0.0377122400006 9962.28776 
757.0 333.0 0.078160288002 9921.839712 
802.0 320.0 0.169373072004 9830.626928 
840.0 325.0 0.114196968002 9885.803032 
881.0 325.0 0.0434832200006 9956.51678 
938.0 312.0 0.00818000000021 9991.82 
34.0 380.0 0.00840000000022 9991.6 
84.0 377.0 0.0126151200001 9987.38488 
141.0 374.0 0.0494400000013 9950.56 
211.0 378.0 0.0501400000013 9949.86 
253.0 371.0 0.0900059160006 9909.994084 
313.0 378.0 0.0900059160006 9909.994084 
387.0 381.0 0.0330857840007 9966.914216 
442.0 373.0 0.0411000000011 9958.9 
492.0 373.0 0.0533700000014 9946.63 
560.0 373.0 0.0412200000011 9958.78 
616.0 396.0 0.0885160000018 9911.484 
706.0 388.0 0.142282880003 9857.71712 
726.0 396.0 0.0351036480004 9964.896352 
783.0 369.0 0.0829600000022 9917.04 
826.0 407.0 0.0135341759998 9986.465824 
917.0 421.0 0.0541208000009 9945.8792 
950.0 424.0 0.062871660001 9937.12834 
36.0 451.0 0.0342913440006 9965.708656 
73.0 433.0 0.0344275360004 9965.572464 
127.0 442.0 0.0202996399998 9979.70036 
184.0 437.0 0.0202996399998 9979.70036 
261.0 443.0 0.0366291840007 9963.370816 
306.0 442.0 0.0186147479999 9981.385252 
388.0 432.0 0.0243600000006 9975.64 
426.0 444.0 0.0293868000004 9970.6132 
493.0 452.0 0.0108520800002 9989.14792 
558.0 445.0 0.0108520800002 9989.14792 
631.0 451.0 0.164065520004 9835.93448 
672.0 436.0 0.204621976004 9795.378024 
720.0 437.0 0.134434780003 9865.56522 
771.0 455.0 0.0566313000005 9943.3687 
823.0 450.0 0.0275899120003 9972.410088 
904.0 465.0 0.0323800000009 9967.62 
963.0 463.0 0.0517289400011 9948.27106 
28.0 509.0 0.0234600000006 9976.54 
79.0 494.0 0.0120833440001 9987.916656 
150.0 487.0 0.0170600000004 9982.94 
204.0 502.0 0.030523032 9969.476968 
255.0 493.0 0.0425342160002 9957.465784 
318.0 479.0 0.0156200000004 9984.38 
366.0 505.0 0.00940636799986 9990.593632 
444.0 500.0 0.0669086440015 9933.091356 
501.0 491.0 0.0165400000004 9983.46 
557.0 492.0 0.0135074199997 9986.49258 
628.0 490.0 0.0826000000022 9917.4 
686.0 496.0 0.0129024000003 9987.0976 
746.0 504.0 0.00826000000022 9991.74 
792.0 514.0 0.0197608320001 9980.239168 
857.0 517.0 0.0408000000011 9959.2 
903.0 528.0 0.0914339199993 9908.56608 
972.0 516.0 0.00790000000021 9992.1 
8.0 561.0 0.0267480000005 9973.252 
82.0 554.0 0.00856000000022 9991.44 
140.0 561.0 0.0724960960016 9927.503904 
180.0 552.0 0.0375706960005 9962.429304 
262.0 546.0 0.0162600000004 9983.74 
317.0 543.0 0.0162600000004 9983.74 
382.0 535.0 0.0398600000011 9960.14 
429.0 556.0 0.0736966000004 9926.3034 
483.0 554.0 0.0454939200008 9954.50608 
567.0 549.0 0.00830000000022 9991.7 
630.0 552.0 0.00830000000022 9991.7 
675.0 546.0 0.0076800000002 9992.32 
735.0 560.0 0.0309820000006 9969.018 
792.0 544.0 0.0378358400003 9962.16416 
854.0 595.0 0.0378358400003 9962.16416 
911.0 577.0 0.0487600000013 9951.24 
956.0 593.0 0.0115913520002 9988.408648 
14.0 607.0 0.0343014600005 9965.69854 
78.0 621.0 0.0343014600005 9965.69854 
138.0 613.0 0.129464320002 9870.53568 
184.0 619.0 0.114626144002 9885.373856 
247.0 621.0 0.114626144002 9885.373856 
320.0 617.0 0.00836000000022 9991.64 
353.0 626.0 0.0138441600001 9986.15584 
416.0 612.0 0.0138441600001 9986.15584 
482.0 591.0 0.0169400000004 9983.06 
527.0 596.0 0.0120696000002 9987.9304 
630.0 617.0 0.0736608000009 9926.3392 
667.0 605.0 0.0270855280001 9972.914472 
732.0 606.0 0.0247000000006 9975.3 
783.0 621.0 0.0132415920001 9986.758408 
850.0 641.0 0.00864000000022 9991.36 
908.0 652.0 0.0226620799999 9977.33792 
972.0 633.0 0.00796000000021 9992.04 
13.0 665.0 0.0239600000006 9976.04 
70.0 668.0 0.0361175080007 9963.882492 
139.0 655.0 0.174940000004 9825.06 
183.0 679.0 0.195286736004 9804.713264 
243.0 679.0 0.0295392400006 9970.46076 
305.0 692.0 0.0282577000002 9971.7423 
377.0 678.0 0.0337000000009 9966.3 
412.0 681.0 0.095462284002 9904.537716 
464.0 685.0 0.059824800001 9940.1752 
512.0 660.0 0.0381964600004 9961.80354 
576.0 674.0 0.0928317720022 9907.168228 
642.0 661.0 0.163698300001 9836.3017 
687.0 664.0 0.075257640002 9924.74236 
740.0 676.0 0.0388909720003 9961.109028 
844.0 685.0 0.0269850200007 9973.01498 
906.0 687.0 0.00800000000021 9992.0 
939.0 687.0 0.0262624000003 9973.7376 
40.0 731.0 0.0115632359998 9988.436764 
85.0 714.0 0.0892781360003 9910.721864 
138.0 729.0 0.104021392002 9895.978608 
191.0 721.0 0.257266400006 9742.73359999 
248.0 738.0 0.0971006960023 9902.899304 
305.0 733.0 0.120350600002 9879.6494 
371.0 740.0 0.178563964001 9821.436036 
415.0 729.0 0.14225538 9857.74462 
461.0 752.0 0.0629659200016 9937.03408 
519.0 709.0 0.0164000000004 9983.6 
589.0 712.0 0.213590664006 9786.40933599 
644.0 712.0 0.245524800005 9754.47519999 
684.0 733.0 0.0957769040014 9904.223096 
723.0 727.0 0.0346738320009 9965.326168 
836.0 726.0 0.0749022680016 9925.097732 
905.0 734.0 0.00788000000021 9992.12 
953.0 736.0 0.0195174080005 9980.482592 
40.0 778.0 0.0405200000011 9959.48 
88.0 771.0 0.0722545000006 9927.7455 
147.0 793.0 0.0739800000019 9926.02 
190.0 772.0 0.173862840001 9826.13716 
249.0 784.0 0.0164400000004 9983.56 
316.0 790.0 0.307578056005 9692.421944 
356.0 792.0 0.210063392005 9789.93660799 
431.0 795.0 0.00830000000022 9991.7 
485.0 803.0 0.0453268000006 9954.6732 
534.0 802.0 0.0337507640005 9966.249236 
583.0 771.0 0.0904000000024 9909.6 
629.0 780.0 0.0282285360003 9971.771464 
682.0 793.0 0.0421883039996 9957.811696 
722.0 793.0 0.108138400003 9891.8616 
845.0 780.0 0.151215220001 9848.78478 
888.0 780.0 0.071840868001 9928.159132 
942.0 804.0 0.0303151360004 9969.684864 
28.0 866.0 0.044481800001 9955.5182 
77.0 849.0 0.0666907600008 9933.30924 
128.0 843.0 0.0288530360006 9971.146964 
210.0 855.0 0.0998800000026 9900.12 
260.0 864.0 0.243278055999 9756.721944 
309.0 848.0 0.324083776007 9675.91622399 
364.0 845.0 0.0582400000015 9941.76 
424.0 860.0 0.0582400000015 9941.76 
492.0 856.0 0.0485200000013 9951.48 
533.0 838.0 0.073783600001 9926.2164 
577.0 844.0 0.0430326560011 9956.967344 
642.0 830.0 0.0417800000011 9958.22 
680.0 857.0 0.033221196 9966.778804 
743.0 849.0 0.188160760002 9811.83924 
779.0 828.0 0.244735784006 9755.26421599 
836.0 838.0 0.219780576005 9780.21942399 
946.0 862.0 0.0160600000004 9983.94 
24.0 919.0 0.0588312440011 9941.168756 
86.0 902.0 0.0523695919996 9947.630408 
139.0 892.0 0.0166800000004 9983.32 
191.0 909.0 0.0136520440003 9986.347956 
278.0 921.0 0.156180000004 9843.82 
335.0 924.0 0.120092279999 9879.90772 
380.0 909.0 0.0922200000022 9907.78 
423.0 904.0 0.0922200000022 9907.78 
472.0 900.0 0.0569738840013 9943.026116 
521.0 896.0 0.0569738840013 9943.026116 
572.0 899.0 0.0375100800007 9962.48992 
655.0 924.0 0.0375100800007 9962.48992 
693.0 891.0 0.0279619000001 9972.0381 
736.0 888.0 0.0890600000023 9910.94 
802.0 883.0 0.157059560004 9842.94044 
846.0 893.0 0.0919650240022 9908.034976 
966.0 898.0 0.0107403839999 9989.259616 
29.0 977.0 0.0469382000008 9953.0618 
88.0 949.0 0.0332800000009 9966.72 
134.0 968.0 0.0125015440001 9987.498456 
183.0 963.0 0.0254000000007 9974.6 
240.0 966.0 0.0358459759995 9964.154024 
299.0 970.0 0.0304552000001 9969.5448 
383.0 973.0 0.0890781800018 9910.92182 
428.0 971.0 0.0541284520003 9945.871548 
477.0 981.0 0.0270114760005 9972.988524 
533.0 977.0 0.0248200000007 9975.18 
591.0 966.0 0.0585595399995 9941.44046 
644.0 963.0 0.0580255840009 9941.974416 
699.0 965.0 0.0284835000006 9971.5165 
764.0 939.0 0.0129464400002 9987.05356 
823.0 958.0 0.0160000000004 9984.0 
859.0 935.0 0.0378800000003 9962.12 
910.0 953.0 0.0288702000002 9971.1298 
289.0 173.0 0.0162400000004 9983.76 
514.0 670.0 0.0187808400003 9981.21916 
530.0 167.0 0.0723707720017 9927.629228 
920.0 475.0 0.117922648 9882.077352 
725.0 60.0 0.117103348002 9882.896652 
355.0 922.0 0.115571456002 9884.428544 
120.0 257.0 0.0907134760025 9909.286524 
867.0 297.0 0.0846315800016 9915.36842 
180.0 595.0 0.0834211840012 9916.578816 
540.0 162.0 0.0726030400016 9927.39696 
642.0 92.0 0.136887200002 9863.1128 
