0.0 1000.0
23.0 25.0 0.0256964000001 9974.3036 
93.0 21.0 0.0721360360015 9927.863964 
146.0 39.0 0.0385881600009 9961.41184 
207.0 22.0 0.00852000000022 9991.48 
257.0 32.0 0.0142795200003 9985.72048 
302.0 31.0 0.0276726080006 9972.327392 
362.0 25.0 0.0305932160002 9969.406784 
413.0 19.0 0.0341432760007 9965.856724 
469.0 31.0 0.0613089760013 9938.691024 
514.0 36.0 0.045968300001 9954.0317 
566.0 49.0 0.0696637120009 9930.336288 
621.0 44.0 0.0693680000009 9930.632 
674.0 33.0 0.0306299200009 9969.37008 
734.0 32.0 0.00842000000022 9991.58 
775.0 31.0 0.00842000000022 9991.58 
866.0 44.0 0.017753272 9982.246728 
911.0 32.0 0.02200624 9977.99376 
975.0 41.0 0.0272877600004 9972.71224 
44.0 97.0 0.118811548003 9881.188452 
80.0 73.0 0.159540432003 9840.459568 
126.0 85.0 0.127869080003 9872.13092 
195.0 91.0 0.0431652720012 9956.834728 
242.0 81.0 0.0307832200003 9969.21678 
301.0 70.0 0.0336600000009 9966.34 
359.0 89.0 0.02734028 9972.65972 
422.0 91.0 0.0833731520013 9916.626848 
470.0 86.0 0.0881648520018 9911.835148 
538.0 89.0 0.0410200000011 9958.98 
591.0 93.0 0.0643659360015 9935.634064 
639.0 91.0 0.0717495360014 9928.250464 
701.0 89.0 0.0847458400006 9915.25416 
754.0 95.0 0.0607268000012 9939.2732 
817.0 90.0 0.0077200000002 9992.28 
850.0 91.0 0.0291619840004 9970.838016 
919.0 100.0 0.0277378400002 9972.26216 
982.0 85.0 0.0327456000004 9967.2544 
54.0 146.0 0.173344652003 9826.655348 
85.0 126.0 0.254507960003 9745.49204 
151.0 144.0 0.100463712 9899.536288 
204.0 126.0 0.119977800001 9880.0222 
255.0 135.0 0.0755607920011 9924.439208 
308.0 148.0 0.0444436400008 9955.55636 
370.0 131.0 0.0076400000002 9992.36 
422.0 127.0 0.0569800000015 9943.02 
460.0 140.0 0.0297770920003 9970.222908 
514.0 145.0 0.0292208920001 9970.779108 
586.0 152.0 0.053589664001 9946.410336 
647.0 143.0 0.0418200000011 9958.18 
684.0 128.0 0.0776795280008 9922.320472 
750.0 133.0 0.0776795280008 9922.320472 
816.0 152.0 0.0292910800004 9970.70892 
850.0 147.0 0.0910841200011 9908.91588 
928.0 148.0 0.0637309840009 9936.269016 
980.0 137.0 0.0160000000004 9984.0 
36.0 205.0 0.0380268480006 9961.973152 
94.0 185.0 0.212289576006 9787.71042399 
151.0 200.0 0.123080000003 9876.92 
181.0 184.0 0.0414600000011 9958.54 
245.0 206.0 0.0542470800003 9945.75292 
301.0 192.0 0.0678556480009 9932.144352 
361.0 203.0 0.0350832000009 9964.9168 
416.0 195.0 0.0442410400011 9955.75896 
474.0 204.0 0.0510883040011 9948.911696 
531.0 205.0 0.0972102600008 9902.78974 
576.0 184.0 0.0871308160016 9912.869184 
640.0 194.0 0.0167200000004 9983.28 
695.0 197.0 0.0352656960002 9964.734304 
749.0 204.0 0.0301012000001 9969.8988 
811.0 205.0 0.0570000000015 9943.0 
855.0 201.0 0.108970560003 9891.02944 
910.0 191.0 0.104557500001 9895.4425 
970.0 190.0 0.0295541000006 9970.4459 
37.0 260.0 0.046287972 9953.712028 
70.0 244.0 0.0457295600012 9954.27044 
142.0 249.0 0.0373001720006 9962.699828 
201.0 261.0 0.0449686400008 9955.03136 
262.0 255.0 0.0246600000006 9975.34 
304.0 254.0 0.0542091200014 9945.79088 
355.0 245.0 0.116241028003 9883.758972 
410.0 243.0 0.0591089880005 9940.891012 
481.0 236.0 0.0492800000013 9950.72 
517.0 254.0 0.0706333560012 9929.366644 
586.0 254.0 0.0706333560012 9929.366644 
629.0 243.0 0.0333000000009 9966.7 
698.0 238.0 0.0333000000009 9966.7 
741.0 240.0 0.0354705760005 9964.529424 
795.0 252.0 0.0297339200006 9970.26608 
861.0 263.0 0.00980389199997 9990.196108 
905.0 240.0 0.00980389199997 9990.196108 
970.0 245.0 0.00842000000022 9991.58 
37.0 299.0 0.0166600000004 9983.34 
83.0 295.0 0.0329800000009 9967.02 
145.0 301.0 0.067252256001 9932.747744 
199.0 315.0 0.132641672003 9867.358328 
246.0 315.0 0.0605569320014 9939.443068 
307.0 295.0 0.0729600000019 9927.04 
360.0 303.0 0.138611312001 9861.388688 
418.0 298.0 0.123061660002 9876.93834 
465.0 308.0 0.0612159040016 9938.784096 
521.0 313.0 0.0901164240025 9909.883576 
572.0 307.0 0.0362770080008 9963.722992 
648.0 318.0 0.00997247999994 9990.02752 
699.0 304.0 0.00997247999994 9990.02752 
751.0 296.0 0.0246600000006 9975.34 
795.0 319.0 0.0120634400002 9987.93656 
853.0 300.0 0.0244800000006 9975.52 
910.0 311.0 0.0363636400003 9963.63636 
948.0 312.0 0.0273524600004 9972.64754 
18.0 366.0 0.0124816000004 9987.5184 
94.0 368.0 0.0364680000004 9963.532 
141.0 368.0 0.0395208400009 9960.47916 
200.0 355.0 0.209559820001 9790.44018 
251.0 361.0 0.0992693600024 9900.73064 
294.0 368.0 0.047041720001 9952.95828 
358.0 371.0 0.0265650560006 9973.434944 
428.0 372.0 0.0265650560006 9973.434944 
467.0 356.0 0.0404400000011 9959.56 
518.0 358.0 0.0737991999998 9926.2008 
577.0 371.0 0.0737991999998 9926.2008 
642.0 348.0 0.0166400000004 9983.36 
688.0 363.0 0.012097968 9987.902032 
756.0 366.0 0.012097968 9987.902032 
817.0 348.0 0.0163400000004 9983.66 
851.0 371.0 0.0529836200008 9947.01638 
905.0 360.0 0.0483826560008 9951.617344 
970.0 370.0 0.0285777000002 9971.4223 
38.0 415.0 0.0238800000006 9976.12 
96.0 417.0 0.0731372560008 9926.862744 
132.0 425.0 0.102501824001 9897.498176 
206.0 412.0 0.220824928005 9779.17507199 
237.0 428.0 0.270051100002 9729.9489 
307.0 421.0 0.0754487200015 9924.55128 
358.0 409.0 0.056753220001 9943.24678 
414.0 427.0 0.0261051200005 9973.89488 
481.0 427.0 0.0456280000013 9954.372 
525.0 410.0 0.0320000000008 9968.0 
572.0 406.0 0.0320000000008 9968.0 
637.0 412.0 0.0118528199997 9988.14718 
696.0 428.0 0.0586938400013 9941.30616 
752.0 420.0 0.0663024000019 9933.6976 
809.0 422.0 0.0291997400004 9970.80026 
869.0 419.0 0.106849540001 9893.15046 
915.0 418.0 0.115658664002 9884.341336 
970.0 415.0 0.0693906480011 9930.609352 
27.0 499.0 0.01191186 9988.08814 
87.0 467.0 0.0985354000012 9901.4646 
128.0 484.0 0.166781332003 9833.218668 
195.0 478.0 0.0300870720006 9969.912928 
239.0 475.0 0.310446000009 9689.55399999 
310.0 472.0 0.0922600040014 9907.739996 
359.0 459.0 0.0161000000004 9983.9 
420.0 465.0 0.0321800000008 9967.82 
470.0 480.0 0.0542707000002 9945.7293 
523.0 467.0 0.0536906880012 9946.309312 
571.0 473.0 0.02018554 9979.81446 
631.0 459.0 0.00818000000021 9991.82 
701.0 475.0 0.0238000000006 9976.2 
743.0 464.0 0.0527580000012 9947.242 
815.0 470.0 0.0489200000013 9951.08 
868.0 458.0 0.0763371839994 9923.662816 
915.0 484.0 0.0957303400014 9904.26966 
970.0 475.0 0.037065360001 9962.93464 
34.0 547.0 0.00810000000021 9991.9 
71.0 546.0 0.0959659840018 9904.034016 
147.0 524.0 0.223132640002 9776.86736 
203.0 536.0 0.0867944000019 9913.2056 
263.0 516.0 0.289900764 9710.099236 
298.0 529.0 0.178911060004 9821.08894 
373.0 524.0 0.178911060004 9821.08894 
406.0 514.0 0.00834000000022 9991.66 
460.0 517.0 0.0132188999998 9986.7811 
534.0 538.0 0.0132188999998 9986.7811 
571.0 524.0 0.0077000000002 9992.3 
630.0 514.0 0.0077000000002 9992.3 
692.0 538.0 0.0291392880004 9970.860712 
757.0 516.0 0.0245600000006 9975.44 
811.0 516.0 0.0340394720002 9965.960528 
862.0 533.0 0.0458524400007 9954.14756 
925.0 537.0 0.0620408360014 9937.959164 
962.0 517.0 0.0461942560011 9953.805744 
23.0 595.0 0.026533592 9973.466408 
89.0 596.0 0.298046160004 9701.95384 
131.0 576.0 0.234897328005 9765.102672 
197.0 574.0 0.0164000000004 9983.6 
263.0 575.0 0.139400000004 9860.6 
305.0 594.0 0.0290032000008 9970.9968 
371.0 593.0 0.039700000001 9960.3 
426.0 587.0 0.099138984001 9900.861016 
482.0 584.0 0.0855357000005 9914.4643 
525.0 571.0 0.0535010960003 9946.498904 
577.0 587.0 0.0285004800002 9971.49952 
651.0 572.0 0.0161400000004 9983.86 
682.0 589.0 0.028615 9971.385 
745.0 589.0 0.035915080001 9964.08492 
819.0 577.0 0.00842000000022 9991.58 
862.0 580.0 0.0195288720006 9980.471128 
927.0 592.0 0.0793178600022 9920.68214 
980.0 574.0 0.0453101400006 9954.68986 
18.0 628.0 0.142402500002 9857.5975 
73.0 638.0 0.413776960004 9586.22304 
136.0 650.0 0.0358374400007 9964.16256 
205.0 652.0 0.0344388000006 9965.5612 
252.0 639.0 0.0442382160005 9955.761784 
297.0 650.0 0.0598692640015 9940.130736 
370.0 627.0 0.0167200000004 9983.28 
429.0 625.0 0.0763738400006 9923.62616 
477.0 646.0 0.0295767000002 9970.4233 
532.0 638.0 0.0295767000002 9970.4233 
569.0 631.0 0.0713092880019 9928.690712 
629.0 652.0 0.0553032360003 9944.696764 
703.0 639.0 0.0161400000004 9983.86 
742.0 634.0 0.0883996800011 9911.60032 
801.0 641.0 0.0383044800007 9961.69552 
874.0 643.0 0.0896443600004 9910.35564 
926.0 643.0 0.090452384002 9909.547616 
968.0 645.0 0.0595075840015 9940.492416 
39.0 691.0 0.139940000004 9860.06 
75.0 694.0 0.308424340001 9691.57566 
130.0 688.0 0.196384608004 9803.615392 
184.0 692.0 0.0374581120006 9962.541888 
249.0 685.0 0.0493400000013 9950.66 
303.0 688.0 0.0512095000003 9948.7905 
358.0 707.0 0.0312245520004 9968.775448 
406.0 702.0 0.0270515240005 9972.948476 
472.0 691.0 0.0334643800001 9966.53562 
517.0 696.0 0.0280312000007 9971.9688 
578.0 686.0 0.181199060001 9818.80094 
627.0 697.0 0.190865776004 9809.134224 
701.0 682.0 0.0333800000009 9966.62 
740.0 688.0 0.133054532004 9866.945468 
817.0 706.0 0.0407000000011 9959.3 
853.0 695.0 0.114648860002 9885.35114 
920.0 683.0 0.0322800000009 9967.72 
981.0 696.0 0.00794000000021 9992.06 
21.0 741.0 0.0677607160007 9932.239284 
70.0 746.0 0.0291709440007 9970.829056 
148.0 752.0 0.0348417640008 9965.158236 
181.0 763.0 0.0450950000006 9954.905 
261.0 751.0 0.00774000000021 9992.26 
296.0 742.0 0.00976168800034 9990.238312 
362.0 752.0 0.0242800000006 9975.72 
407.0 752.0 0.0295660999998 9970.4339 
475.0 743.0 0.0163000000004 9983.7 
515.0 741.0 0.00832000000022 9991.68 
580.0 745.0 0.340144260006 9659.85573999 
639.0 741.0 0.315806548002 9684.193452 
687.0 761.0 0.275166560006 9724.83343999 
742.0 741.0 0.280840600005 9719.1594 
792.0 762.0 0.203905052001 9796.094948 
856.0 745.0 0.138801880001 9861.19812 
929.0 759.0 0.065365600001 9934.6344 
961.0 761.0 0.026354704 9973.645296 
29.0 796.0 0.0763103999992 9923.6896 
79.0 806.0 0.0447168000007 9955.2832 
140.0 801.0 0.0330000000009 9967.0 
184.0 807.0 0.0343405440009 9965.659456 
239.0 806.0 0.0274499200005 9972.55008 
302.0 807.0 0.00822000000022 9991.78 
357.0 801.0 0.0377322840006 9962.267716 
416.0 818.0 0.0672857000007 9932.7143 
472.0 804.0 0.0303511040003 9969.648896 
535.0 805.0 0.502450192006 9497.54980799 
592.0 794.0 0.752569560012 9247.43043999 
634.0 795.0 0.49040410001 9509.59589999 
701.0 809.0 0.146591360004 9853.40864 
750.0 794.0 0.0938686560023 9906.131344 
817.0 807.0 0.172225200002 9827.7748 
864.0 801.0 0.180807360002 9819.19264 
915.0 808.0 0.143189400003 9856.8106 
963.0 838.0 0.112445184002 9887.554816 
36.0 850.0 0.0413000000011 9958.7 
90.0 867.0 0.0226285000003 9977.3715 
125.0 870.0 0.0395021760007 9960.497824 
202.0 847.0 0.039340000001 9960.66 
258.0 866.0 0.0354362919995 9964.563708 
307.0 872.0 0.0362699560009 9963.730044 
371.0 848.0 0.07293792 9927.06208 
412.0 871.0 0.0617055720012 9938.294428 
461.0 859.0 0.0328600000009 9967.14 
523.0 848.0 0.221080000006 9778.91999999 
574.0 859.0 0.0129111839997 9987.088816 
641.0 867.0 0.113882400003 9886.1176 
682.0 860.0 0.101411568002 9898.588432 
752.0 863.0 0.0238024400002 9976.19756 
818.0 868.0 0.0498400000013 9950.16 
871.0 868.0 0.135660112003 9864.339888 
909.0 858.0 0.153301376001 9846.698624 
961.0 876.0 0.106384224003 9893.615776 
34.0 924.0 0.0856613760023 9914.338624 
71.0 929.0 0.0941587000019 9905.8413 
125.0 924.0 0.0615923320003 9938.407668 
203.0 921.0 0.177433816004 9822.566184 
250.0 926.0 0.139317528003 9860.682472 
311.0 915.0 0.0464574080005 9953.542592 
374.0 904.0 0.0410200000011 9958.98 
416.0 907.0 0.0194193520003 9980.580648 
476.0 914.0 0.0381770000005 9961.823 
539.0 910.0 0.0579608000005 9942.0392 
573.0 905.0 0.0579608000005 9942.0392 
646.0 910.0 0.128353000001 9871.647 
692.0 914.0 0.146872448004 9853.127552 
756.0 903.0 0.0259048520005 9974.095148 
792.0 903.0 0.0293360400001 9970.66396 
869.0 907.0 0.0847117400016 9915.28826 
909.0 916.0 0.0934828760019 9906.517124 
978.0 918.0 0.0536633440008 9946.336656 
40.0 963.0 0.121018743999 9878.981256 
72.0 973.0 0.116631264002 9883.368736 
141.0 972.0 0.0819200000022 9918.08 
206.0 979.0 0.186515972001 9813.484028 
260.0 975.0 0.114356564002 9885.643436 
313.0 973.0 0.0875537160023 9912.446284 
355.0 980.0 0.0354517920006 9964.548208 
421.0 959.0 0.0166800000004 9983.32 
469.0 974.0 0.0128896479999 9987.110352 
529.0 962.0 0.0165400000004 9983.46 
572.0 960.0 0.0305228920004 9969.477108 
633.0 964.0 0.0490000000013 9951.0 
706.0 967.0 0.116360280003 9883.63972 
758.0 979.0 0.0863154560022 9913.684544 
809.0 968.0 0.0445805280006 9955.419472 
869.0 964.0 0.0413000000011 9958.7 
915.0 970.0 0.0604000000011 9939.6 
971.0 967.0 0.0466668400006 9953.33316 
913.0 807.0 0.109332560003 9890.66744 
608.0 818.0 0.394710016008 9605.28998399 
618.0 661.0 0.0935512000019 9906.4488 
828.0 451.0 0.0824800000022 9917.52 
135.0 770.0 0.0446360640011 9955.363936 
83.0 245.0 0.0452900000012 9954.71 
414.0 599.0 0.0594284600009 9940.57154 
167.0 979.0 0.130695700002 9869.3043 
323.0 65.0 0.0429722760007 9957.027724 
761.0 998.0 0.0407283200006 9959.27168 
655.0 822.0 0.211913900003 9788.0861 
235.0 420.0 0.242446420006 9757.55357999 
869.0 71.0 0.0244600000006 9975.54 
436.0 37.0 0.0993824640019 9900.617536 
332.0 260.0 0.0935718440024 9906.428156 
647.0 652.0 0.0251300640007 9974.869936 
42.0 28.0 0.0783799480009 9921.620052 
327.0 222.0 0.0674875280017 9932.512472 
929.0 629.0 0.100148632002 9899.851368 
745.0 867.0 0.0237000000006 9976.3 
997.0 922.0 0.0559439200014 9944.05608 
489.0 900.0 0.0615672400012 9938.43276 
972.0 974.0 0.0638811000012 9936.1189 
755.0 40.0 0.0307157840004 9969.284216 
186.0 800.0 0.0636722000014 9936.3278 
858.0 507.0 0.021753368 9978.246632 
