0.0 1000.0
24.0 33.0 0.035799360001 9964.20064 
76.0 33.0 0.0467436320007 9953.256368 
132.0 29.0 0.0706921640015 9929.307836 
180.0 15.0 0.0772145400007 9922.78546 
233.0 15.0 0.0373319280009 9962.668072 
264.0 33.0 0.0353896080005 9964.610392 
329.0 32.0 0.0300300240003 9969.969976 
377.0 28.0 0.00864000000022 9991.36 
432.0 15.0 0.0224792320003 9977.520768 
477.0 19.0 0.0362433920004 9963.756608 
519.0 20.0 0.0436393599998 9956.36064 
567.0 15.0 0.0370088760007 9962.991124 
612.0 26.0 0.0474556400007 9952.54436 
674.0 14.0 0.0240000000006 9976.0 
717.0 34.0 0.0828840000013 9917.116 
773.0 37.0 0.0580194800003 9941.98052 
820.0 24.0 0.0439106560005 9956.089344 
864.0 36.0 0.0434431400009 9956.55686 
930.0 14.0 0.00784000000021 9992.16 
971.0 28.0 0.0107831359997 9989.216864 
13.0 70.0 0.0611594800012 9938.84052 
75.0 80.0 0.0627450600012 9937.25494 
123.0 63.0 0.107819808002 9892.180192 
164.0 72.0 0.133834808002 9866.165192 
231.0 82.0 0.0165800000004 9983.42 
284.0 66.0 0.0514035400008 9948.59646 
319.0 85.0 0.0816735000009 9918.3265 
376.0 76.0 0.0846482800022 9915.35172 
428.0 70.0 0.0519510560014 9948.048944 
479.0 62.0 0.0326800000009 9967.32 
528.0 80.0 0.0533588800007 9946.64112 
585.0 83.0 0.090850800002 9909.1492 
621.0 84.0 0.0874166000006 9912.5834 
674.0 77.0 0.0686527280014 9931.347272 
725.0 80.0 0.124411120001 9875.58888 
772.0 75.0 0.124411120001 9875.58888 
835.0 67.0 0.062702400001 9937.2976 
868.0 69.0 0.0609506999994 9939.0493 
927.0 76.0 0.0402057200008 9959.79428 
965.0 66.0 0.0402057200008 9959.79428 
12.0 128.0 0.131705760004 9868.29424 
65.0 129.0 0.171678824004 9828.321176 
114.0 112.0 0.159090720003 9840.90928 
167.0 125.0 0.188812900004 9811.1871 
222.0 131.0 0.0591736200014 9940.82638 
273.0 131.0 0.0336503200006 9966.34968 
336.0 129.0 0.228305716005 9771.69428399 
378.0 129.0 0.211028800001 9788.9712 
431.0 117.0 0.153375676001 9846.624324 
479.0 129.0 0.0947910400009 9905.20896 
535.0 134.0 0.125619128003 9874.380872 
569.0 121.0 0.102625400003 9897.3746 
631.0 119.0 0.174305920004 9825.69408 
663.0 130.0 0.152548896002 9847.451104 
719.0 136.0 0.154541376001 9845.458624 
780.0 137.0 0.0160600000004 9983.94 
835.0 125.0 0.0512188280011 9948.781172 
879.0 113.0 0.0334200000009 9966.58 
930.0 137.0 0.0263433760007 9973.656624 
981.0 135.0 0.0276854400005 9972.31456 
21.0 183.0 0.104430400001 9895.5696 
70.0 180.0 0.340418368008 9659.58163199 
114.0 181.0 0.237660268004 9762.339732 
167.0 180.0 0.173985600004 9826.0144 
228.0 168.0 0.00802000000021 9991.98 
282.0 163.0 0.0805592560018 9919.440744 
324.0 186.0 0.315145200005 9684.8548 
380.0 168.0 0.313054760004 9686.94524 
422.0 179.0 0.0998301800026 9900.16982 
469.0 183.0 0.0383202960004 9961.679704 
524.0 172.0 0.093018680002 9906.98132 
574.0 168.0 0.260535108006 9739.46489199 
613.0 173.0 0.150558648003 9849.441352 
682.0 185.0 0.0568000000015 9943.2 
737.0 185.0 0.112557600003 9887.4424 
775.0 179.0 0.0872950000022 9912.705 
834.0 183.0 0.0921752520022 9907.824748 
875.0 182.0 0.0369194000009 9963.0806 
913.0 167.0 0.0244600000006 9975.54 
967.0 175.0 0.0509578400002 9949.04216 
24.0 212.0 0.275673120006 9724.32687999 
70.0 232.0 0.441631296003 9558.368704 
117.0 219.0 0.285908872002 9714.091128 
162.0 231.0 0.118776952003 9881.223048 
220.0 229.0 0.0367100000009 9963.29 
276.0 212.0 0.121175812003 9878.824188 
328.0 233.0 0.246801824006 9753.19817599 
371.0 221.0 0.348642816006 9651.35718399 
418.0 216.0 0.105991860002 9894.00814 
480.0 234.0 0.0547819800013 9945.21802 
535.0 215.0 0.229921748005 9770.078252 
568.0 219.0 0.305320400003 9694.6796 
625.0 236.0 0.0929445440023 9907.055456 
663.0 235.0 0.0279081280007 9972.091872 
730.0 229.0 0.0500800000013 9949.92 
778.0 225.0 0.189088256005 9810.91174399 
828.0 234.0 0.150768856002 9849.231144 
885.0 218.0 0.0810945800014 9918.90542 
935.0 229.0 0.0428265999997 9957.1734 
968.0 218.0 0.0514224800011 9948.57752 
35.0 269.0 0.0408800000011 9959.12 
78.0 265.0 0.477067280011 9522.93271999 
114.0 287.0 0.565724000009 9434.27599999 
167.0 278.0 0.250182440005 9749.81756 
223.0 275.0 0.0684214000005 9931.5786 
286.0 271.0 0.153120000004 9846.88 
332.0 266.0 0.262027604005 9737.972396 
364.0 264.0 0.226189104005 9773.81089599 
426.0 267.0 0.0410800000011 9958.92 
480.0 271.0 0.170460624003 9829.539376 
530.0 269.0 0.433419584005 9566.580416 
586.0 270.0 0.348286436002 9651.713564 
621.0 281.0 0.119049476003 9880.950524 
667.0 279.0 0.0593778640013 9940.622136 
724.0 272.0 0.144626800003 9855.3732 
768.0 279.0 0.263549200005 9736.45079999 
829.0 262.0 0.100776352002 9899.223648 
867.0 273.0 0.0686989600017 9931.30104 
928.0 283.0 0.0327600000009 9967.24 
984.0 268.0 0.0221520400005 9977.84796 
30.0 334.0 0.40965614001 9590.34385999 
68.0 325.0 0.693368600014 9306.63139999 
126.0 321.0 0.676470880017 9323.52911998 
165.0 324.0 0.218822500005 9781.17749999 
216.0 326.0 0.0298475600006 9970.15244 
265.0 330.0 0.0548864560008 9945.113544 
324.0 326.0 0.0605233280005 9939.476672 
376.0 336.0 0.0381619360005 9961.838064 
416.0 327.0 0.0385819200008 9961.41808 
477.0 333.0 0.438163232003 9561.836768 
523.0 322.0 0.431963356002 9568.036644 
563.0 333.0 0.217698608005 9782.30139199 
615.0 332.0 0.124246720003 9875.75328 
674.0 336.0 0.0998102080015 9900.189792 
734.0 320.0 0.274325880001 9725.67412 
776.0 318.0 0.152935252004 9847.064748 
824.0 320.0 0.135615840003 9864.38416 
875.0 333.0 0.0613030800016 9938.69692 
915.0 317.0 0.00836000000022 9991.64 
967.0 327.0 0.021088288 9978.911712 
26.0 384.0 0.021088288 9978.911712 
67.0 378.0 0.78921760001 9210.78239999 
126.0 381.0 0.256918240006 9743.08175999 
175.0 379.0 0.0561008000009 9943.8992 
235.0 379.0 0.0494200000013 9950.58 
279.0 377.0 0.124249120003 9875.75088 
328.0 382.0 0.0942147360023 9905.785264 
373.0 374.0 0.0860093640016 9913.990636 
424.0 385.0 0.0839753800011 9916.02462 
468.0 373.0 0.332444180001 9667.55582 
537.0 377.0 0.196740000005 9803.25999999 
579.0 381.0 0.170875280004 9829.12472 
616.0 385.0 0.195626560005 9804.37343999 
664.0 382.0 0.136729736003 9863.270264 
723.0 378.0 0.351211464003 9648.788536 
774.0 371.0 0.0644000000017 9935.6 
828.0 376.0 0.0875603160004 9912.439684 
883.0 380.0 0.0917588080019 9908.241192 
927.0 382.0 0.0693816000018 9930.6184 
968.0 369.0 0.0377713440007 9962.228656 
23.0 423.0 0.283777600007 9716.22239999 
73.0 432.0 0.566525000001 9433.475 
127.0 419.0 0.351198300007 9648.80169999 
179.0 431.0 0.101504832003 9898.495168 
223.0 437.0 0.0335457040004 9966.454296 
280.0 428.0 0.150302456003 9849.697544 
320.0 429.0 0.159989700004 9840.0103 
385.0 427.0 0.119322536001 9880.677464 
436.0 432.0 0.0858757600015 9914.12424 
477.0 419.0 0.147820000004 9852.18 
527.0 430.0 0.0197840640006 9980.215936 
569.0 434.0 0.0613924800017 9938.60752 
615.0 426.0 0.125003944003 9874.996056 
666.0 414.0 0.118830820003 9881.16918 
728.0 435.0 0.469363500008 9530.63649999 
769.0 428.0 0.259654520006 9740.34547999 
817.0 416.0 0.146353408001 9853.646592 
866.0 433.0 0.117761600002 9882.2384 
921.0 417.0 0.133041264002 9866.958736 
971.0 422.0 0.0752042000013 9924.7958 
16.0 472.0 0.0666432400009 9933.35676 
67.0 465.0 0.254600000007 9745.39999999 
127.0 482.0 0.0364105920009 9963.589408 
168.0 483.0 0.0365292400008 9963.47076 
232.0 463.0 0.0662800000017 9933.72 
283.0 463.0 0.186109984001 9813.890016 
329.0 470.0 0.184324400004 9815.6756 
383.0 474.0 0.161092544002 9838.907456 
425.0 476.0 0.123361856003 9876.638144 
466.0 483.0 0.0898470560024 9910.152944 
527.0 474.0 0.0492600000013 9950.74 
571.0 480.0 0.169406208003 9830.593792 
620.0 482.0 0.118774880002 9881.22512 
673.0 476.0 0.038179360001 9961.82064 
723.0 475.0 0.371547499997 9628.4525 
773.0 480.0 0.221954640005 9778.04535999 
836.0 476.0 0.221954640005 9778.04535999 
877.0 468.0 0.0506200000013 9949.38 
929.0 474.0 0.060586160001 9939.41384 
986.0 474.0 0.0489432200009 9951.05678 
33.0 519.0 0.0781057800009 9921.89422 
66.0 515.0 0.0426814800009 9957.31852 
131.0 526.0 0.109768616002 9890.231384 
174.0 536.0 0.0876280080019 9912.371992 
237.0 530.0 0.0396700200004 9960.32998 
279.0 527.0 0.0433388320011 9956.661168 
317.0 524.0 0.0487000000013 9951.3 
381.0 533.0 0.203353572006 9796.64642799 
431.0 522.0 0.158108984004 9841.891016 
474.0 522.0 0.0633090320012 9936.690968 
521.0 514.0 0.074400000002 9925.6 
577.0 530.0 0.199272960005 9800.72704 
627.0 514.0 0.153482832003 9846.517168 
672.0 519.0 0.0448666000011 9955.1334 
734.0 523.0 0.157860000004 9842.14 
784.0 521.0 0.0360142400007 9963.98576 
835.0 513.0 0.00854000000022 9991.46 
878.0 534.0 0.0210313200002 9978.96868 
927.0 525.0 0.00830000000022 9991.7 
962.0 532.0 0.0186148400001 9981.38516 
14.0 571.0 0.0330600000009 9966.94 
75.0 580.0 0.0684772000013 9931.5228 
114.0 583.0 0.206742368001 9793.257632 
171.0 586.0 0.133135720001 9866.86428 
224.0 564.0 0.0854492840017 9914.550716 
281.0 567.0 0.108364024002 9891.635976 
312.0 569.0 0.0631466000013 9936.8534 
385.0 584.0 0.250909668001 9749.090332 
425.0 565.0 0.188397232005 9811.602768 
486.0 564.0 0.0173200000005 9982.68 
527.0 574.0 0.0115005760002 9988.499424 
583.0 563.0 0.0954816800023 9904.51832 
630.0 578.0 0.0308463360007 9969.153664 
676.0 577.0 0.0786448080015 9921.355192 
717.0 570.0 0.0786448080015 9921.355192 
783.0 569.0 0.0727032400014 9927.29676 
822.0 586.0 0.0608330640012 9939.166936 
887.0 564.0 0.0171200000004 9982.88 
917.0 578.0 0.0392716200005 9960.72838 
987.0 580.0 0.0356936400006 9964.30636 
35.0 628.0 0.0280304920004 9971.969508 
87.0 619.0 0.0738600000019 9926.14 
127.0 630.0 0.252671780005 9747.32821999 
163.0 627.0 0.0923802320025 9907.619768 
236.0 613.0 0.0410800000011 9958.92 
286.0 626.0 0.0923501320018 9907.649868 
332.0 624.0 0.272165300007 9727.83469999 
381.0 625.0 0.319210140002 9680.78986 
434.0 613.0 0.113390944002 9886.609056 
465.0 634.0 0.0400828800009 9959.91712 
522.0 623.0 0.0383668000007 9961.6332 
584.0 613.0 0.0251800000007 9974.82 
621.0 617.0 0.0190791000005 9980.9209 
684.0 632.0 0.120543600001 9879.4564 
734.0 635.0 0.191802972004 9808.197028 
784.0 619.0 0.148265024002 9851.734976 
814.0 632.0 0.0783206400017 9921.67936 
876.0 620.0 0.00858000000022 9991.42 
913.0 619.0 0.0248200000007 9975.18 
963.0 615.0 0.0492919680011 9950.708032 
27.0 665.0 0.0837074800022 9916.29252 
71.0 676.0 0.118460384003 9881.539616 
119.0 679.0 0.276807968001 9723.192032 
166.0 670.0 0.131688208002 9868.311792 
220.0 684.0 0.0436033520012 9956.396648 
281.0 686.0 0.32638762401 9673.61237599 
327.0 670.0 0.432737616003 9567.262384 
369.0 676.0 0.349970400008 9650.02959999 
423.0 684.0 0.111971840002 9888.02816 
471.0 682.0 0.0246400000006 9975.36 
530.0 682.0 0.022583776 9977.416224 
566.0 665.0 0.0139775719999 9986.022428 
628.0 679.0 0.0297167040001 9970.283296 
672.0 666.0 0.0568600000015 9943.14 
736.0 674.0 0.188584264003 9811.415736 
786.0 674.0 0.136040000004 9863.96 
833.0 682.0 0.102995008003 9897.004992 
883.0 687.0 0.0799388560017 9920.061144 
929.0 683.0 0.0159600000004 9984.04 
985.0 667.0 0.0376950400009 9962.30496 
28.0 712.0 0.149146560002 9850.85344 
77.0 712.0 0.158064192003 9841.935808 
125.0 735.0 0.315895900002 9684.1041 
167.0 726.0 0.170929480004 9829.07052 
214.0 725.0 0.0342725760009 9965.727424 
284.0 729.0 0.141140000004 9858.86 
331.0 719.0 0.493503840007 9506.49615999 
373.0 718.0 0.116760000003 9883.24 
422.0 724.0 0.0351279880009 9964.872012 
463.0 729.0 0.0455235040011 9954.476496 
535.0 715.0 0.0408800000011 9959.12 
585.0 729.0 0.0535362880008 9946.463712 
612.0 733.0 0.0669406200009 9933.05938 
674.0 736.0 0.165320000004 9834.68 
729.0 727.0 0.279331000006 9720.66899999 
767.0 723.0 0.0797933360017 9920.206664 
834.0 718.0 0.148410540002 9851.58946 
866.0 721.0 0.0780419560019 9921.958044 
925.0 729.0 0.0561865000013 9943.8135 
966.0 718.0 0.0200377680004 9979.962232 
36.0 764.0 0.189689616001 9810.310384 
72.0 784.0 0.0780515440015 9921.948456 
128.0 769.0 0.291638720002 9708.36128 
163.0 779.0 0.265979548006 9734.02045199 
226.0 777.0 0.0242000000006 9975.8 
273.0 771.0 0.058770360001 9941.22964 
317.0 787.0 0.0788700000021 9921.13 
364.0 782.0 0.0354697200009 9964.53028 
415.0 786.0 0.0282889120004 9971.711088 
485.0 781.0 0.089818692002 9910.181308 
514.0 776.0 0.0254429200004 9974.55708 
583.0 777.0 0.0158200000004 9984.18 
624.0 778.0 0.0454218480011 9954.578152 
672.0 778.0 0.0273603200008 9972.63968 
714.0 772.0 0.418593344008 9581.40665599 
786.0 780.0 0.272635200007 9727.36479999 
825.0 766.0 0.239116704007 9760.88329599 
865.0 786.0 0.127576000003 9872.424 
918.0 764.0 0.0870357160012 9912.964284 
967.0 778.0 0.0385203320003 9961.479668 
35.0 820.0 0.253320624002 9746.679376 
63.0 834.0 0.177658680004 9822.34132 
137.0 820.0 0.172020000005 9827.98 
163.0 818.0 0.214167600004 9785.8324 
219.0 815.0 0.154748700001 9845.2513 
277.0 817.0 0.124834368 9875.165632 
320.0 830.0 0.114555792002 9885.444208 
387.0 828.0 0.0320400000008 9967.96 
413.0 821.0 0.0358753880006 9964.124612 
482.0 831.0 0.10239246 9897.60754 
520.0 837.0 0.137132640003 9862.86736 
576.0 828.0 0.060717648001 9939.282352 
622.0 833.0 0.0964768800023 9903.52312 
674.0 819.0 0.00790000000021 9992.1 
728.0 818.0 0.42180649601 9578.19350399 
780.0 812.0 0.352172560006 9647.82743999 
827.0 823.0 0.321681040007 9678.31895999 
877.0 827.0 0.0541957920013 9945.804208 
926.0 818.0 0.0791871000011 9920.8129 
979.0 825.0 0.0452413920007 9954.758608 
27.0 868.0 0.0913800000024 9908.62 
64.0 869.0 0.336277364006 9663.72263599 
116.0 884.0 0.105335040002 9894.66496 
183.0 868.0 0.325656544006 9674.34345599 
236.0 884.0 0.088327280002 9911.67272 
263.0 881.0 0.0560400000015 9943.96 
333.0 874.0 0.126949600003 9873.0504 
362.0 867.0 0.0838999600013 9916.10004 
420.0 869.0 0.0584437120001 9941.556288 
485.0 867.0 0.0961800000025 9903.82 
531.0 880.0 0.121347520003 9878.65248 
573.0 882.0 0.104872320003 9895.12768 
624.0 869.0 0.0919200000024 9908.08 
665.0 865.0 0.158837743999 9841.162256 
712.0 881.0 0.207482240004 9792.51776 
782.0 881.0 0.0491400000013 9950.86 
815.0 874.0 0.125484264003 9874.515736 
872.0 876.0 0.147637252002 9852.362748 
926.0 863.0 0.115508260001 9884.49174 
979.0 878.0 0.0605815840013 9939.418416 
23.0 916.0 0.236167808006 9763.83219199 
69.0 927.0 0.366161500003 9633.8385 
136.0 934.0 0.00880000000023 9991.2 
177.0 918.0 0.374223079997 9625.77692 
227.0 922.0 0.300766848007 9699.23315199 
285.0 920.0 0.231828544001 9768.171456 
327.0 922.0 0.161622304004 9838.377696 
374.0 936.0 0.0603138200011 9939.68618 
433.0 932.0 0.0859554000019 9914.0446 
473.0 932.0 0.108092800003 9891.9072 
515.0 912.0 0.083305088002 9916.694912 
584.0 914.0 0.0755711200007 9924.42888 
636.0 917.0 0.0551313760007 9944.868624 
672.0 926.0 0.0415565160011 9958.443484 
732.0 919.0 0.171108656003 9828.891344 
780.0 936.0 0.148173804001 9851.826196 
824.0 929.0 0.110116000003 9889.884 
869.0 931.0 0.0779799480009 9922.020052 
925.0 916.0 0.0562800000015 9943.72 
970.0 926.0 0.0439685000011 9956.0315 
25.0 968.0 0.281494776002 9718.505224 
66.0 981.0 0.37274720001 9627.25279999 
133.0 979.0 0.37274720001 9627.25279999 
184.0 972.0 0.180780000005 9819.22 
214.0 966.0 0.0646987840004 9935.301216 
267.0 977.0 0.145942360004 9854.05764 
318.0 981.0 0.0585789080016 9941.421092 
363.0 979.0 0.0278664000002 9972.1336 
430.0 971.0 0.0409000000011 9959.1 
485.0 963.0 0.060637880001 9939.36212 
533.0 972.0 0.0284209400002 9971.57906 
576.0 969.0 0.0247000000006 9975.3 
627.0 977.0 0.0540451000006 9945.9549 
685.0 968.0 0.0680280200008 9931.97198 
729.0 983.0 0.0282964120004 9971.703588 
769.0 971.0 0.0282964120004 9971.703588 
824.0 969.0 0.120763800003 9879.2362 
874.0 967.0 0.0268770080002 9973.122992 
935.0 971.0 0.0429799999999 9957.02 
971.0 966.0 0.0348411560004 9965.158844 
