0.0 1000.0
31.0 17.0 0.0389942560009 9961.005744 
83.0 29.0 0.0789395240016 9921.060476 
122.0 14.0 0.0799022400016 9920.09776 
155.0 19.0 0.0360182160004 9963.981784 
203.0 18.0 0.0305400720007 9969.459928 
273.0 34.0 0.0469176720009 9953.082328 
302.0 16.0 0.046531628001 9953.468372 
362.0 13.0 0.00694000000019 9993.06 
397.0 16.0 0.0524252000012 9947.5748 
452.0 14.0 0.0543630560011 9945.636944 
502.0 32.0 0.0697251000011 9930.2749 
543.0 33.0 0.0672173760017 9932.782624 
591.0 26.0 0.109588696002 9890.411304 
642.0 14.0 0.0713876800013 9928.61232 
682.0 22.0 0.0394096880008 9960.590312 
743.0 25.0 0.00848000000022 9991.52 
793.0 29.0 0.0283671360006 9971.632864 
836.0 20.0 0.0430457440009 9956.954256 
881.0 30.0 0.0598983840002 9940.101616 
927.0 12.0 0.0360640000004 9963.936 
975.0 28.0 0.0343520640008 9965.647936 
28.0 68.0 0.0453239400006 9954.67606 
64.0 64.0 0.112770520003 9887.22948 
108.0 71.0 0.212377632004 9787.622368 
157.0 62.0 0.0824209600015 9917.57904 
220.0 70.0 0.0899816960013 9910.018304 
259.0 83.0 0.132247004002 9867.752996 
312.0 65.0 0.133738044002 9866.261956 
355.0 81.0 0.159391320005 9840.60868 
411.0 68.0 0.120686900001 9879.3131 
459.0 72.0 0.0906179200022 9909.38208 
490.0 73.0 0.112574500002 9887.4255 
540.0 70.0 0.100318576002 9899.681424 
592.0 65.0 0.173987400002 9826.0126 
641.0 79.0 0.199849792005 9800.15020799 
694.0 82.0 0.164114416002 9835.885584 
742.0 63.0 0.112336100002 9887.6639 
783.0 78.0 0.0799439440014 9920.056056 
826.0 64.0 0.102308580002 9897.69142 
879.0 62.0 0.112879520002 9887.12048 
917.0 79.0 0.105112240002 9894.88776 
971.0 68.0 0.0569204760008 9943.079524 
31.0 124.0 0.0622726000017 9937.7274 
67.0 124.0 0.143796452003 9856.203548 
124.0 121.0 0.271499184007 9728.50081599 
163.0 124.0 0.211933824005 9788.06617599 
208.0 110.0 0.099798832002 9900.201168 
271.0 128.0 0.111162767999 9888.837232 
304.0 128.0 0.118137344003 9881.862656 
368.0 112.0 0.160204248003 9839.795752 
396.0 129.0 0.339196360005 9660.80364 
456.0 112.0 0.108157160002 9891.84284 
506.0 110.0 0.161641720004 9838.35828 
543.0 121.0 0.0762440600014 9923.75594 
603.0 121.0 0.298787556006 9701.21244399 
647.0 117.0 0.324817160008 9675.18283999 
700.0 113.0 0.255385480007 9744.61451999 
738.0 129.0 0.191984664006 9808.01533599 
779.0 117.0 0.162274900002 9837.7251 
837.0 116.0 0.172081140004 9827.91886 
891.0 118.0 0.155836800003 9844.1632 
918.0 125.0 0.153794016003 9846.205984 
979.0 123.0 0.0157400000004 9984.26 
32.0 167.0 0.108589856003 9891.410144 
81.0 173.0 0.0819344920024 9918.065508 
128.0 167.0 0.337310400007 9662.68959999 
157.0 178.0 0.219181664005 9780.81833599 
218.0 166.0 0.118951840002 9881.04816 
266.0 173.0 0.0698677760019 9930.132224 
320.0 158.0 0.116260000003 9883.74 
355.0 159.0 0.320356620003 9679.64338 
411.0 171.0 0.364589360008 9635.41063999 
440.0 162.0 0.260581032003 9739.418968 
493.0 156.0 0.215699160004 9784.30084 
545.0 162.0 0.236279840006 9763.72015999 
598.0 165.0 0.451419040009 9548.58095999 
644.0 176.0 0.421969684007 9578.03031599 
679.0 167.0 0.398147584006 9601.85241599 
729.0 164.0 0.266826316005 9733.17368399 
786.0 178.0 0.286062080007 9713.93791999 
838.0 160.0 0.177540352004 9822.459648 
885.0 167.0 0.224592416004 9775.407584 
928.0 162.0 0.148880960004 9851.11904 
968.0 172.0 0.0542280000012 9945.772 
18.0 213.0 0.150338960001 9849.66104 
77.0 219.0 0.143136016001 9856.863984 
117.0 204.0 0.191646900004 9808.3531 
156.0 213.0 0.432307960011 9567.69203999 
225.0 207.0 0.159374720001 9840.62528 
266.0 221.0 0.121577564003 9878.422436 
305.0 215.0 0.129332960003 9870.66704 
354.0 215.0 0.169159532 9830.840468 
414.0 213.0 0.306619072009 9693.38092799 
450.0 226.0 0.144422788004 9855.577212 
498.0 216.0 0.0293268000003 9970.6732 
551.0 208.0 0.222644480004 9777.35552 
599.0 218.0 0.670226688009 9329.77331199 
641.0 219.0 0.46675455601 9533.24544399 
679.0 223.0 0.356898800007 9643.10119999 
745.0 213.0 0.328896352008 9671.10364799 
795.0 209.0 0.380956400005 9619.04359999 
822.0 220.0 0.326532028008 9673.46797199 
885.0 219.0 0.203167680003 9796.83232 
927.0 215.0 0.0886382400021 9911.36176 
975.0 204.0 0.0375974680005 9962.402532 
21.0 269.0 0.232547104005 9767.45289599 
66.0 258.0 0.183127440003 9816.87256 
129.0 272.0 0.357005480009 9642.99451999 
159.0 254.0 0.577481248001 9422.518752 
212.0 254.0 0.306827976007 9693.17202399 
256.0 262.0 0.153141904003 9846.858096 
297.0 263.0 0.0729671360014 9927.032864 
346.0 250.0 0.171720000005 9828.28 
402.0 251.0 0.248284131999 9751.715868 
440.0 267.0 0.259440400005 9740.55959999 
492.0 254.0 0.0719084000014 9928.0916 
559.0 262.0 0.328352800008 9671.64719999 
599.0 259.0 0.856322536025 9143.67746398 
642.0 263.0 0.511433760006 9488.56623999 
697.0 266.0 0.214424496005 9785.57550399 
738.0 258.0 0.323509392008 9676.49060799 
777.0 258.0 0.449796800013 9550.20319999 
842.0 265.0 0.0775500000015 9922.45 
878.0 256.0 0.0697150240005 9930.284976 
935.0 267.0 0.0956546400022 9904.34536 
980.0 256.0 0.0675374160006 9932.462584 
13.0 317.0 0.206937760006 9793.06223999 
59.0 304.0 0.274261120006 9725.73887999 
124.0 306.0 0.274261120006 9725.73887999 
170.0 298.0 0.631438380004 9368.56162 
205.0 312.0 0.413426860011 9586.57313999 
251.0 315.0 0.102552112001 9897.447888 
312.0 304.0 0.0329200000009 9967.08 
354.0 318.0 0.0548125120013 9945.187488 
399.0 319.0 0.0588746880015 9941.125312 
456.0 305.0 0.112725420001 9887.27458 
497.0 309.0 0.101519720002 9898.48028 
559.0 298.0 0.301700000008 9698.29999999 
592.0 319.0 0.351949096009 9648.05090399 
633.0 306.0 0.556097200014 9443.90279999 
694.0 316.0 0.0284127120008 9971.587288 
748.0 314.0 0.670973440019 9329.02655998 
785.0 314.0 0.478045992011 9521.95400799 
832.0 305.0 0.143202720002 9856.79728 
878.0 314.0 0.094257728001 9905.742272 
936.0 304.0 0.0328800000009 9967.12 
965.0 308.0 0.0536027280013 9946.397272 
17.0 349.0 0.256304520005 9743.69547999 
66.0 363.0 0.325673440008 9674.32655999 
107.0 366.0 0.0941212880023 9905.878712 
176.0 345.0 0.431331588007 9568.66841199 
212.0 356.0 0.246420000006 9753.57999999 
264.0 355.0 0.123759504003 9876.240496 
307.0 349.0 0.0529025200006 9947.09748 
352.0 368.0 0.0908219000021 9909.1781 
415.0 347.0 0.0485600000013 9951.44 
462.0 354.0 0.0777463440019 9922.253656 
510.0 365.0 0.114256908002 9885.743092 
554.0 355.0 0.361923472009 9638.07652799 
601.0 353.0 0.768679780012 9231.32021999 
640.0 352.0 0.38506693601 9614.93306399 
691.0 361.0 0.295027152007 9704.97284799 
738.0 368.0 0.592348004007 9407.65199599 
785.0 350.0 0.632341480013 9367.65851999 
840.0 351.0 0.203315792003 9796.684208 
883.0 350.0 0.0335400000009 9966.46 
925.0 357.0 0.0276330920004 9972.366908 
985.0 348.0 0.0245200000006 9975.48 
18.0 397.0 0.287475640005 9712.52435999 
62.0 405.0 0.300086016006 9699.91398399 
128.0 400.0 0.0866806080011 9913.319392 
164.0 404.0 0.0430241600008 9956.97584 
210.0 399.0 0.0778970000015 9922.103 
262.0 403.0 0.155604812004 9844.395188 
302.0 396.0 0.0776373400017 9922.36266 
368.0 411.0 0.120823420001 9879.17658 
395.0 415.0 0.0607443240013 9939.255676 
455.0 409.0 0.0277014400005 9972.29856 
510.0 398.0 0.152334016003 9847.665984 
557.0 403.0 0.0805366200014 9919.46338 
600.0 401.0 0.308980000008 9691.01999999 
635.0 397.0 0.363477864009 9636.52213599 
689.0 394.0 0.228120000006 9771.87999999 
726.0 403.0 0.265067716006 9734.93228399 
796.0 412.0 0.147056992004 9852.943008 
825.0 411.0 0.111232584002 9888.767416 
874.0 399.0 0.134294200002 9865.7058 
926.0 403.0 0.0652310400012 9934.76896 
970.0 414.0 0.027535884 9972.464116 
27.0 446.0 0.0651000000017 9934.9 
76.0 441.0 0.307010000002 9692.99 
107.0 447.0 0.110506592002 9889.493408 
159.0 440.0 0.149820000003 9850.18 
211.0 456.0 0.229144800006 9770.85519999 
262.0 456.0 0.214523060003 9785.47694 
303.0 456.0 0.167203500004 9832.7965 
359.0 459.0 0.146698848004 9853.301152 
407.0 458.0 0.0593757720002 9940.624228 
447.0 457.0 0.0545912800014 9945.40872 
507.0 448.0 0.206704460002 9793.29554 
546.0 461.0 0.157831680004 9842.16832 
588.0 457.0 0.173104832004 9826.895168 
646.0 451.0 0.150980800004 9849.0192 
696.0 457.0 0.192097696004 9807.902304 
733.0 455.0 0.150757124004 9849.242876 
797.0 457.0 0.236022400004 9763.9776 
840.0 457.0 0.142806844003 9857.193156 
885.0 461.0 0.0547290800012 9945.27092 
920.0 450.0 0.0161600000004 9983.84 
984.0 444.0 0.00806000000021 9991.94 
13.0 507.0 0.118207744003 9881.792256 
66.0 496.0 0.349488572002 9650.511428 
119.0 495.0 0.307453424008 9692.54657599 
171.0 496.0 0.329001448008 9670.99855199 
222.0 499.0 0.287186800005 9712.81319999 
264.0 503.0 0.273442672007 9726.55732799 
307.0 509.0 0.267940900003 9732.0591 
359.0 505.0 0.212744000004 9787.256 
395.0 511.0 0.194924800005 9805.07519999 
449.0 501.0 0.0789980000019 9921.002 
509.0 499.0 0.403504736006 9596.49526399 
544.0 505.0 0.371519640008 9628.48035999 
599.0 507.0 0.238465036005 9761.534964 
654.0 500.0 0.0488400000013 9951.16 
680.0 504.0 0.0432095040009 9956.790496 
739.0 492.0 0.37949064001 9620.50935999 
785.0 491.0 0.315644384007 9684.35561599 
841.0 488.0 0.212407600004 9787.5924 
879.0 490.0 0.0524115520012 9947.588448 
938.0 509.0 0.00858000000022 9991.42 
964.0 494.0 0.010126116 9989.873884 
30.0 542.0 0.156860060004 9843.13994 
61.0 550.0 0.40060286001 9599.39713999 
114.0 537.0 0.147180000004 9852.82 
161.0 537.0 0.501531340002 9498.46866 
209.0 551.0 0.37919000001 9620.80999999 
268.0 549.0 0.417041940004 9582.95806 
319.0 544.0 0.184615288005 9815.384712 
368.0 542.0 0.142106464003 9857.893536 
407.0 547.0 0.238597424006 9761.40257599 
449.0 536.0 0.314755120005 9685.24487999 
497.0 559.0 0.554733536008 9445.26646399 
537.0 551.0 0.490194944006 9509.80505599 
593.0 546.0 0.155815224004 9844.184776 
652.0 544.0 0.104558900001 9895.4411 
692.0 547.0 0.0502208360012 9949.779164 
741.0 540.0 0.245310208006 9754.68979199 
785.0 538.0 0.119612516002 9880.387484 
844.0 550.0 0.0485000000013 9951.5 
886.0 553.0 0.0899420320018 9910.057968 
921.0 549.0 0.0688709120015 9931.129088 
974.0 557.0 0.0287253080004 9971.274692 
33.0 592.0 0.261524968005 9738.47503199 
68.0 606.0 0.305839664003 9694.160336 
110.0 585.0 0.414835940011 9585.16405999 
157.0 596.0 0.535550040008 9464.44995999 
208.0 605.0 0.149464000004 9850.536 
271.0 605.0 0.409643360011 9590.35663999 
318.0 584.0 0.176922800003 9823.0772 
358.0 586.0 0.137411696004 9862.588304 
408.0 598.0 0.282844016003 9717.155984 
444.0 605.0 0.330780348009 9669.21965199 
490.0 601.0 0.687402700013 9312.59729999 
558.0 585.0 0.203980000005 9796.01999999 
604.0 599.0 0.131486636003 9868.513364 
639.0 589.0 0.0772648000009 9922.7352 
696.0 589.0 0.0460293720009 9953.970628 
745.0 584.0 0.122300000003 9877.7 
786.0 594.0 0.0304189360005 9969.581064 
839.0 583.0 0.0245800000006 9975.42 
871.0 585.0 0.0946536480004 9905.346352 
922.0 591.0 0.114860320003 9885.13968 
973.0 591.0 0.0372976600004 9962.70234 
34.0 646.0 0.140260000004 9859.74 
64.0 648.0 0.136038672003 9863.961328 
125.0 641.0 0.578554620012 9421.44537999 
159.0 650.0 0.332135768009 9667.86423199 
224.0 633.0 0.138300000004 9861.7 
267.0 637.0 0.3181619 9681.8381 
304.0 647.0 0.702784648018 9297.21535198 
346.0 650.0 0.421418076011 9578.58192399 
397.0 647.0 0.833951100017 9166.04889998 
445.0 651.0 1.15277459201 8847.22540799 
491.0 651.0 0.800854368024 9199.14563198 
538.0 636.0 0.544720736013 9455.27926399 
594.0 640.0 0.187783936002 9812.216064 
640.0 651.0 0.0974373600013 9902.56264 
690.0 641.0 0.0370952000005 9962.9048 
742.0 638.0 0.209496540002 9790.50346 
782.0 650.0 0.162682848001 9837.317152 
824.0 642.0 0.111531992001 9888.468008 
879.0 636.0 0.128036460002 9871.96354 
929.0 641.0 0.0815012000015 9918.4988 
965.0 643.0 0.0427088000009 9957.2912 
13.0 694.0 0.0107024399996 9989.29756 
77.0 691.0 0.38283170401 9617.16829599 
124.0 699.0 0.723066088013 9276.93391199 
156.0 700.0 0.269670536006 9730.32946399 
205.0 688.0 0.0684296800014 9931.57032 
253.0 688.0 0.454596000012 9545.40399999 
309.0 691.0 1.41810864001 8581.89135999 
360.0 696.0 1.42849023203 8571.50976797 
415.0 698.0 1.40573955203 8594.26044797 
450.0 699.0 0.735619232017 9264.38076798 
501.0 696.0 0.307506168008 9692.49383199 
550.0 693.0 0.115618592003 9884.381408 
591.0 699.0 0.0864069760024 9913.593024 
648.0 697.0 0.0518370000007 9948.163 
684.0 698.0 0.0348218920005 9965.178108 
733.0 696.0 0.272525000006 9727.47499999 
793.0 694.0 0.0890200000023 9910.98 
824.0 689.0 0.188502220002 9811.49778 
884.0 692.0 0.0862612000009 9913.7388 
919.0 693.0 0.0668812160015 9933.118784 
973.0 690.0 0.0359968960009 9964.003104 
16.0 728.0 0.00868000000023 9991.32 
76.0 732.0 0.717441200018 9282.55879998 
130.0 745.0 0.537975500013 9462.02449999 
168.0 735.0 0.376019152009 9623.98084799 
214.0 741.0 0.135864096003 9864.135904 
252.0 741.0 0.0763750240018 9923.624976 
300.0 733.0 1.04114004002 8958.85995998 
367.0 736.0 0.458478660012 9541.52133999 
405.0 747.0 0.419856520011 9580.14347999 
444.0 748.0 0.446865632011 9553.13436799 
492.0 731.0 0.191175328002 9808.824672 
537.0 735.0 0.136418904002 9863.581096 
600.0 736.0 0.0441824000011 9955.8176 
645.0 726.0 0.0245200000006 9975.48 
682.0 727.0 0.0350070800008 9964.99292 
744.0 734.0 0.300386800002 9699.6132 
782.0 748.0 0.296280000007 9703.71999999 
832.0 737.0 0.192181552005 9807.818448 
873.0 734.0 0.107891200003 9892.1088 
936.0 738.0 0.0581982119996 9941.801788 
969.0 734.0 0.0535618600008 9946.43814 
17.0 788.0 0.224226380006 9775.77361999 
72.0 790.0 0.871775932009 9128.22406799 
115.0 785.0 0.294017000005 9705.983 
170.0 790.0 0.234100400003 9765.8996 
204.0 792.0 0.0859316160018 9914.068384 
257.0 778.0 0.0689345440013 9931.065456 
319.0 777.0 0.435240000011 9564.75999999 
349.0 792.0 0.0105839999998 9989.416 
394.0 780.0 0.196546620003 9803.45338 
459.0 797.0 0.233048600006 9766.95139999 
498.0 786.0 0.276354020007 9723.64597999 
556.0 777.0 0.146382740002 9853.61726 
606.0 778.0 0.0850048400015 9914.99516 
654.0 789.0 0.0919745000018 9908.0255 
695.0 787.0 0.0364909440006 9963.509056 
729.0 774.0 0.130320000003 9869.68 
797.0 793.0 0.210219776004 9789.780224 
825.0 787.0 0.103761600002 9896.2384 
890.0 783.0 0.0452884400008 9954.71156 
932.0 779.0 0.0337600000009 9966.24 
974.0 795.0 0.0206471200002 9979.35288 
18.0 830.0 0.337554144009 9662.44585599 
74.0 835.0 1.12882508001 8871.17491999 
120.0 825.0 0.734833120015 9265.16687999 
158.0 837.0 0.124710560003 9875.28944 
212.0 842.0 0.0523173400001 9947.68266 
263.0 841.0 0.196564320003 9803.43568 
301.0 838.0 0.035932900001 9964.0671 
365.0 822.0 0.213040000006 9786.95999999 
405.0 830.0 0.353200704004 9646.799296 
457.0 838.0 0.442325088006 9557.67491199 
489.0 822.0 0.370895200007 9629.10479999 
537.0 822.0 0.254068032007 9745.93196799 
587.0 832.0 0.152284000001 9847.716 
645.0 829.0 0.127056564003 9872.943436 
687.0 839.0 0.162507200003 9837.4928 
733.0 842.0 0.230891000006 9769.10899999 
776.0 842.0 0.215687000002 9784.313 
842.0 822.0 0.124637040002 9875.36296 
882.0 827.0 0.0820255000013 9917.9745 
918.0 839.0 0.0710126400018 9928.98736 
974.0 829.0 0.0392647040008 9960.735296 
26.0 888.0 0.0162400000004 9983.76 
66.0 876.0 1.11930642402 8880.69357598 
116.0 876.0 1.09222000003 8907.77999997 
168.0 871.0 0.0341000000009 9965.9 
218.0 881.0 0.310824000008 9689.17599999 
254.0 891.0 0.492024960006 9507.97503999 
305.0 877.0 0.0902498400019 9909.75016 
358.0 874.0 0.109247704003 9890.752296 
393.0 872.0 0.189132500002 9810.8675 
441.0 873.0 0.271038160006 9728.96183999 
500.0 878.0 0.333774496008 9666.22550399 
547.0 882.0 0.0826977000004 9917.3023 
597.0 885.0 0.273504004007 9726.49599599 
634.0 871.0 0.212640000006 9787.35999999 
697.0 882.0 0.474748400011 9525.25159999 
741.0 887.0 0.311423596006 9688.57640399 
788.0 877.0 0.0670468280017 9932.953172 
832.0 875.0 0.0405400000011 9959.46 
873.0 887.0 0.0605619000012 9939.4381 
939.0 889.0 0.0729833400009 9927.01666 
969.0 880.0 0.0165400000004 9983.46 
16.0 936.0 0.369235936009 9630.76406399 
75.0 925.0 1.23268868001 8767.31131999 
124.0 934.0 0.656050912017 9343.94908798 
171.0 932.0 0.38229484801 9617.70515199 
220.0 926.0 0.591726800011 9408.27319999 
256.0 937.0 0.354257464009 9645.74253599 
304.0 917.0 0.346285696003 9653.714304 
363.0 917.0 0.272857540002 9727.14246 
410.0 930.0 0.101531072001 9898.468928 
463.0 923.0 0.280578432007 9719.42156799 
505.0 940.0 0.599579968002 9400.420032 
543.0 938.0 0.663455904013 9336.54409599 
601.0 936.0 0.708326240002 9291.67376 
649.0 918.0 0.635525680003 9364.47432 
701.0 935.0 0.643455116015 9356.54488399 
731.0 920.0 0.438800500007 9561.19949999 
778.0 930.0 0.358861556007 9641.13844399 
830.0 932.0 0.262297552005 9737.702448 
869.0 919.0 0.166898240004 9833.10176 
925.0 936.0 0.123054800002 9876.9452 
984.0 928.0 0.0301896240004 9969.810376 
12.0 972.0 0.776342976013 9223.65702399 
61.0 982.0 1.20707852402 8792.92147598 
130.0 977.0 0.201580000005 9798.41999999 
178.0 974.0 0.468733100008 9531.26689999 
206.0 978.0 0.576198400006 9423.80159999 
262.0 980.0 0.222484480005 9777.51551999 
300.0 969.0 0.165121440003 9834.87856 
346.0 970.0 0.0541927840012 9945.807216 
392.0 984.0 0.0273714560006 9972.628544 
461.0 979.0 0.237280000006 9762.71999999 
498.0 986.0 0.260363120006 9739.63687999 
550.0 978.0 0.459459392011 9540.54060799 
604.0 980.0 0.217608800005 9782.39119999 
646.0 978.0 0.0241600000006 9975.84 
692.0 979.0 0.222849344005 9777.15065599 
747.0 985.0 0.0590000800007 9940.99992 
777.0 975.0 0.108900000002 9891.1 
842.0 973.0 0.121423500002 9878.5765 
886.0 977.0 0.0687671680018 9931.232832 
919.0 968.0 0.0526516560009 9947.348344 
983.0 972.0 0.0526516560009 9947.348344 
625.0 5.0 0.0721795320016 9927.820468 
461.0 970.0 0.244928952006 9755.07104799 
42.0 428.0 0.224268900005 9775.73109999 
886.0 940.0 0.199531200005 9800.46879999 
842.0 184.0 0.330204392004 9669.795608 
265.0 395.0 0.0750214720015 9924.978528 
95.0 91.0 0.164963936004 9835.036064 
586.0 875.0 0.0426250400009 9957.37496 
602.0 302.0 0.997627064023 9002.37293598 
