0.0 1000.0
13.0 28.0 0.0264056320007 9973.594368 
81.0 26.0 0.0170600000004 9982.94 
130.0 21.0 0.0601798440011 9939.820156 
165.0 26.0 0.0359550000006 9964.045 
206.0 32.0 0.102977996002 9897.022004 
266.0 32.0 0.0352705000006 9964.7295 
314.0 12.0 0.0723975360014 9927.602464 
345.0 28.0 0.088380408002 9911.619592 
397.0 34.0 0.061838304001 9938.161696 
441.0 20.0 0.0274912000007 9972.5088 
507.0 18.0 0.0550468880001 9944.953112 
538.0 12.0 0.0513509720014 9948.649028 
603.0 21.0 0.0423653600008 9957.63464 
640.0 28.0 0.0630207680016 9936.979232 
699.0 22.0 0.0529674400006 9947.03256 
738.0 20.0 0.0760055520017 9923.994448 
789.0 33.0 0.0766800160015 9923.319984 
844.0 19.0 0.0796742720018 9920.325728 
882.0 30.0 0.0945843800011 9905.41562 
934.0 26.0 0.0542025600011 9945.79744 
976.0 29.0 0.0355921000003 9964.4079 
34.0 63.0 0.0641188640012 9935.881136 
78.0 81.0 0.0417090680005 9958.290932 
116.0 75.0 0.0280248360003 9971.975164 
164.0 62.0 0.101645300001 9898.3547 
204.0 77.0 0.164737200004 9835.2628 
250.0 69.0 0.159506560004 9840.49344 
318.0 68.0 0.0824227600011 9917.57724 
357.0 60.0 0.0589665800002 9941.03342 
405.0 72.0 0.181913204004 9818.086796 
445.0 66.0 0.160917552003 9839.082448 
511.0 59.0 0.154533200003 9845.4668 
543.0 78.0 0.0940313200019 9905.96868 
591.0 77.0 0.166794028001 9833.205972 
648.0 68.0 0.0712280400017 9928.77196 
688.0 64.0 0.167190268004 9832.809732 
741.0 73.0 0.203655504003 9796.344496 
791.0 66.0 0.118239512002 9881.760488 
823.0 75.0 0.176691648004 9823.308352 
883.0 64.0 0.144488080004 9855.51192 
923.0 64.0 0.166753840003 9833.24616 
964.0 66.0 0.0635263600004 9936.47364 
18.0 109.0 0.0872132600004 9912.78674 
81.0 109.0 0.0243200000006 9975.68 
118.0 113.0 0.119141760003 9880.85824 
161.0 128.0 0.283544224006 9716.45577599 
204.0 107.0 0.236308000003 9763.692 
263.0 117.0 0.132638520003 9867.36148 
301.0 118.0 0.060264640001 9939.73536 
359.0 111.0 0.0659000000017 9934.1 
400.0 108.0 0.178400180004 9821.59982 
449.0 107.0 0.424483080005 9575.51692 
497.0 111.0 0.331116160008 9668.88383999 
554.0 119.0 0.245823320001 9754.17668 
598.0 123.0 0.128122000003 9871.878 
654.0 111.0 0.183139840004 9816.86016 
701.0 114.0 0.299420616008 9700.57938399 
726.0 115.0 0.141246500004 9858.7535 
797.0 129.0 0.166244640004 9833.75536 
833.0 128.0 0.242977120006 9757.02287999 
889.0 112.0 0.230210720006 9769.78927999 
937.0 108.0 0.0786342560018 9921.365744 
986.0 127.0 0.0335937240007 9966.406276 
23.0 163.0 0.121530160002 9878.46984 
77.0 159.0 0.0952214880024 9904.778512 
119.0 161.0 0.229911864005 9770.08813599 
169.0 176.0 0.299738624006 9700.26137599 
222.0 168.0 0.0101519999997 9989.848 
272.0 160.0 0.116500576001 9883.499424 
315.0 174.0 0.0604319600011 9939.56804 
352.0 172.0 0.168527580004 9831.47242 
408.0 159.0 0.357169000008 9642.83099999 
462.0 161.0 0.499504000007 9500.49599999 
489.0 177.0 0.176435300004 9823.5647 
545.0 171.0 0.0296698240001 9970.330176 
595.0 169.0 0.0557919600004 9944.20804 
646.0 161.0 0.215412820005 9784.58717999 
682.0 163.0 0.330000800003 9669.9992 
729.0 161.0 0.196868600004 9803.1314 
779.0 167.0 0.162459260002 9837.54074 
822.0 154.0 0.115680000003 9884.32 
891.0 168.0 0.192968560005 9807.03143999 
933.0 163.0 0.0884413600002 9911.55864 
980.0 156.0 0.0639036640014 9936.096336 
24.0 211.0 0.103655540001 9896.34446 
83.0 220.0 0.0672756480015 9932.724352 
110.0 206.0 0.0740078000017 9925.9922 
176.0 221.0 0.304462456005 9695.53754399 
212.0 218.0 0.119779096003 9880.220904 
272.0 216.0 0.148930440002 9851.06956 
304.0 225.0 0.0670870400012 9932.91296 
364.0 221.0 0.00862000000022 9991.38 
411.0 205.0 0.155480000004 9844.52 
446.0 207.0 0.0548696000011 9945.1304 
497.0 208.0 0.192169480005 9807.83051999 
538.0 215.0 0.0635678560016 9936.432144 
597.0 212.0 0.299018240008 9700.98175999 
647.0 219.0 0.46200245601 9537.99754399 
684.0 219.0 0.332710984008 9667.28901599 
740.0 209.0 0.245676120002 9754.32388 
779.0 221.0 0.329848680009 9670.15131999 
826.0 218.0 0.376128900007 9623.87109999 
884.0 217.0 0.119530540003 9880.46946 
919.0 210.0 0.0569400000015 9943.06 
975.0 223.0 0.0137530799998 9986.24692 
32.0 262.0 0.0567600000015 9943.24 
73.0 262.0 0.0518509000001 9948.1491 
123.0 255.0 0.140000000004 9860.0 
173.0 256.0 0.391479152009 9608.52084799 
215.0 270.0 0.295144928007 9704.85507199 
270.0 261.0 0.128834056003 9871.165944 
297.0 260.0 0.165345068001 9834.654932 
360.0 272.0 0.0390219200006 9960.97808 
406.0 264.0 0.0538079920014 9946.192008 
442.0 259.0 0.0733864000015 9926.6136 
498.0 253.0 0.0335200000009 9966.48 
559.0 252.0 0.154460000004 9845.54 
600.0 252.0 0.315133648 9684.866352 
644.0 264.0 0.285934060006 9714.06593999 
689.0 253.0 0.318896520008 9681.10347999 
728.0 260.0 0.439487704008 9560.51229599 
792.0 259.0 0.488047760006 9511.95223999 
837.0 270.0 0.271950680007 9728.04931999 
888.0 264.0 0.0437921920005 9956.207808 
917.0 258.0 0.00798000000021 9992.02 
986.0 260.0 0.00828000000022 9991.72 
29.0 306.0 0.0284338200002 9971.56618 
82.0 300.0 0.373761360008 9626.23863999 
123.0 316.0 0.489198416012 9510.80158399 
178.0 303.0 0.479843272008 9520.15672799 
220.0 298.0 0.0609154440014 9939.084556 
268.0 314.0 0.216382076005 9783.61792399 
299.0 305.0 0.268937052003 9731.062948 
357.0 315.0 0.186544572004 9813.455428 
405.0 309.0 0.0947425600023 9905.25744 
456.0 299.0 0.0901745200013 9909.82548 
496.0 312.0 0.0528528560013 9947.147144 
545.0 300.0 0.0477451840005 9952.254816 
599.0 308.0 0.0608394080014 9939.160592 
637.0 300.0 0.0585990400017 9941.40096 
697.0 298.0 0.253720000007 9746.27999999 
735.0 302.0 0.555121040009 9444.87895999 
779.0 313.0 0.625363904004 9374.636096 
830.0 298.0 0.323214368008 9676.78563199 
872.0 318.0 0.0942678080021 9905.732192 
938.0 319.0 0.0987223600025 9901.27764 
968.0 305.0 0.0291799400005 9970.82006 
27.0 355.0 0.0564896800014 9943.51032 
73.0 353.0 0.633276940008 9366.72305999 
125.0 356.0 0.557053320008 9442.94667999 
156.0 367.0 0.175725688004 9824.274312 
222.0 353.0 0.0410200000011 9958.98 
268.0 367.0 0.245089408006 9754.91059199 
297.0 352.0 0.279809756003 9720.190244 
362.0 359.0 0.179572560004 9820.42744 
395.0 357.0 0.131722380002 9868.27762 
463.0 358.0 0.0493600000013 9950.64 
494.0 368.0 0.0463831000007 9953.6169 
543.0 358.0 0.0595819200004 9940.41808 
585.0 348.0 0.070642832001 9929.357168 
639.0 346.0 0.0409200000011 9959.08 
686.0 361.0 0.0542529920012 9945.747008 
730.0 359.0 0.0383552640006 9961.644736 
784.0 353.0 0.239226888006 9760.77311199 
832.0 367.0 0.0946714800019 9905.32852 
889.0 346.0 0.154052680003 9845.94732 
924.0 350.0 0.120443112003 9879.556888 
987.0 353.0 0.0615176960013 9938.482304 
21.0 403.0 0.277057280007 9722.94271999 
80.0 403.0 0.726397460005 9273.60254 
107.0 414.0 0.456905740011 9543.09425999 
157.0 411.0 0.0735337480006 9926.466252 
221.0 407.0 0.0686369600016 9931.36304 
258.0 401.0 0.154749076002 9845.250924 
301.0 397.0 0.434637860011 9565.36213999 
345.0 395.0 0.300144396007 9699.85560399 
401.0 404.0 0.256422400007 9743.57759999 
453.0 410.0 0.0898591280024 9910.140872 
511.0 402.0 0.0246600000006 9975.34 
554.0 398.0 0.0504400000013 9949.56 
603.0 403.0 0.0786947840005 9921.305216 
634.0 394.0 0.0278747600004 9972.12524 
694.0 409.0 0.08899974 9911.00026 
731.0 414.0 0.0635982640012 9936.401736 
797.0 408.0 0.188998204005 9811.001796 
825.0 412.0 0.225384220006 9774.61577999 
875.0 414.0 0.288989784005 9711.01021599 
917.0 397.0 0.194145364001 9805.854636 
977.0 406.0 0.0281822640005 9971.817736 
30.0 458.0 0.313950000008 9686.04999999 
83.0 459.0 0.794719860009 9205.28013999 
125.0 446.0 0.342984864007 9657.01513599 
155.0 448.0 0.076904992002 9923.095008 
222.0 449.0 0.0900019200021 9909.99808 
268.0 454.0 0.349686764008 9650.31323599 
308.0 453.0 0.64735152001 9352.64847999 
361.0 444.0 0.436092720006 9563.90727999 
394.0 451.0 0.175505796004 9824.494204 
455.0 463.0 0.111925000002 9888.075 
510.0 450.0 0.0531770880011 9946.822912 
539.0 462.0 0.0198911599999 9980.10884 
588.0 457.0 0.0886515840008 9911.348416 
652.0 448.0 0.0506800000013 9949.32 
683.0 443.0 0.0433497120011 9956.650288 
743.0 444.0 0.0167800000004 9983.22 
794.0 440.0 0.148180000004 9851.82 
832.0 446.0 0.309264160006 9690.73583999 
879.0 464.0 0.253882652005 9746.117348 
923.0 454.0 0.148352800003 9851.6472 
980.0 459.0 0.0664491840006 9933.550816 
12.0 494.0 0.143877796001 9856.122204 
80.0 502.0 0.0919140480024 9908.085952 
115.0 498.0 0.918068796018 9081.93120398 
159.0 488.0 0.326956640008 9673.04335999 
205.0 507.0 0.0344613440007 9965.538656 
272.0 489.0 0.559512960005 9440.48704 
316.0 490.0 0.415224428011 9584.77557199 
359.0 508.0 0.162371400004 9837.6286 
394.0 494.0 0.276277020007 9723.72297999 
450.0 498.0 0.202872960003 9797.12704 
492.0 509.0 0.150988352004 9849.011648 
556.0 504.0 0.0505400000013 9949.46 
599.0 506.0 0.079670628 9920.329372 
647.0 493.0 0.0796296960018 9920.370304 
678.0 504.0 0.0501592640009 9949.840736 
741.0 499.0 0.0165600000004 9983.44 
791.0 507.0 0.0208470080001 9979.152992 
842.0 503.0 0.247761056005 9752.23894399 
889.0 501.0 0.117874184001 9882.125816 
939.0 506.0 0.0972517000019 9902.7483 
985.0 509.0 0.0518025000013 9948.1975 
12.0 545.0 0.186361592005 9813.638408 
61.0 551.0 0.518598540011 9481.40145999 
117.0 553.0 1.02279736802 8977.20263198 
163.0 550.0 0.289520772007 9710.47922799 
215.0 539.0 0.0246400000006 9975.36 
259.0 555.0 0.0119067999997 9988.0932 
300.0 554.0 0.0119111040004 9988.088896 
362.0 544.0 0.2790976 9720.9024 
410.0 537.0 0.280448996005 9719.551004 
448.0 539.0 0.258885400005 9741.1146 
506.0 548.0 0.133924140002 9866.07586 
545.0 551.0 0.0560220000013 9943.978 
592.0 538.0 0.063011136001 9936.988864 
653.0 539.0 0.116014720001 9883.98528 
689.0 536.0 0.103309280002 9896.69072 
737.0 542.0 0.0562267200014 9943.77328 
773.0 548.0 0.0425844800007 9957.41552 
836.0 553.0 0.204716540003 9795.28346 
885.0 540.0 0.148155400004 9851.8446 
935.0 557.0 0.060395464001 9939.604536 
971.0 537.0 0.0528835200009 9947.11648 
34.0 603.0 0.287684736007 9712.31526399 
69.0 602.0 0.847765760018 9152.23423998 
120.0 606.0 1.08346750001 8916.53249999 
174.0 596.0 0.331367440009 9668.63255999 
202.0 601.0 0.0459542080011 9954.045792 
263.0 602.0 0.00824000000022 9991.76 
312.0 592.0 0.0970400000026 9902.96 
351.0 592.0 0.302801600001 9697.1984 
401.0 605.0 0.313667920007 9686.33207999 
455.0 590.0 0.21773278 9782.26722 
504.0 591.0 0.0776751600021 9922.32484 
544.0 589.0 0.126491128003 9873.508872 
601.0 604.0 0.038647880001 9961.35212 
647.0 591.0 0.0724600000019 9927.54 
687.0 596.0 0.0847278720022 9915.272128 
735.0 602.0 0.0712101600018 9928.78984 
778.0 589.0 0.0347680800004 9965.23192 
839.0 605.0 0.136883999999 9863.116 
885.0 597.0 0.102436544002 9897.563456 
931.0 592.0 0.0235600000006 9976.44 
969.0 593.0 0.0440515200005 9955.94848 
18.0 647.0 0.362328416011 9637.67158399 
82.0 647.0 1.17204672002 8827.95327998 
110.0 645.0 0.410872648011 9589.12735199 
177.0 637.0 0.126210320003 9873.78968 
215.0 649.0 0.0877916000022 9912.2084 
260.0 642.0 0.0631475000016 9936.8525 
301.0 654.0 0.129240000003 9870.76 
356.0 646.0 0.178900000005 9821.1 
397.0 643.0 0.206686640005 9793.31335999 
460.0 635.0 0.332156184008 9667.84381599 
497.0 637.0 0.266722080007 9733.27791999 
545.0 635.0 0.180880520004 9819.11948 
587.0 638.0 0.0874999800019 9912.50002 
646.0 647.0 0.160150440004 9839.84956 
684.0 646.0 0.122337104002 9877.662896 
742.0 654.0 0.0939167680023 9906.083232 
776.0 636.0 0.0766265400018 9923.37346 
821.0 631.0 0.0658200000017 9934.18 
891.0 647.0 0.128693888002 9871.306112 
921.0 634.0 0.057689220001 9942.31078 
978.0 641.0 0.0454959520011 9954.504048 
18.0 693.0 0.372241600006 9627.75839999 
78.0 699.0 1.00419020002 8995.80979998 
125.0 684.0 0.694050632018 9305.94936798 
158.0 680.0 0.196093920005 9803.90608 
206.0 682.0 0.172406704003 9827.593296 
263.0 688.0 0.314462124007 9685.53787599 
304.0 701.0 0.214533088006 9785.46691199 
351.0 680.0 0.124021600002 9875.9784 
403.0 693.0 0.169431732003 9830.568268 
455.0 689.0 0.540793120014 9459.20687999 
500.0 685.0 0.306811548008 9693.18845199 
554.0 692.0 0.506746124009 9493.25387599 
604.0 683.0 0.167243080004 9832.75692 
646.0 681.0 0.384919236006 9615.08076399 
692.0 696.0 0.263790052005 9736.209948 
749.0 680.0 0.153088680001 9846.91132 
790.0 687.0 0.0780760800017 9921.92392 
843.0 697.0 0.208856220005 9791.14377999 
881.0 691.0 0.223394560006 9776.60543999 
938.0 700.0 0.127168800003 9872.8312 
976.0 692.0 0.0358670880006 9964.132912 
30.0 727.0 0.735504064021 9264.49593598 
74.0 732.0 1.14152580803 8858.47419197 
124.0 729.0 0.522379388009 9477.62061199 
165.0 748.0 0.0774252160021 9922.574784 
218.0 732.0 0.349219576009 9650.78042399 
269.0 743.0 0.458999000008 9541.00099999 
299.0 732.0 0.313162212008 9686.83778799 
347.0 742.0 0.163921648003 9836.078352 
401.0 740.0 0.569492000015 9430.50799999 
449.0 741.0 0.942097568009 9057.90243199 
501.0 735.0 0.804702800021 9195.29719998 
545.0 729.0 0.536339408012 9463.66059199 
589.0 730.0 0.528529860011 9471.47013999 
634.0 738.0 0.442656940012 9557.34305999 
681.0 743.0 0.160603696004 9839.396304 
739.0 738.0 0.0690435000016 9930.9565 
792.0 727.0 0.114180000003 9885.82 
840.0 737.0 0.268114960001 9731.88504 
882.0 738.0 0.324049540006 9675.95045999 
925.0 743.0 0.154579160004 9845.42084 
972.0 743.0 0.0538199560009 9946.180044 
20.0 781.0 0.311045868 9688.954132 
72.0 780.0 1.11977468403 8880.22531597 
123.0 783.0 0.586441380013 9413.55861999 
164.0 778.0 0.104631456002 9895.368544 
216.0 795.0 0.39364880001 9606.35119999 
253.0 780.0 0.65592520001 9344.07479999 
308.0 777.0 0.268038660006 9731.96133999 
366.0 789.0 0.0470134400007 9952.98656 
414.0 784.0 1.05769929601 8942.30070399 
459.0 779.0 0.295800000008 9704.19999999 
491.0 790.0 0.166050176003 9833.949824 
540.0 777.0 0.346638440009 9653.36155999 
595.0 791.0 0.0907476960013 9909.252304 
652.0 787.0 0.298496140007 9701.50385999 
679.0 787.0 0.229571000006 9770.42899999 
732.0 788.0 0.0862108800021 9913.78912 
774.0 789.0 0.0847024040018 9915.297596 
839.0 779.0 0.0236800000006 9976.32 
884.0 777.0 0.230189344004 9769.810656 
935.0 793.0 0.0731538280015 9926.846172 
971.0 795.0 0.0336160000006 9966.384 
34.0 826.0 0.441600000012 9558.39999999 
80.0 827.0 1.25321782403 8746.78217597 
107.0 836.0 0.939638952018 9060.36104798 
170.0 824.0 0.222860000006 9777.13999999 
222.0 824.0 0.526524576009 9473.47542399 
272.0 824.0 0.460280000012 9539.71999999 
301.0 836.0 0.0769783800006 9923.02162 
347.0 826.0 0.0283742400004 9971.62576 
414.0 840.0 1.41628510001 8583.71489999 
447.0 824.0 0.685947900015 9314.05209999 
509.0 841.0 0.0658400000017 9934.16 
536.0 844.0 0.208351920004 9791.64808 
585.0 833.0 0.0262848000004 9973.7152 
652.0 826.0 0.241401200004 9758.5988 
697.0 838.0 0.293278724005 9706.721276 
736.0 822.0 0.200392864004 9799.607136 
783.0 842.0 0.117700612001 9882.299388 
826.0 843.0 0.0598674000016 9940.1326 
889.0 843.0 0.0243800000006 9975.62 
930.0 842.0 0.0547040000005 9945.296 
986.0 840.0 0.0450965600007 9954.90344 
30.0 890.0 1.52307148803 8476.92851197 
76.0 871.0 1.46407425603 8535.92574397 
109.0 878.0 0.841361888022 9158.63811198 
156.0 882.0 0.143004600003 9856.9954 
224.0 888.0 0.154209072004 9845.790928 
264.0 885.0 0.192106516005 9807.893484 
305.0 880.0 0.116780888003 9883.219112 
351.0 892.0 0.134724700003 9865.2753 
405.0 878.0 1.84216232001 8157.83767999 
446.0 887.0 1.26024952802 8739.75047198 
495.0 890.0 0.608991760013 9391.00823999 
552.0 887.0 0.625388200003 9374.6118 
588.0 870.0 0.215970080006 9784.02991999 
654.0 874.0 0.256390888006 9743.60911199 
701.0 872.0 0.225473440006 9774.52655999 
738.0 869.0 0.166732960004 9833.26704 
794.0 881.0 0.207472800005 9792.5272 
825.0 892.0 0.125292248003 9874.707752 
887.0 890.0 0.197202608005 9802.79739199 
919.0 885.0 0.119714924003 9880.285076 
980.0 877.0 0.0389713200006 9961.02868 
15.0 939.0 1.64256996003 8357.43003997 
65.0 934.0 1.16269390003 8837.30609997 
121.0 938.0 0.467312400007 9532.68759999 
170.0 922.0 0.411944624009 9588.05537599 
210.0 927.0 0.352868000006 9647.13199999 
262.0 935.0 1.42488889603 8575.11110397 
311.0 917.0 0.256290100003 9743.7099 
354.0 940.0 0.714842048016 9285.15795198 
397.0 932.0 1.94520492804 8054.79507196 
454.0 936.0 0.748299800019 9251.70019998 
509.0 938.0 0.226444488006 9773.55551199 
539.0 937.0 0.226444488006 9773.55551199 
597.0 919.0 0.581508836008 9418.49116399 
650.0 924.0 0.546118464007 9453.88153599 
693.0 924.0 0.496973356005 9503.02664399 
741.0 936.0 0.440979360004 9559.02064 
779.0 938.0 0.405364640008 9594.63535999 
836.0 924.0 0.345384800003 9654.6152 
888.0 939.0 0.305109684002 9694.890316 
931.0 923.0 0.232655700006 9767.34429999 
976.0 934.0 0.0827164000011 9917.2836 
28.0 975.0 1.37815913602 8621.84086398 
82.0 981.0 0.988298048019 9011.70195198 
116.0 984.0 0.191931632005 9808.068368 
167.0 968.0 0.152548328004 9847.451672 
214.0 966.0 0.671560000018 9328.43999998 
268.0 971.0 1.528881224 8471.118776 
299.0 982.0 1.86613375202 8133.86624798 
359.0 970.0 1.76628190002 8233.71809998 
400.0 967.0 1.19588834003 8804.11165997 
450.0 971.0 0.0835866080019 9916.413392 
507.0 972.0 0.0662710000007 9933.729 
538.0 976.0 0.0336632000004 9966.3368 
602.0 979.0 0.0336632000004 9966.3368 
639.0 970.0 0.181080000005 9818.92 
698.0 974.0 0.205679348003 9794.320652 
731.0 985.0 0.051858760001 9948.14124 
783.0 983.0 0.143766144004 9856.233856 
826.0 974.0 0.398329660002 9601.67034 
872.0 974.0 0.202110992005 9797.88900799 
938.0 982.0 0.0781631200015 9921.83688 
983.0 979.0 0.0451683040012 9954.831696 
471.0 689.0 0.891498192006 9108.50180799 
639.0 861.0 0.107260000003 9892.74 
510.0 731.0 0.845677520007 9154.32247999 
591.0 611.0 0.0379057840006 9962.094216 
318.0 21.0 0.0794204320016 9920.579568 
675.0 648.0 0.248183920005 9751.81607999 
826.0 344.0 0.190672000004 9809.328 
852.0 398.0 0.235445000006 9764.55499999 
670.0 951.0 0.183242792005 9816.757208 
845.0 164.0 0.334342256004 9665.657744 
899.0 740.0 0.285983600007 9714.01639999 
365.0 929.0 1.23350680003 8766.49319997 
38.0 642.0 0.569642400009 9430.35759999 
335.0 973.0 1.79832968004 8201.67031996 
839.0 1.0 0.0546124960008 9945.387504 
436.0 631.0 0.101795600003 9898.2044 
218.0 494.0 0.0524632160014 9947.536784 
700.0 780.0 0.117033036003 9882.966964 
225.0 498.0 0.255800000007 9744.19999999 
700.0 23.0 0.051929200001 9948.0708 
60.0 969.0 1.23762120003 8762.37879997 
837.0 99.0 0.112891000002 9887.109 
100.0 545.0 0.352587604009 9647.41239599 
770.0 244.0 0.285744400007 9714.25559999 
933.0 178.0 0.0506608000014 9949.3392 
190.0 286.0 0.264402408006 9735.59759199 
229.0 204.0 0.0482000000013 9951.8 
281.0 731.0 0.39528696001 9604.71303999 
323.0 709.0 0.150253640004 9849.74636 
823.0 867.0 0.143326800003 9856.6732 
395.0 618.0 0.194441820005 9805.55818 
771.0 317.0 0.42016919601 9579.83080399 
584.0 44.0 0.0965199280025 9903.480072 
430.0 332.0 0.0859748000023 9914.0252 
