0.0 1000.0
29.0 13.0 0.0270067680002 9972.993232 
63.0 17.0 0.043516108 9956.483892 
108.0 30.0 0.0278474000008 9972.1526 
150.0 20.0 0.0367538880009 9963.246112 
201.0 21.0 0.0874486000021 9912.5514 
245.0 33.0 0.050768352001 9949.231648 
294.0 15.0 0.0383586280008 9961.641372 
343.0 32.0 0.0766423520014 9923.357648 
380.0 18.0 0.0431604000007 9956.8396 
424.0 20.0 0.0612053920016 9938.794608 
476.0 28.0 0.076295920002 9923.70408 
512.0 12.0 0.059769872001 9940.230128 
557.0 24.0 0.0677062080015 9932.293792 
613.0 17.0 0.0937624800024 9906.23752 
652.0 28.0 0.124352072003 9875.647928 
702.0 26.0 0.078506944001 9921.493056 
753.0 12.0 0.0550508400014 9944.94916 
789.0 28.0 0.0622703600016 9937.72964 
845.0 21.0 0.0387527200009 9961.24728 
895.0 33.0 0.0690129600018 9930.98704 
934.0 24.0 0.0344802040007 9965.519796 
985.0 13.0 0.0377910880008 9962.208912 
32.0 76.0 0.0366184800005 9963.38152 
71.0 72.0 0.0168600000004 9983.14 
121.0 71.0 0.00802000000021 9991.98 
168.0 58.0 0.0803875000016 9919.6125 
205.0 74.0 0.164306020004 9835.69398 
253.0 71.0 0.115370132003 9884.629868 
289.0 73.0 0.116352916002 9883.647084 
347.0 73.0 0.140376176003 9859.623824 
396.0 56.0 0.108040160002 9891.95984 
425.0 65.0 0.134855848003 9865.144152 
478.0 72.0 0.140717224003 9859.282776 
523.0 63.0 0.141841048004 9858.158952 
572.0 73.0 0.117581616003 9882.418384 
615.0 61.0 0.206015520003 9793.98448 
659.0 63.0 0.134980880003 9865.01912 
695.0 70.0 0.0549319000011 9945.0681 
743.0 65.0 0.0569426280014 9943.057372 
798.0 61.0 0.112996460003 9887.00354 
843.0 64.0 0.0860100800022 9913.98992 
895.0 75.0 0.120810912001 9879.189088 
938.0 59.0 0.112737040003 9887.26296 
977.0 71.0 0.0829399680019 9917.060032 
13.0 102.0 0.0536976000013 9946.3024 
60.0 114.0 0.108973184002 9891.026816 
105.0 123.0 0.102406196002 9897.593804 
162.0 122.0 0.190626800005 9809.3732 
212.0 108.0 0.199067072004 9800.932928 
244.0 105.0 0.196483780004 9803.51622 
287.0 116.0 0.108863272002 9891.136728 
351.0 123.0 0.206118800004 9793.8812 
385.0 117.0 0.211791456005 9788.20854399 
426.0 116.0 0.168525120002 9831.47488 
477.0 123.0 0.113810240002 9886.18976 
522.0 108.0 0.156200368004 9843.799632 
559.0 103.0 0.210249840005 9789.75015999 
611.0 113.0 0.258877600005 9741.1224 
658.0 104.0 0.0168600000004 9983.14 
713.0 104.0 0.0388704000009 9961.1296 
756.0 123.0 0.129181600003 9870.8184 
798.0 114.0 0.234430480004 9765.56952 
829.0 106.0 0.214270480005 9785.72952 
877.0 117.0 0.179033720005 9820.96628 
941.0 115.0 0.0680440000002 9931.956 
977.0 121.0 0.0774891880017 9922.510812 
32.0 149.0 0.0857927000021 9914.2073 
60.0 170.0 0.135756616001 9864.243384 
121.0 162.0 0.124560440003 9875.43956 
162.0 152.0 0.257194600004 9742.8054 
201.0 151.0 0.0907600000024 9909.24 
250.0 160.0 0.188811200004 9811.1888 
284.0 166.0 0.139777600003 9860.2224 
348.0 150.0 0.275733024006 9724.26697599 
386.0 163.0 0.385591504011 9614.40849599 
438.0 160.0 0.306012324005 9693.98767599 
471.0 164.0 0.270717824004 9729.282176 
530.0 155.0 0.279421848005 9720.578152 
564.0 162.0 0.386031192006 9613.96880799 
617.0 165.0 0.308717744005 9691.28225599 
659.0 166.0 0.198716940005 9801.28305999 
693.0 163.0 0.116682748003 9883.317252 
756.0 163.0 0.0168800000004 9983.12 
787.0 157.0 0.247335904006 9752.66409599 
836.0 150.0 0.280518880004 9719.48112 
880.0 164.0 0.109757088003 9890.242912 
930.0 153.0 0.0697771880006 9930.222812 
979.0 165.0 0.0774568160016 9922.543184 
11.0 198.0 0.0758432000014 9924.1568 
60.0 211.0 0.189527984003 9810.472016 
120.0 213.0 0.0929494560022 9907.050544 
149.0 203.0 0.156819944004 9843.180056 
194.0 201.0 0.283809296005 9716.19070399 
256.0 210.0 0.198694504003 9801.305496 
287.0 206.0 0.215778096005 9784.221904 
337.0 204.0 0.260601280007 9739.39871999 
387.0 194.0 0.521322072003 9478.677928 
434.0 211.0 0.362003040006 9637.99695999 
478.0 208.0 0.0741600000019 9925.84 
512.0 211.0 0.0355100800007 9964.48992 
579.0 206.0 0.376015100008 9623.98489999 
610.0 209.0 0.257721332007 9742.27866799 
655.0 211.0 0.223650680005 9776.34931999 
699.0 204.0 0.344814488008 9655.18551199 
755.0 204.0 0.303674080004 9696.32592 
798.0 207.0 0.321254896009 9678.74510399 
844.0 204.0 0.265549488008 9734.45051199 
875.0 210.0 0.110564600003 9889.4354 
934.0 194.0 0.0797286400018 9920.27136 
979.0 208.0 0.0536196400012 9946.38036 
25.0 239.0 0.107005440003 9892.99456 
79.0 251.0 0.352527896009 9647.47210399 
110.0 257.0 0.327211720007 9672.78827999 
163.0 242.0 0.215671584004 9784.328416 
196.0 253.0 0.462261360012 9537.73863999 
254.0 259.0 0.476880648008 9523.11935199 
301.0 242.0 0.352250632004 9647.749368 
349.0 251.0 0.275662000007 9724.33799999 
376.0 240.0 0.681170176017 9318.82982398 
420.0 245.0 0.567859500013 9432.14049999 
476.0 251.0 0.211941312005 9788.058688 
530.0 245.0 0.206027408004 9793.972592 
576.0 250.0 0.479301900008 9520.69809999 
611.0 257.0 0.293095056007 9706.90494399 
666.0 256.0 0.159793644004 9840.206356 
694.0 251.0 0.42492073601 9575.07926399 
743.0 258.0 0.143669564004 9856.330436 
805.0 239.0 0.397826656009 9602.17334399 
846.0 248.0 0.298863000007 9701.13699999 
884.0 251.0 0.0601449720013 9939.855028 
938.0 242.0 0.0487200000013 9951.28 
973.0 253.0 0.00997591200019 9990.024088 
32.0 303.0 0.298591200008 9701.40879999 
74.0 294.0 0.494115820005 9505.88418 
122.0 285.0 0.281039328007 9718.96067199 
170.0 305.0 0.203620000005 9796.37999999 
207.0 291.0 0.50242165601 9497.57834399 
251.0 285.0 0.00808000000021 9991.92 
300.0 291.0 0.135735872003 9864.264128 
350.0 294.0 0.291119948006 9708.88005199 
392.0 296.0 0.850788880021 9149.21111998 
439.0 305.0 0.505734976013 9494.26502399 
485.0 297.0 0.112839900001 9887.1601 
533.0 302.0 0.271120844006 9728.87915599 
571.0 300.0 0.510566880011 9489.43311999 
609.0 294.0 0.426933840011 9573.06615999 
667.0 296.0 0.472752160012 9527.24783999 
709.0 303.0 0.326336800008 9673.66319999 
760.0 302.0 0.0447852800013 9955.21472 
797.0 306.0 0.199629456005 9800.370544 
831.0 293.0 0.386847840006 9613.15215999 
894.0 291.0 0.0788928560017 9921.107144 
933.0 304.0 0.0351504800009 9964.84952 
971.0 301.0 0.0293105000006 9970.6895 
21.0 332.0 0.183682244005 9816.317756 
72.0 343.0 0.392501836012 9607.49816399 
116.0 335.0 0.347011888009 9652.98811199 
156.0 349.0 0.331112576008 9668.88742399 
212.0 349.0 0.473641000004 9526.359 
260.0 347.0 0.298640552008 9701.35944799 
294.0 332.0 0.0400124200008 9959.98758 
339.0 330.0 0.0322600000008 9967.74 
388.0 339.0 0.558244084013 9441.75591599 
430.0 340.0 0.978768400014 9021.23159999 
473.0 348.0 0.778424188019 9221.57581198 
519.0 347.0 0.716116632017 9283.88336798 
577.0 346.0 0.634597400013 9365.40259999 
613.0 340.0 0.340939776008 9659.06022399 
648.0 339.0 0.790623976015 9209.37602398 
693.0 351.0 0.876932976022 9123.06702398 
751.0 331.0 0.337170400007 9662.82959999 
790.0 348.0 0.266606840006 9733.39315999 
846.0 330.0 0.581344200007 9418.65579999 
895.0 331.0 0.261521040007 9738.47895999 
930.0 329.0 0.0670804760016 9932.919524 
987.0 348.0 0.0573959000003 9942.6041 
11.0 379.0 0.0314965440009 9968.503456 
78.0 384.0 0.146540000004 9853.46 
122.0 375.0 0.250160620005 9749.83937999 
154.0 384.0 0.293120700004 9706.8793 
200.0 377.0 0.61554980001 9384.45019999 
257.0 384.0 0.536952928012 9463.04707199 
289.0 390.0 0.253568280005 9746.43171999 
337.0 396.0 0.308646960008 9691.35303999 
383.0 377.0 0.992479500003 9007.5205 
439.0 396.0 0.807914840021 9192.08515998 
483.0 395.0 0.908452900007 9091.54709999 
524.0 394.0 1.16655900002 8833.44099998 
574.0 389.0 0.223439200006 9776.56079999 
618.0 383.0 1.09526684803 8904.73315197 
660.0 386.0 1.59986696001 8400.13303999 
701.0 384.0 1.06721426001 8932.78573999 
757.0 386.0 0.898355840009 9101.64415999 
800.0 378.0 0.749714216021 9250.28578398 
841.0 385.0 0.658866640013 9341.13335999 
887.0 385.0 0.337919728009 9662.08027199 
935.0 389.0 0.123074080003 9876.92592 
983.0 395.0 0.0947638400023 9905.23616 
11.0 423.0 0.0165200000004 9983.48 
74.0 433.0 0.0457951040007 9954.204896 
118.0 438.0 0.148929536003 9851.070464 
161.0 438.0 0.351713520007 9648.28647999 
215.0 430.0 0.743336128009 9256.66387199 
248.0 422.0 0.263745188005 9736.254812 
303.0 423.0 0.0970745760024 9902.925424 
335.0 427.0 0.343216768009 9656.78323199 
390.0 431.0 1.05386344003 8946.13655997 
432.0 437.0 0.606572660014 9393.42733999 
466.0 441.0 0.678073500015 9321.92649999 
530.0 427.0 1.31811110802 8681.88889198 
561.0 422.0 1.67524324005 8324.75675995 
615.0 440.0 1.75208688004 8247.91311996 
657.0 442.0 1.56246880004 8437.53119996 
698.0 425.0 1.19678216003 8803.21783997 
740.0 439.0 0.111108480003 9888.89152 
798.0 430.0 0.248404632006 9751.59536799 
843.0 424.0 0.212980000006 9787.01999999 
893.0 441.0 0.107782892002 9892.217108 
938.0 437.0 0.0775937640015 9922.406236 
977.0 441.0 0.0888403200017 9911.15968 
28.0 482.0 0.0275321720004 9972.467828 
70.0 479.0 0.118228400001 9881.7716 
106.0 470.0 0.081518904002 9918.481096 
168.0 467.0 0.333400000008 9666.59999999 
201.0 486.0 0.69840400001 9301.59599999 
240.0 485.0 0.479022880012 9520.97711999 
300.0 481.0 0.102852288002 9897.147712 
342.0 482.0 0.710746760018 9289.25323998 
379.0 484.0 0.954885936019 9045.11406398 
421.0 481.0 0.682413952017 9317.58604798 
485.0 483.0 0.277400000007 9722.59999999 
512.0 479.0 0.306634816008 9693.36518399 
572.0 475.0 0.500260000013 9499.73999999 
622.0 467.0 0.508243776013 9491.75622399 
669.0 483.0 0.577653300015 9422.34669998 
696.0 483.0 0.663076128017 9336.92387198 
757.0 468.0 0.182803088001 9817.196912 
791.0 468.0 0.114160240001 9885.83976 
836.0 479.0 0.0807645440011 9919.235456 
892.0 474.0 0.0293449560008 9970.655044 
927.0 473.0 0.138756760001 9861.24324 
976.0 473.0 0.0701809080012 9929.819092 
19.0 516.0 0.146739268003 9853.260732 
67.0 533.0 0.154574380005 9845.42562 
110.0 531.0 0.0380595600005 9961.94044 
160.0 511.0 0.269860000007 9730.13999999 
212.0 513.0 0.805505760008 9194.49423999 
259.0 528.0 0.446036120008 9553.96387999 
296.0 515.0 0.163126224003 9836.873776 
341.0 515.0 0.39936150001 9600.63849999 
378.0 513.0 1.16824598401 8831.75401599 
442.0 514.0 0.111404736003 9888.595264 
482.0 525.0 0.0786321280021 9921.367872 
530.0 533.0 0.0595084640012 9940.491536 
565.0 525.0 0.115200000003 9884.8 
613.0 533.0 0.277418720005 9722.58128 
668.0 530.0 0.191380000005 9808.61999999 
703.0 527.0 0.194883888002 9805.116112 
741.0 522.0 0.345863356005 9654.13664399 
785.0 529.0 0.209988220005 9790.01178 
843.0 527.0 0.152829536002 9847.170464 
884.0 533.0 0.152711428004 9847.288572 
925.0 532.0 0.148479100003 9851.5209 
971.0 511.0 0.0550950400014 9944.90496 
16.0 558.0 0.136845104003 9863.154896 
57.0 560.0 0.223014368003 9776.985632 
121.0 559.0 0.111478752003 9888.521248 
152.0 572.0 0.0684089280007 9931.591072 
201.0 560.0 0.973695244014 9026.30475599 
250.0 576.0 0.775708360016 9224.29163998 
286.0 565.0 0.146683940004 9853.31606 
341.0 576.0 0.38443494401 9615.56505599 
386.0 565.0 1.24170384801 8758.29615199 
425.0 572.0 0.431635512011 9568.36448799 
472.0 560.0 0.233059200003 9766.9408 
512.0 565.0 0.246532288005 9753.46771199 
560.0 574.0 0.151918720004 9848.08128 
612.0 574.0 0.0859919040022 9914.008096 
663.0 560.0 0.407906828007 9592.09317199 
702.0 557.0 0.329320440008 9670.67955999 
755.0 572.0 0.404541520007 9595.45847999 
793.0 574.0 0.339569472007 9660.43052799 
850.0 562.0 0.308165708005 9691.83429199 
897.0 565.0 0.237295040006 9762.70495999 
931.0 561.0 0.230111456002 9769.888544 
968.0 563.0 0.118761148003 9881.238852 
17.0 608.0 0.178273420002 9821.72658 
70.0 617.0 0.269383728002 9730.616272 
113.0 619.0 0.209606996005 9790.393004 
156.0 603.0 0.448226700011 9551.77329999 
211.0 613.0 1.18608392803 8813.91607197 
257.0 603.0 0.493133696011 9506.86630399 
286.0 620.0 0.132652520004 9867.34748 
351.0 608.0 1.53260174402 8467.39825598 
379.0 603.0 0.721933228018 9278.06677198 
430.0 602.0 0.84066649602 9159.33350398 
476.0 610.0 0.803450720021 9196.54927998 
526.0 620.0 0.409916000008 9590.08399999 
566.0 610.0 0.308002000006 9691.99799999 
612.0 608.0 0.255357760007 9744.64223999 
664.0 604.0 0.164264320004 9835.73568 
708.0 624.0 0.185037600005 9814.9624 
744.0 624.0 0.324226292008 9675.77370799 
794.0 620.0 0.336773800008 9663.22619999 
833.0 613.0 0.269934240007 9730.06575999 
890.0 617.0 0.0792607200017 9920.73928 
934.0 616.0 0.162852304003 9837.147696 
986.0 622.0 0.0547870400011 9945.21296 
32.0 662.0 0.204273020004 9795.72698 
59.0 661.0 0.283867680003 9716.13232 
112.0 662.0 0.142240940003 9857.75906 
147.0 668.0 0.188697700003 9811.3023 
212.0 658.0 1.58509984004 8414.90015996 
257.0 665.0 0.37278091201 9627.21908799 
284.0 658.0 1.63722105604 8362.77894396 
337.0 653.0 1.58564486402 8414.35513598 
389.0 652.0 1.48730264003 8512.69735997 
438.0 654.0 1.18248888001 8817.51111999 
475.0 666.0 0.866957172009 9133.04282799 
523.0 667.0 0.705972720014 9294.02727999 
575.0 654.0 0.753334524013 9246.66547599 
622.0 658.0 0.597096000004 9402.904 
654.0 659.0 0.500596900011 9499.40309999 
709.0 666.0 0.540285624006 9459.71437599 
759.0 660.0 0.438781024008 9561.21897599 
793.0 647.0 0.113012720003 9886.98728 
832.0 666.0 0.282581872006 9717.41812799 
890.0 665.0 0.198300040004 9801.69996 
942.0 666.0 0.178983960003 9821.01604 
968.0 651.0 0.101206828002 9898.793172 
33.0 704.0 0.325304112005 9674.695888 
67.0 715.0 0.368742000007 9631.25799999 
110.0 713.0 0.0390766 9960.9234 
170.0 704.0 0.226955520001 9773.04448 
195.0 701.0 0.122574688003 9877.425312 
244.0 694.0 2.47902009606 7520.97990394 
285.0 695.0 1.09665719203 8903.34280797 
349.0 711.0 0.795120000021 9204.87999998 
375.0 714.0 1.39219105604 8607.80894396 
424.0 704.0 0.101186928002 9898.813072 
467.0 694.0 0.550819396011 9449.18060399 
524.0 698.0 0.575834540013 9424.16545999 
575.0 693.0 0.483394208012 9516.60579199 
603.0 704.0 0.460301960011 9539.69803999 
661.0 712.0 0.256204016006 9743.79598399 
712.0 715.0 0.223069480005 9776.93051999 
755.0 698.0 0.176703152004 9823.296848 
792.0 693.0 0.308438968003 9691.561032 
829.0 711.0 0.235872724005 9764.12727599 
878.0 715.0 0.126889192003 9873.110808 
939.0 711.0 0.134011880003 9865.98812 
977.0 701.0 0.0923227520018 9907.677248 
28.0 758.0 0.446979400011 9553.02059999 
74.0 746.0 0.138960000004 9861.04 
123.0 745.0 1.49191352004 8508.08647996 
165.0 754.0 1.55076227204 8449.23772796 
193.0 749.0 2.97420103207 7025.79896793 
248.0 740.0 3.20677644004 6793.22355996 
293.0 755.0 2.68335604407 7316.64395593 
331.0 749.0 1.85909612803 8140.90387197 
385.0 758.0 1.19139425602 8808.60574398 
437.0 741.0 0.303109004007 9696.89099599 
470.0 741.0 0.157650316004 9842.349684 
519.0 739.0 0.0907200000024 9909.28 
567.0 739.0 0.143361632004 9856.638368 
623.0 739.0 0.154611200002 9845.3888 
654.0 739.0 0.0804018800007 9919.59812 
698.0 746.0 0.106038140002 9893.96186 
755.0 755.0 0.310308120008 9689.69187999 
789.0 754.0 0.293784600007 9706.21539999 
846.0 750.0 0.298551500005 9701.4485 
896.0 755.0 0.196856900003 9803.1431 
924.0 758.0 0.136935988001 9863.064012 
970.0 746.0 0.0436376000005 9956.3624 
25.0 799.0 0.464086576008 9535.91342399 
65.0 798.0 1.80211982005 8197.88017995 
123.0 796.0 3.25855560008 6741.44439992 
156.0 791.0 4.9266253281 5073.3746719 
206.0 799.0 4.89231894407 5107.68105593 
253.0 792.0 4.6689026641 5331.0973359 
306.0 800.0 2.89891163605 7101.08836395 
348.0 800.0 1.46076528004 8539.23471996 
392.0 803.0 0.411792040011 9588.20795999 
424.0 801.0 0.307332120007 9692.66787999 
485.0 798.0 0.0165600000004 9983.44 
533.0 800.0 0.0602497440016 9939.750256 
561.0 800.0 0.141032732003 9858.967268 
605.0 797.0 0.0900069280011 9909.993072 
652.0 800.0 0.0343800800009 9965.61992 
714.0 803.0 0.354612480009 9645.38751999 
757.0 803.0 0.546666788003 9453.333212 
794.0 799.0 0.430229220011 9569.77077999 
844.0 803.0 0.294854144007 9705.14585599 
877.0 793.0 0.162101960004 9837.89804 
942.0 806.0 0.113871040002 9886.12896 
968.0 796.0 0.0632032000016 9936.7968 
12.0 837.0 1.98954888004 8010.45111996 
68.0 842.0 4.38816314002 5611.83685998 
122.0 829.0 5.86213876006 4137.86123994 
150.0 831.0 5.05650512007 4943.49487993 
196.0 838.0 1.93302130005 8066.97869995 
257.0 842.0 1.63798334004 8362.01665996 
298.0 849.0 0.755374040019 9244.62595998 
337.0 844.0 0.835558204022 9164.44179598 
379.0 837.0 0.473066880006 9526.93311999 
431.0 844.0 0.328403540003 9671.59646 
476.0 845.0 0.271276480007 9728.72351999 
531.0 847.0 0.240450448005 9759.549552 
563.0 837.0 0.152323056003 9847.676944 
606.0 852.0 0.0837955760021 9916.204424 
662.0 837.0 0.0257988840003 9974.201116 
708.0 833.0 0.701647800012 9298.35219999 
751.0 836.0 0.218159920006 9781.84007999 
799.0 843.0 0.291924796007 9708.07520399 
831.0 844.0 0.272091972006 9727.90802799 
894.0 832.0 0.157858524004 9842.141476 
937.0 832.0 0.074829312001 9925.170688 
982.0 841.0 0.0465002560009 9953.499744 
30.0 881.0 1.79074000005 8209.25999995 
61.0 887.0 0.0448456320007 9955.154368 
103.0 875.0 1.68287353604 8317.12646396 
166.0 892.0 0.0256800000007 9974.32 
194.0 882.0 0.0270837920008 9972.916208 
259.0 884.0 0.276378620007 9723.62137999 
299.0 881.0 0.410213920005 9589.78607999 
346.0 878.0 0.138229800002 9861.7702 
394.0 895.0 0.230791032005 9769.20896799 
437.0 891.0 0.121220000003 9878.78 
486.0 897.0 0.136187140004 9863.81286 
518.0 886.0 0.162867420004 9837.13258 
578.0 875.0 0.208652324005 9791.34767599 
608.0 890.0 0.176658880004 9823.34112 
665.0 876.0 0.296821060008 9703.17893999 
715.0 882.0 0.777067879994 9222.93212001 
740.0 896.0 0.515161804014 9484.83819599 
795.0 889.0 0.197588704004 9802.411296 
847.0 891.0 0.161294432003 9838.705568 
881.0 879.0 0.141027600003 9858.9724 
929.0 895.0 0.0842225600015 9915.77744 
971.0 882.0 0.0369906360008 9963.009364 
27.0 924.0 0.0247200000006 9975.28 
79.0 929.0 0.0879721760008 9912.027824 
111.0 940.0 0.074531780001 9925.46822 
153.0 942.0 0.0352500160009 9964.749984 
210.0 920.0 0.0444705600006 9955.52944 
247.0 937.0 0.0548108240008 9945.189176 
289.0 927.0 0.0459313880007 9954.068612 
331.0 924.0 0.274575072004 9725.424928 
386.0 929.0 0.240426400003 9759.5736 
432.0 936.0 0.183183220004 9816.81678 
476.0 936.0 0.105377984003 9894.622016 
516.0 943.0 0.0587396720012 9941.260328 
571.0 921.0 0.199527136005 9800.47286399 
604.0 942.0 0.242797200006 9757.20279999 
657.0 936.0 0.181659020004 9818.34098 
706.0 940.0 0.397609252008 9602.39074799 
745.0 933.0 0.464815120011 9535.18487999 
791.0 924.0 0.338511700007 9661.48829999 
845.0 932.0 0.169301120002 9830.69888 
890.0 929.0 0.160161864004 9839.838136 
921.0 939.0 0.0696310080014 9930.368992 
969.0 941.0 0.0452882080012 9954.711792 
16.0 973.0 0.00948023999958 9990.51976 
68.0 970.0 0.0329000000009 9967.1 
104.0 979.0 0.0704867200018 9929.51328 
156.0 986.0 0.0376369440004 9962.363056 
210.0 980.0 0.0249000000007 9975.1 
254.0 977.0 0.0605461000011 9939.4539 
288.0 981.0 0.0621426080006 9937.857392 
335.0 987.0 0.0290205800001 9970.97942 
394.0 975.0 0.147399920003 9852.60008 
433.0 979.0 0.0849706960023 9915.029304 
468.0 986.0 0.0495957120009 9950.404288 
511.0 984.0 0.0459499080012 9954.050092 
575.0 967.0 0.0904200000024 9909.58 
618.0 977.0 0.127548564003 9872.451436 
648.0 968.0 0.128755024003 9871.244976 
708.0 982.0 0.0337800000009 9966.22 
757.0 977.0 0.0571139200004 9942.88608 
802.0 985.0 0.0286713000008 9971.3287 
839.0 976.0 0.0248800000007 9975.12 
888.0 977.0 0.0529323520014 9947.067648 
931.0 978.0 0.0715170000019 9928.483 
984.0 987.0 0.0370093200005 9962.99068 
236.0 553.0 0.628152656016 9371.84734398 
352.0 672.0 1.55867840803 8441.32159197 
247.0 865.0 0.504288360011 9495.71163999 
705.0 12.0 0.0550607800012 9944.93922 
522.0 620.0 0.359946656009 9640.05334399 
721.0 805.0 0.337879996008 9662.12000399 
565.0 813.0 0.116365440003 9883.63456 
532.0 231.0 0.177970208004 9822.029792 
417.0 795.0 0.38884147201 9611.15852799 
725.0 378.0 0.562949640015 9437.05035999 
942.0 142.0 0.0318800000008 9968.12 
790.0 138.0 0.215469280004 9784.53072 
663.0 873.0 0.296800000008 9703.19999999 
202.0 58.0 0.135570400003 9864.4296 
643.0 986.0 0.096847760002 9903.15224 
971.0 599.0 0.119525544003 9880.474456 
