1000.0 0.0
48.0 84.0 0.0149849668003 9850.150332 
130.0 60.0 0.0329528880003 9670.47112 
242.0 57.0 0.0162820000004 9837.18 
352.0 74.0 0.0162820000004 9837.18 
427.0 62.0 0.0343702820003 9656.29718 
506.0 72.0 0.0656404840006 9343.59515999 
607.0 66.0 0.0838375520001 9161.62448 
695.0 79.0 0.01791504 9820.8496 
781.0 40.0 0.0384694400011 9615.30559999 
845.0 38.0 0.0165920000004 9834.08 
955.0 57.0 0.0913043976021 9086.95602398 
100.0 121.0 0.00825800000022 9917.42 
183.0 109.0 0.0527908339998 9472.09166 
236.0 152.0 0.0459686176005 9540.31382399 
292.0 158.0 0.0641502172011 9358.49782799 
422.0 175.0 0.0641502172011 9358.49782799 
555.0 125.0 0.103905402 8960.94598 
633.0 124.0 0.0327940000009 9672.05999999 
725.0 149.0 0.00829400000022 9917.06 
798.0 117.0 0.0351510592006 9648.48940799 
846.0 165.0 0.0408960000011 9591.03999999 
964.0 123.0 0.0950510104019 9049.48989598 
110.0 270.0 0.0950510104019 9049.48989598 
175.0 261.0 0.0134620559997 9865.37944 
204.0 213.0 0.00826400000022 9917.36 
326.0 217.0 0.0634267536007 9365.73246399 
389.0 242.0 0.0493400000013 9506.59999999 
540.0 204.0 0.191933848004 8080.66151996 
604.0 223.0 0.169783336802 8302.16663198 
675.0 244.0 0.0656060000017 9343.93999998 
781.0 221.0 0.0485011760012 9514.98823999 
849.0 227.0 0.0823660543994 9176.33945601 
958.0 189.0 0.0634564096008 9365.43590399 
106.0 369.0 0.0489030600007 9510.96939999 
177.0 372.0 0.0764537152007 9235.46284799 
227.0 316.0 0.0408960000011 9591.03999999 
334.0 316.0 0.0687780280005 9312.21972 
411.0 317.0 0.104852944001 8951.47055999 
489.0 308.0 0.136422018401 8635.77981599 
559.0 281.0 0.175470504002 8245.29495998 
670.0 311.0 0.0330743584005 9669.256416 
742.0 308.0 0.0246160000006 9753.83999999 
878.0 271.0 0.0662356736005 9337.64326399 
947.0 240.0 0.0290648368002 9709.351632 
49.0 446.0 0.00815600000021 9918.44 
120.0 427.0 0.0509978312007 9490.02168799 
220.0 395.0 0.0429677280006 9570.32271999 
336.0 387.0 0.0327994760004 9672.00524 
387.0 418.0 0.0243120000006 9756.87999999 
444.0 401.0 0.0169447600002 9830.5524 
516.0 407.0 0.00829000000022 9917.1 
605.0 402.0 0.0246040000006 9753.95999999 
763.0 408.0 0.0336850544001 9663.149456 
878.0 336.0 0.03138016 9686.1984 
951.0 354.0 0.00812800000021 9918.72 
51.0 515.0 0.0159286679997 9840.71332 
145.0 538.0 0.0244100000006 9755.89999999 
262.0 506.0 0.0244100000006 9755.89999999 
331.0 498.0 0.0290923808004 9709.076192 
386.0 495.0 0.0386629192003 9613.370808 
452.0 484.0 0.0161480000004 9838.52 
603.0 540.0 0.0699266840008 9300.73315999 
610.0 461.0 0.0582543248009 9417.45675199 
737.0 477.0 0.00824200000022 9917.58 
804.0 512.0 0.017769752 9822.30248 
880.0 514.0 0.00824200000022 9917.58 
37.0 591.0 0.00803400000021 9919.66 
134.0 603.0 0.0712270100002 9287.7299 
213.0 611.0 0.0325980000009 9674.01999999 
349.0 584.0 0.144792308803 8552.07691197 
400.0 589.0 0.130691830002 8693.08169998 
464.0 592.0 0.0492300000013 9507.69999999 
608.0 591.0 0.0370710592008 9629.28940799 
676.0 612.0 0.0252599040004 9747.40096 
746.0 638.0 0.00802000000021 9919.8 
819.0 635.0 0.0491080000013 9508.91999999 
945.0 624.0 0.0328180000009 9671.81999999 
50.0 663.0 0.0316444552 9683.555448 
117.0 678.0 0.0674473808007 9325.52619199 
217.0 668.0 0.0428481120008 9571.51887999 
295.0 674.0 0.0868981084001 9131.018916 
342.0 654.0 0.1312697876 8687.302124 
458.0 675.0 0.0823620000022 9176.37999998 
588.0 664.0 0.0700786063999 9299.213936 
665.0 672.0 0.0572780000015 9427.21999998 
774.0 718.0 0.103407213202 8965.92786798 
839.0 710.0 0.148957139999 8510.42860001 
935.0 697.0 0.0933997844001 9066.002156 
86.0 785.0 0.0148498187997 9851.501812 
148.0 798.0 0.0249820000007 9750.17999999 
201.0 746.0 0.0249820000007 9750.17999999 
288.0 723.0 0.0369364600007 9630.63539999 
386.0 761.0 0.196913295203 8030.86704797 
455.0 746.0 0.239675620001 7603.24379999 
595.0 734.0 0.0651889240002 9348.11076 
698.0 785.0 0.0907988188018 9092.01181198 
767.0 795.0 0.0747655776012 9252.34422399 
875.0 769.0 0.123099054803 8769.00945197 
951.0 772.0 0.112045837602 8879.54162398 
41.0 846.0 0.112045837602 8879.54162398 
177.0 864.0 0.0457262336004 9542.737664 
238.0 865.0 0.0330500000009 9669.49999999 
313.0 843.0 0.101025052001 8989.74947999 
381.0 812.0 0.115447896802 8845.52103198 
470.0 810.0 0.169026600403 8309.73399597 
559.0 798.0 0.0333646848006 9666.35315199 
700.0 860.0 0.0678416360004 9321.58364 
759.0 850.0 0.0678416360004 9321.58364 
842.0 839.0 0.0403535088009 9596.46491199 
930.0 825.0 0.0690191000007 9309.80899999 
126.0 923.0 0.0351977464005 9648.022536 
208.0 921.0 0.0491390880012 9508.60911999 
276.0 907.0 0.0750024580006 9249.97541999 
337.0 935.0 0.0296228888005 9703.77111199 
392.0 948.0 0.00812600000021 9918.74 
466.0 903.0 0.0409947840004 9590.05216 
556.0 907.0 0.0371833144007 9628.16685599 
633.0 886.0 0.0371833144007 9628.16685599 
735.0 928.0 0.0343382084001 9656.617916 
806.0 926.0 0.0343382084001 9656.617916 
900.0 893.0 0.0422623376003 9577.376624 
733.0 340.0 0.0364343120004 9635.65688 
695.0 743.0 0.0965691228007 9034.30877199 
525.0 868.0 0.1063176632 8936.823368 
824.0 772.0 0.119082828403 8809.17171597 
