1000.0 0.0
72.0 103.0 0.0972667360022 9027.33263998 
141.0 90.0 0.113887828002 8861.12171998 
227.0 45.0 0.0788798560016 9211.20143998 
283.0 59.0 0.112768595202 8872.31404798 
366.0 73.0 0.0817080000021 9182.91999998 
459.0 82.0 0.0817080000021 9182.91999998 
583.0 49.0 0.058618806001 9413.81193999 
650.0 85.0 0.128969761601 8710.30238399 
715.0 64.0 0.162384843201 8376.15156799 
837.0 56.0 0.0927332368021 9072.66763198 
891.0 34.0 0.0927332368021 9072.66763198 
950.0 27.0 0.013265148 9867.34852 
78.0 180.0 0.0681621800008 9318.37819999 
169.0 131.0 0.172170382001 8278.29617999 
238.0 113.0 0.215351650003 7846.48349997 
297.0 125.0 0.302614376805 6973.85623195 
371.0 116.0 0.339951280005 6600.48719995 
437.0 154.0 0.244318529999 7556.81470001 
561.0 113.0 0.0421547556008 9578.45244399 
632.0 139.0 0.0679635040016 9320.36495998 
741.0 128.0 0.203845801601 7961.54198399 
815.0 114.0 0.231650608002 7683.49391998 
881.0 122.0 0.195581936 8044.18064 
940.0 139.0 0.0822060000022 9177.93999998 
75.0 252.0 0.0328297408005 9671.702592 
143.0 249.0 0.0164680000004 9835.32 
215.0 189.0 0.124202488003 8757.97511997 
291.0 211.0 0.0650045920012 9349.95407999 
361.0 202.0 0.0161600000004 9838.4 
469.0 209.0 0.0898500000024 9101.49999998 
573.0 211.0 0.013900896 9860.99104 
630.0 200.0 0.00830400000022 9916.96 
713.0 236.0 0.0820757280021 9179.24271998 
794.0 204.0 0.0820757280021 9179.24271998 
875.0 199.0 0.00842600000022 9915.74 
945.0 192.0 0.0128822295999 9871.177704 
42.0 299.0 0.00820800000022 9917.92 
129.0 327.0 0.0535858080009 9464.14191999 
217.0 281.0 0.0433841888005 9566.15811199 
295.0 274.0 0.0818641247999 9181.358752 
380.0 303.0 0.0246400000006 9753.59999999 
457.0 285.0 0.00799800000021 9920.02 
552.0 298.0 0.0162540000004 9837.46 
647.0 292.0 0.0392884280003 9607.11572 
708.0 304.0 0.116583092403 8834.16907597 
774.0 273.0 0.0912811000019 9087.18899998 
816.0 292.0 0.0492300000013 9507.69999999 
890.0 274.0 0.0182844200001 9817.1558 
61.0 366.0 0.0347636320003 9652.36368 
144.0 374.0 0.0300984820002 9699.01518 
201.0 380.0 0.00822600000022 9917.74 
306.0 378.0 0.078336292001 9216.63707999 
385.0 371.0 0.0724042720009 9275.95727999 
459.0 357.0 0.0314326044004 9685.673956 
526.0 357.0 0.0377655756 9622.344244 
587.0 381.0 0.0162540000004 9837.46 
741.0 367.0 0.0413058392003 9586.941608 
812.0 395.0 0.0247780000006 9752.21999999 
847.0 352.0 0.0156379715998 9843.620284 
902.0 355.0 0.0163920000004 9836.08 
72.0 499.0 0.0389297428006 9610.70257199 
132.0 500.0 0.0672196799999 9327.8032 
190.0 456.0 0.0410520000011 9589.47999999 
294.0 441.0 0.0317000004006 9682.99999599 
391.0 439.0 0.055204140001 9447.95859999 
448.0 443.0 0.0700105680008 9299.89431999 
525.0 447.0 0.0639875952011 9360.12404799 
579.0 486.0 0.0331680000009 9668.31999999 
723.0 449.0 0.0655380000017 9344.61999998 
745.0 477.0 0.139436436803 8605.63563197 
827.0 497.0 0.0550699376014 9449.30062399 
923.0 431.0 0.0349432876008 9650.56712399 
60.0 579.0 0.00831800000022 9916.82 
142.0 562.0 0.0392460736009 9607.53926399 
208.0 526.0 0.0166732992001 9833.267008 
288.0 536.0 0.0446206160006 9553.79383999 
365.0 545.0 0.0246400000006 9753.59999999 
475.0 521.0 0.0150521135998 9849.478864 
538.0 534.0 0.0163680000004 9836.32 
633.0 539.0 0.0664409360016 9335.59063998 
708.0 547.0 0.217121011604 7828.78988396 
752.0 534.0 0.079140081602 9208.59918398 
869.0 555.0 0.0716006168003 9283.993832 
926.0 520.0 0.0247660000006 9752.33999999 
43.0 645.0 0.0241914220004 9758.08578 
138.0 642.0 0.154132813603 8458.67186397 
207.0 637.0 0.188946136003 8110.53863997 
277.0 625.0 0.0654700000017 9345.29999998 
377.0 608.0 0.0144635752002 9855.364248 
439.0 615.0 0.00813200000021 9918.68 
528.0 607.0 0.0169617255999 9830.382744 
641.0 624.0 0.102125962001 8978.74037999 
717.0 625.0 0.146948186001 8530.51813999 
784.0 625.0 0.0328420000009 9671.57999999 
830.0 601.0 0.0392208832005 9607.79116799 
912.0 591.0 0.0378208060004 9621.79194 
51.0 692.0 0.055175771201 9448.24228799 
111.0 698.0 0.0926785240002 9073.21476 
206.0 699.0 0.125552148002 8744.47851998 
284.0 717.0 0.0329283024005 9670.71697599 
330.0 698.0 0.0164560000004 9835.44 
461.0 726.0 0.0326180000009 9673.81999999 
579.0 694.0 0.0312522800009 9687.47719999 
643.0 696.0 0.0661250912016 9338.74908798 
722.0 719.0 0.0410580000011 9589.41999999 
803.0 721.0 0.0410580000011 9589.41999999 
868.0 693.0 0.0603189999998 9396.81 
930.0 689.0 0.0247500000006 9752.49999999 
82.0 753.0 0.047274240001 9527.25759999 
184.0 768.0 0.0747896980008 9252.10301999 
252.0 774.0 0.0482882720011 9517.11727999 
309.0 807.0 0.0493020000013 9506.97999999 
365.0 788.0 0.0502705448008 9497.29455199 
440.0 800.0 0.095694141201 9043.05858799 
570.0 762.0 0.00806000000021 9919.4 
631.0 807.0 0.0426932960005 9573.06703999 
703.0 775.0 0.0409340000011 9590.65999999 
773.0 772.0 0.1026808116 8973.191884 
880.0 763.0 0.0660088656013 9339.91134399 
942.0 785.0 0.0317412640006 9682.58735999 
133.0 840.0 0.0317412640006 9682.58735999 
184.0 832.0 0.039404864001 9605.95135999 
246.0 855.0 0.0547626080008 9452.37391999 
302.0 875.0 0.0960436816009 9039.56318399 
354.0 858.0 0.0486482072009 9513.51792799 
451.0 858.0 0.0683571600004 9316.4284 
534.0 866.0 0.00823000000022 9917.7 
627.0 878.0 0.0164320000004 9835.68 
688.0 859.0 0.103529899601 8964.70100399 
750.0 836.0 0.128966450002 8710.33549998 
829.0 880.0 0.0695467720004 9304.53228 
906.0 882.0 0.0324140000009 9675.85999999 
116.0 960.0 0.0324140000009 9675.85999999 
182.0 957.0 0.0268477040005 9731.52295999
242.0 941.0 0.0268477040005 9731.52295999 
279.0 947.0 0.0759415064016 9240.58493598 
357.0 943.0 0.0163640000004 9836.36 
475.0 925.0 0.0408394560006 9591.60543999 
553.0 928.0 0.02326343 9767.3657 
615.0 946.0 0.00823000000022 9917.7 
726.0 969.0 0.0391844000007 9608.15599999 
787.0 962.0 0.0388787712008 9611.21228799 
830.0 915.0 0.0525619800008 9474.38019999 
930.0 940.0 0.0142932720002 9857.06728 
218.0 509.0 0.0340883660002 9659.11634 
101.0 756.0 0.00820000000022 9918.0 
296.0 311.0 0.0516014560012 9483.98543999 
844.0 442.0 0.0437012456004 9562.987544 
324.0 210.0 0.0409120000011 9590.87999999 
690.0 917.0 0.0603045952001 9396.954048 
