1000.0 0.0
53.0 84.0 0.00810000000021 9919.0 
137.0 63.0 0.0465450560009 9534.54943999 
218.0 66.0 0.0327760000009 9672.23999999 
309.0 52.0 0.0327760000009 9672.23999999 
372.0 42.0 0.0299692880007 9700.30711999 
456.0 55.0 0.0246760000006 9753.23999999 
565.0 45.0 0.0246760000006 9753.23999999 
634.0 44.0 0.0245880000006 9754.11999999 
723.0 38.0 0.0901253328008 9098.74667199 
793.0 31.0 0.154612857603 8453.87142397 
854.0 45.0 0.175823108001 8241.76891999 
941.0 25.0 0.0150285424 9849.714576 
54.0 135.0 0.0123152400002 9876.8476 
130.0 115.0 0.0447030200007 9552.96979999 
216.0 137.0 0.0535236080012 9464.76391999 
298.0 135.0 0.0724451432007 9275.54856799 
366.0 142.0 0.0246920000006 9753.07999999 
451.0 128.0 0.0254568968003 9745.431032 
547.0 137.0 0.0309174992001 9690.825008 
610.0 142.0 0.0624844672009 9375.15532799 
728.0 117.0 0.0353141688005 9646.858312 
812.0 108.0 0.0671461880012 9328.53811999 
889.0 86.0 0.176196878403 8238.03121597 
961.0 116.0 0.0736280000019 9263.71999998 
53.0 219.0 0.0247992800001 9752.0072 
108.0 205.0 0.0247992800001 9752.0072 
217.0 217.0 0.00814000000021 9918.6 
304.0 195.0 0.0719074320017 9280.92567998 
362.0 215.0 0.0631192204013 9368.80779599 
461.0 189.0 0.0237458160001 9762.54184 
525.0 207.0 0.0164100000004 9835.9 
637.0 192.0 0.0309231300002 9690.7687 
694.0 216.0 0.0163040000004 9836.96 
837.0 235.0 0.0163880000004 9836.12 
897.0 214.0 0.0291355200006 9708.64479999 
937.0 179.0 0.0393056099997 9606.9439 
73.0 284.0 0.0407114584007 9592.88541599 
141.0 291.0 0.102170592001 8978.29407999 
203.0 288.0 0.0903418360019 9096.58163998 
278.0 272.0 0.0409520000011 9590.47999999 
394.0 272.0 0.0561251408004 9438.748592 
438.0 306.0 0.0494640000013 9505.35999999 
547.0 281.0 0.0167964984002 9832.035016 
613.0 310.0 0.0328880000009 9671.11999999 
719.0 275.0 0.0181556240004 9818.44376 
795.0 297.0 0.0243880000006 9756.11999999 
868.0 295.0 0.0396071335999 9603.928664 
946.0 304.0 0.0163880000004 9836.12 
80.0 364.0 0.0164460000004 9835.54 
141.0 354.0 0.0510578480011 9489.42151999 
220.0 356.0 0.0813961480011 9186.03851999 
325.0 356.0 0.0301713140002 9698.28686 
381.0 359.0 0.0534089896006 9465.91010399 
442.0 371.0 0.0318538472007 9681.46152799 
552.0 380.0 0.0397310120004 9602.68988 
616.0 369.0 0.0583550960012 9416.44903999 
723.0 360.0 0.0323553120004 9676.44688 
791.0 376.0 0.0531383564009 9468.61643599 
857.0 364.0 0.0490588280006 9509.41171999 
921.0 383.0 0.00827000000022 9917.3 
61.0 431.0 0.0244161600001 9755.8384 
123.0 473.0 0.0571890640009 9428.10935999 
189.0 449.0 0.0291170532 9708.829468 
284.0 465.0 0.00816200000021 9918.38 
388.0 476.0 0.00813600000021 9918.64 
484.0 466.0 0.014132124 9858.67876 
545.0 469.0 0.00809400000021 9919.06 
614.0 442.0 0.0418378456009 9581.62154399 
688.0 475.0 0.143049700003 8569.50299997 
761.0 486.0 0.0570340000015 9429.65999999 
888.0 446.0 0.0411280000011 9588.71999999 
947.0 468.0 0.0147312880001 9852.68712 
61.0 528.0 0.0337340560001 9662.65944 
133.0 539.0 0.0460711312 9539.288688 
194.0 554.0 0.0247900000007 9752.09999999 
292.0 538.0 0.0169655331999 9830.344668 
394.0 529.0 0.0423014272004 9576.985728 
468.0 549.0 0.0706675031996 9293.324968 
545.0 559.0 0.0329360000009 9670.63999999 
606.0 543.0 0.0490061808007 9509.93819199 
691.0 541.0 0.157996178001 8420.03821999 
774.0 540.0 0.0131041679999 9868.95832 
883.0 521.0 0.0946505600016 9053.49439998 
934.0 581.0 0.104254429601 8957.45570399 
58.0 626.0 0.00827400000022 9917.26 
139.0 620.0 0.00827400000022 9917.26 
206.0 610.0 0.0217790240003 9782.20976 
287.0 639.0 0.0660238080008 9339.76191999 
355.0 617.0 0.0463004564004 9536.995436 
476.0 607.0 0.0385270560008 9614.72943999 
561.0 629.0 0.0169239583997 9830.760416 
635.0 625.0 0.0165720000004 9834.28 
719.0 620.0 0.0736628384008 9263.37161599 
787.0 623.0 0.0576520000015 9423.47999998 
860.0 644.0 0.122119432 8778.80568 
946.0 650.0 0.0651793500006 9348.20649999 
82.0 698.0 0.0295297032004 9704.702968 
135.0 703.0 0.0610183320011 9389.81667999 
212.0 712.0 0.0165660000004 9834.34 
299.0 721.0 0.144480309599 8555.19690401 
372.0 704.0 0.0570120000015 9429.87999999 
460.0 727.0 0.0403875520002 9596.12448 
528.0 711.0 0.0163520000004 9836.48 
635.0 702.0 0.0262529920003 9737.47008 
700.0 692.0 0.0419663780008 9580.33621999 
807.0 705.0 0.0501520784009 9498.47921599 
879.0 708.0 0.128870778803 8711.29221197 
959.0 706.0 0.0300399620002 9699.60038 
65.0 785.0 0.0426114632004 9573.885368 
140.0 761.0 0.090201765202 9097.98234798 
209.0 781.0 0.137049094401 8629.50905599 
286.0 794.0 0.166732333603 8332.67666397 
366.0 810.0 0.0328600000009 9671.39999999 
450.0 801.0 0.0415603552008 9584.39644799 
563.0 787.0 0.0665534787994 9334.46521201 
634.0 803.0 0.0410400000011 9589.59999999 
704.0 780.0 0.0175216699998 9824.7833 
778.0 793.0 0.00823000000022 9917.7 
894.0 771.0 0.0717707192017 9282.29280798 
946.0 778.0 0.0292892356002 9707.107644 
76.0 862.0 0.0220045968004 9779.954032 
135.0 857.0 0.00816400000021 9918.36 
231.0 884.0 0.0423403080005 9576.59691999 
307.0 887.0 0.066695697601 9333.04302399 
357.0 871.0 0.0825567439999 9174.43256 
444.0 877.0 0.0825567439999 9174.43256 
557.0 859.0 0.0657972000012 9342.02799999 
640.0 871.0 0.0404186160008 9595.81383999 
711.0 889.0 0.0247400000006 9752.59999999 
782.0 879.0 0.0164020000004 9835.98 
856.0 872.0 0.100062572001 8999.37427999 
928.0 875.0 0.0493220000013 9506.77999999 
109.0 939.0 0.0302412000008 9697.58799999 
167.0 945.0 0.0607333304016 9392.66669598 
224.0 930.0 0.0705843072008 9294.15692799 
296.0 958.0 0.0247020000006 9752.97999999 
384.0 940.0 0.050088776001 9499.11223999 
458.0 963.0 0.00821200000022 9917.88 
552.0 928.0 0.0321102616006 9678.89738399 
638.0 936.0 0.0400121492004 9599.878508 
706.0 942.0 0.0209682136001 9790.317864 
786.0 959.0 0.0350004640007 9649.99535999 
880.0 943.0 0.0750944668013 9249.05533199 
938.0 927.0 0.0128890863998 9871.109136 
46.0 331.0 0.0117629819997 9882.37018 
672.0 567.0 0.104802587602 8951.97412398 
635.0 111.0 0.0630440240003 9369.55976 
227.0 649.0 0.0389342400004 9610.6576 
176.0 106.0 0.0657789535997 9342.210464 
383.0 772.0 0.023913574 9760.86426 
218.0 307.0 0.121334680002 8786.65319998 
195.0 855.0 0.0579112640008 9420.88735999 
430.0 46.0 0.0269403619998 9730.59638 
118.0 194.0 0.00842400000022 9915.76 
267.0 134.0 0.0607039064017 9392.96093598 
348.0 585.0 0.0327960000009 9672.03999999 
861.0 896.0 0.0736993840018 9263.00615998 
194.0 411.0 0.0244660000006 9755.33999999 
844.0 905.0 0.0780567332017 9219.43266798 
762.0 78.0 0.0785972160019 9214.02783998 
