1000.0 0.0
48.0 44.0 0.0336828284002 9663.171716 
120.0 61.0 0.0844974640013 9155.02535999 
196.0 59.0 0.076216876 9237.83124 
249.0 68.0 0.122836000003 8771.63999997 
365.0 72.0 0.0373395312007 9626.60468799 
417.0 74.0 0.0491440000013 9508.55999999 
489.0 72.0 0.0491440000013 9508.55999999 
565.0 69.0 0.0491440000013 9508.55999999 
676.0 63.0 0.0344201600001 9655.7984 
744.0 25.0 0.0594649000007 9405.35099999 
799.0 30.0 0.111047296002 8889.52703998 
875.0 32.0 0.129973596002 8700.26403998 
943.0 23.0 0.105269164 8947.30836 
24.0 118.0 0.105269164 8947.30836 
118.0 143.0 0.0705036220015 9294.96377999 
175.0 139.0 0.222489720803 7775.10279197 
254.0 144.0 0.2764410588 7235.589412 
356.0 150.0 0.0916022816012 9083.97718399 
430.0 146.0 0.0972879692001 9027.120308 
497.0 166.0 0.0408040000011 9591.95999999 
535.0 155.0 0.0593785680008 9406.21431999 
655.0 128.0 0.0572180000015 9427.81999998 
745.0 113.0 0.0572180000015 9427.81999998 
821.0 104.0 0.038649003601 9613.50996399 
875.0 129.0 0.0245120000006 9754.87999999 
963.0 104.0 0.0245120000006 9754.87999999 
54.0 209.0 0.0321706560003 9678.29344 
121.0 193.0 0.100395987201 8996.04012799 
178.0 216.0 0.0829750576016 9170.24942398 
262.0 220.0 0.212059168003 7879.40831997 
357.0 213.0 0.0310419760002 9689.58024 
438.0 223.0 0.0506689032007 9493.31096799 
499.0 214.0 0.0581347020009 9418.65297999 
572.0 224.0 0.143219193601 8567.80806399 
649.0 192.0 0.156576185999 8434.23814001 
713.0 209.0 0.0653200000017 9346.79999998 
821.0 198.0 0.0301654000006 9698.34599999 
874.0 174.0 0.0312649528008 9687.35047199 
952.0 174.0 0.0164140000004 9835.86 
27.0 281.0 0.00843400000022 9915.66 
117.0 301.0 0.00843400000022 9915.66 
183.0 279.0 0.0558288416011 9441.71158399 
245.0 291.0 0.133641064002 8663.58935998 
364.0 294.0 0.107737033603 8922.62966397 
437.0 294.0 0.225257660001 7747.42339999 
491.0 283.0 0.225257660001 7747.42339999 
576.0 281.0 0.0461204040008 9538.79595999 
641.0 253.0 0.184565746002 8154.34253998 
731.0 272.0 0.0145268860001 9854.73114 
793.0 283.0 0.0161700000004 9838.3 
903.0 265.0 0.0570811039993 9429.18896001 
961.0 263.0 0.0243900000006 9756.09999999 
26.0 339.0 0.0182393683997 9817.606316 
99.0 361.0 0.0166280000004 9833.72 
203.0 360.0 0.0389295268007 9610.70473199 
263.0 357.0 0.097572736002 9024.27263998 
345.0 346.0 0.0922052100017 9077.94789998 
421.0 353.0 0.255995140005 7440.04859995 
481.0 341.0 0.0825400000022 9174.59999998 
563.0 334.0 0.0825400000022 9174.59999998 
659.0 328.0 0.0670423884014 9329.57611599 
741.0 362.0 0.00825200000022 9917.48 
819.0 340.0 0.0144013800002 9855.9862 
872.0 335.0 0.0678743164016 9321.25683598 
950.0 347.0 0.0245460000006 9754.53999999 
39.0 428.0 0.0163480000004 9836.52 
123.0 418.0 0.0144624099998 9855.3759 
204.0 435.0 0.0512309320009 9487.69067999 
279.0 417.0 0.117887816801 8821.12183199 
340.0 408.0 0.165892834002 8341.07165998 
411.0 410.0 0.190478324404 8095.21675596 
500.0 440.0 0.00849800000022 9915.02 
583.0 439.0 0.0626851431997 9373.148568 
647.0 428.0 0.0249480000007 9750.51999999 
735.0 434.0 0.0168670880002 9831.32912 
810.0 434.0 0.0984220000026 9015.77999997 
867.0 407.0 0.0412070880008 9587.92911999 
945.0 398.0 0.0207947568004 9792.052432 
41.0 483.0 0.0256155856 9743.844144 
116.0 485.0 0.0245200000006 9754.79999999 
200.0 517.0 0.0245200000006 9754.79999999 
288.0 492.0 0.0421713680006 9578.28631999 
337.0 486.0 0.0597250128011 9402.74987199 
434.0 518.0 0.00840400000022 9915.96 
514.0 506.0 0.0336461108008 9663.53889199 
581.0 484.0 0.0569172368003 9430.827632 
666.0 515.0 0.0766761344008 9233.23865599 
743.0 518.0 0.172730615205 8272.69384795 
804.0 507.0 0.268924410003 7310.75589997 
891.0 513.0 0.0489740000013 9510.25999999 
977.0 487.0 0.00810400000021 9918.96 
25.0 572.0 0.0328419520001 9671.58048 
97.0 561.0 0.0607178912006 9392.82108799 
198.0 565.0 0.0131782100001 9868.2179 
251.0 581.0 0.0574220000015 9425.77999998 
357.0 586.0 0.0574220000015 9425.77999998 
426.0 582.0 0.0338114120003 9661.88588 
498.0 573.0 0.0540845872008 9459.15412799 
594.0 592.0 0.00810800000021 9918.92 
659.0 571.0 0.0377837280009 9622.16271999 
743.0 584.0 0.0482191424009 9517.80857599 
823.0 582.0 0.239282972802 7607.17027198 
872.0 577.0 0.110047518002 8899.52481998 
950.0 559.0 0.0176877904002 9823.122096 
49.0 661.0 0.0343881120006 9656.11887999 
121.0 637.0 0.0992882400024 9007.11759998 
189.0 661.0 0.156638208001 8433.61791999 
251.0 647.0 0.133336342401 8666.63657599 
333.0 646.0 0.0182524055996 9817.475944 
408.0 669.0 0.00818200000021 9918.18 
492.0 637.0 0.0340978048007 9659.02195199 
564.0 617.0 0.0248440000007 9751.55999999 
646.0 639.0 0.0338711704006 9661.28829599 
723.0 671.0 0.0526600399997 9473.3996 
808.0 650.0 0.162631068402 8373.68931598 
881.0 646.0 0.113737082401 8862.62917599 
939.0 612.0 0.0829412480017 9170.58751998 
52.0 747.0 0.00828400000022 9917.16 
134.0 719.0 0.068136848001 9318.63151999 
208.0 735.0 0.067485807601 9325.14192399 
277.0 725.0 0.0322828120005 9677.17187999 
340.0 746.0 0.0479610468003 9520.389532 
407.0 748.0 0.0411100000011 9588.89999999 
489.0 714.0 0.0173762899997 9826.2371 
565.0 721.0 0.0820320000022 9179.67999998 
663.0 717.0 0.0417722064003 9582.277936 
721.0 714.0 0.00810200000021 9918.98 
792.0 709.0 0.104263690402 8957.36309598 
855.0 712.0 0.119708439202 8802.91560798 
924.0 706.0 0.0668568176006 9331.43182399 
53.0 794.0 0.0203015280005 9796.98471999 
124.0 789.0 0.0147557696002 9852.442304 
187.0 801.0 0.0492000000013 9507.99999999 
289.0 809.0 0.0492000000013 9507.99999999 
364.0 805.0 0.0581248960013 9418.75103999 
436.0 819.0 0.0699125008008 9300.87499199 
518.0 808.0 0.100101936002 8998.98063998 
571.0 817.0 0.248600741605 7513.99258395 
667.0 803.0 0.0116565000002 9883.435 
712.0 813.0 0.0327800000009 9672.19999999 
806.0 772.0 0.0588360304008 9411.63969599 
856.0 766.0 0.0538055448008 9461.94455199 
923.0 767.0 0.0387566808006 9612.43319199 
77.0 868.0 0.0657605512011 9342.39448799 
147.0 867.0 0.1236819028 8763.180972 
209.0 870.0 0.116960096 8830.39904 
301.0 906.0 0.116960096 8830.39904 
364.0 892.0 0.00813000000021 9918.7 
430.0 889.0 0.0409425536006 9590.57446399 
503.0 865.0 0.0714600744019 9285.39925598 
580.0 884.0 0.201924432005 7980.75567995 
645.0 895.0 0.110487258002 8895.12741998 
723.0 886.0 0.0759460000017 9240.53999998 
791.0 873.0 0.0655044520012 9344.95547999 
862.0 860.0 0.0587706848007 9412.29315199 
923.0 864.0 0.0325960000009 9674.03999999 
76.0 934.0 0.040047366401 9599.52633599 
141.0 920.0 0.0664356640014 9335.64335999 
201.0 933.0 0.0162560000004 9837.44 
291.0 990.0 0.0162560000004 9837.44 
358.0 969.0 0.0260950900002 9739.0491 
436.0 976.0 0.039037580801 9609.62419199 
503.0 953.0 0.0907976168016 9092.02383198 
561.0 948.0 0.127900834003 8720.99165997 
663.0 952.0 0.0385565520008 9614.43447999 
738.0 970.0 0.0207931520003 9792.06848 
790.0 974.0 0.00820800000022 9917.92 
863.0 928.0 0.048211600001 9517.88399999 
921.0 941.0 0.0261383304002 9738.616696 
496.0 964.0 0.0500333680005 9499.66631999 
34.0 429.0 0.0163902031999 9836.097968 
708.0 594.0 0.0325520000009 9674.47999999 
398.0 129.0 0.0710535456014 9289.46454399 
156.0 92.0 0.102372296802 8976.27703198 
591.0 758.0 0.170142454 8298.57546 
