1000.0 0.0
47.0 48.0 0.0148964172 9851.035828 
108.0 28.0 0.00816600000021 9918.34 
190.0 39.0 0.0332559800006 9667.44019999 
263.0 53.0 0.0770374208009 9229.62579199 
341.0 63.0 0.121693892001 8783.06107999 
398.0 69.0 0.0835597416011 9164.40258399 
509.0 42.0 0.0432110780009 9567.88921999 
588.0 46.0 0.0663513200005 9336.4868 
659.0 49.0 0.104030235201 8959.69764799 
736.0 52.0 0.0919442999991 9080.55700001 
806.0 37.0 0.147638000004 8523.61999996 
952.0 20.0 0.045773376001 9542.26623999 
912.0 97.0 0.0418198672006 9581.80132799 
44.0 115.0 0.0292243148006 9707.75685199 
98.0 124.0 0.0674632900013 9325.36709999 
173.0 114.0 0.0817200000021 9182.79999998 
286.0 127.0 0.0622374280016 9377.62571998 
342.0 134.0 0.1177687052 8822.312948 
417.0 130.0 0.0814780000021 9185.21999998 
511.0 114.0 0.0221735000001 9778.265 
570.0 126.0 0.0243260000006 9756.73999999 
656.0 104.0 0.0243260000006 9756.73999999 
735.0 120.0 0.0162960000004 9837.04 
809.0 104.0 0.337676626002 6623.23373998 
880.0 112.0 0.114506000003 8854.93999997 
977.0 128.0 0.0984039520009 9015.96047999 
39.0 194.0 0.0638038144001 9361.961856 
106.0 201.0 0.162224372802 8377.75627198 
184.0 184.0 0.188573175602 8114.26824398 
284.0 186.0 0.0842564352006 9157.43564799 
336.0 209.0 0.0298220400004 9701.7796 
425.0 196.0 0.0390858319999 9609.14168 
510.0 177.0 0.0328229940003 9671.77006 
582.0 184.0 0.0631732820002 9368.26718 
646.0 201.0 0.193146801603 8068.53198397 
719.0 188.0 0.204818070005 7951.81929995 
791.0 179.0 0.445234148006 5547.65851994 
869.0 205.0 0.0487720000013 9512.27999999 
975.0 182.0 0.0381357120006 9618.64287999 
51.0 259.0 0.0314430804002 9685.569196 
132.0 265.0 0.0504400320012 9495.59967999 
186.0 259.0 0.159616905201 8403.83094799 
272.0 258.0 0.0327592288001 9672.407712 
356.0 264.0 0.00818400000022 9918.16 
431.0 258.0 0.0392109920004 9607.89008 
484.0 253.0 0.037562288 9624.37712 
580.0 259.0 0.0515482560005 9484.51743999 
655.0 282.0 0.108043189602 8919.56810398 
737.0 278.0 0.138634518003 8613.65481997 
821.0 267.0 0.138634518003 8613.65481997 
887.0 261.0 0.123280224001 8767.19775999 
946.0 280.0 0.0859738856023 9140.26114398 
44.0 364.0 0.00823800000022 9917.62 
118.0 355.0 0.0165100000004 9834.9 
196.0 334.0 0.109944710002 8900.55289998 
267.0 328.0 0.0158751335997 9841.248664 
326.0 363.0 0.0245460000006 9754.53999999 
395.0 336.0 0.0245460000006 9754.53999999 
482.0 318.0 0.0397496912004 9602.503088 
578.0 339.0 0.0343319860004 9656.68014 
655.0 341.0 0.101989756001 8980.10243999 
712.0 343.0 0.0578760000015 9421.23999998 
800.0 334.0 0.0578760000015 9421.23999998 
887.0 363.0 0.0571104032009 9428.89596799 
954.0 335.0 0.0539268920009 9460.73107999 
41.0 418.0 0.0417857080008 9582.14291999 
114.0 419.0 0.0383258240007 9616.74175999 
205.0 405.0 0.0365927724004 9634.072276 
254.0 409.0 0.00808600000021 9919.14 
349.0 417.0 0.0611450368004 9388.549632 
434.0 435.0 0.0244740000006 9755.25999999 
503.0 426.0 0.0355957824007 9644.04217599 
582.0 430.0 0.0637017952004 9362.982048 
643.0 409.0 0.0808589760016 9191.41023998 
743.0 407.0 0.0500807632008 9499.19236799 
806.0 424.0 0.00848800000022 9915.12 
900.0 416.0 0.0293631552005 9706.36844799 
971.0 421.0 0.0164580000004 9835.42 
49.0 485.0 0.0268800480002 9731.19952 
122.0 516.0 0.0164520000004 9835.48 
179.0 507.0 0.0163320000004 9836.68 
283.0 494.0 0.0245180000006 9754.81999999 
344.0 489.0 0.0331720140006 9668.27985999 
421.0 482.0 0.0563199236012 9436.80076399 
505.0 517.0 0.106450000003 8935.49999997 
592.0 513.0 0.473873224006 5261.26775994 
663.0 515.0 0.385674426002 6143.25573998 
734.0 507.0 0.138440000004 8615.59999996 
820.0 517.0 0.0161335407998 9838.664592 
886.0 493.0 0.00812200000021 9918.78 
970.0 486.0 0.0152524232003 9847.475768 
34.0 575.0 0.00825000000022 9917.5 
131.0 587.0 0.0313503504002 9686.496496 
192.0 566.0 0.0643588832012 9356.41116799 
260.0 558.0 0.0635291500009 9364.70849999 
356.0 571.0 0.0635291500009 9364.70849999 
430.0 565.0 0.0572720000015 9427.27999998 
506.0 591.0 0.392238064004 6077.61935996 
584.0 574.0 0.406667046006 5933.32953994 
643.0 571.0 0.364501968009 6354.98031991 
738.0 581.0 0.0253123856001 9746.876144 
806.0 568.0 0.204209607205 7957.90392795 
871.0 580.0 0.254589212803 7454.10787197 
945.0 563.0 0.254589212803 7454.10787197 
52.0 642.0 0.0388141000007 9611.85899999 
107.0 665.0 0.103929580002 8960.70419998 
187.0 651.0 0.103929580002 8960.70419998 
301.0 641.0 0.063926723201 9360.73276799 
363.0 661.0 0.178835038802 8211.64961198 
415.0 638.0 0.169907737601 8300.92262399 
501.0 642.0 0.288238612006 7117.61387994 
584.0 651.0 0.131971067603 8680.28932397 
653.0 670.0 0.0245200000006 9754.79999999 
720.0 661.0 0.114363200001 8856.36799999 
790.0 667.0 0.0492060000013 9507.93999999 
856.0 625.0 0.308300800007 6916.99199993 
927.0 637.0 0.194374196805 8056.25803195 
37.0 747.0 0.194374196805 8056.25803195 
96.0 729.0 0.0398453744004 9601.546256 
176.0 701.0 0.0836710951998 9163.289048 
274.0 725.0 0.0904913504019 9095.08649598 
332.0 722.0 0.137128810401 8628.71189599 
419.0 729.0 0.186391813203 8136.08186797 
512.0 747.0 0.132943321601 8670.56678399 
593.0 717.0 0.0339770520003 9660.22948 
652.0 748.0 0.0428099860008 9571.90013999 
713.0 734.0 0.049950249601 9500.49750399 
791.0 712.0 0.0444190712012 9555.80928799 
868.0 706.0 0.074488000002 9255.11999998 
941.0 716.0 0.212518066403 7874.81933597 
31.0 824.0 0.107715178001 8922.84821999 
102.0 816.0 0.120684995199 8793.15004801 
194.0 815.0 0.057575060001 9424.24939999 
262.0 820.0 0.0892987575999 9107.012424 
329.0 805.0 0.0410080000011 9589.91999999 
430.0 807.0 0.137627414 8623.72586 
518.0 809.0 0.0618675040004 9381.32496 
579.0 824.0 0.0327900000009 9672.09999999 
646.0 797.0 0.0327900000009 9672.09999999 
709.0 788.0 0.0558683920013 9441.31607999 
779.0 785.0 0.0498113008011 9501.88699199 
882.0 775.0 0.124134380003 8758.65619997 
949.0 776.0 0.201307907203 7986.92092797 
35.0 891.0 0.0644783020007 9355.21697999 
128.0 867.0 0.054365416001 9456.34583999 
245.0 767.0 0.0826768700009 9173.23129999 
285.0 884.0 0.0730165000014 9269.83499999 
329.0 872.0 0.0390356148002 9609.643852 
431.0 876.0 0.0958681760019 9041.31823998 
516.0 882.0 0.0496286568011 9503.71343199 
580.0 887.0 0.0539204840001 9460.79516 
638.0 879.0 0.0472505052011 9527.49494799 
700.0 872.0 0.0418825920004 9581.17408 
773.0 871.0 0.0245100000006 9754.89999999 
844.0 839.0 0.0344072000007 9655.92799999 
959.0 882.0 0.0968713132002 9031.286868 
57.0 956.0 0.0325995220004 9674.00478 
98.0 977.0 0.00829000000022 9917.1 
203.0 952.0 0.00829000000022 9917.1 
292.0 936.0 0.0498574380006 9501.42561999 
364.0 952.0 0.00816600000021 9918.34 
468.0 943.0 0.0673907008012 9326.09299199 
505.0 974.0 0.0281297240002 9718.70276 
581.0 950.0 0.0392800360004 9607.19964 
646.0 963.0 0.0200671059999 9799.32894 
693.0 957.0 0.00819400000022 9918.06 
761.0 945.0 0.017412552 9825.87448 
883.0 964.0 0.0345543760006 9654.45623999 
959.0 947.0 0.0633063300001 9366.9367 
480.0 190.0 0.0163040000004 9836.96 
245.0 949.0 0.0345690900001 9654.3091 
679.0 409.0 0.118601712 8813.98288 
967.0 713.0 0.146739569603 8532.60430397 
482.0 506.0 0.0269633000003 9730.367 
978.0 842.0 0.0990460856023 9009.53914398 
233.0 728.0 0.0493120000013 9506.87999999 
925.0 580.0 0.106732000003 8932.67999997 
944.0 816.0 0.142730550003 8572.69449997 
669.0 247.0 0.222999552003 7770.00447997 
723.0 211.0 0.370384022405 6296.15977595 
911.0 683.0 0.317014980002 6829.85019998 
166.0 776.0 0.0493160000013 9506.83999999 
156.0 277.0 0.0651846596008 9348.15340399 
901.0 938.0 0.0165140000004 9834.86 
957.0 62.0 0.103984768802 8960.15231198 
480.0 695.0 0.268530300003 7314.69699997 
733.0 730.0 0.139227568003 8607.72431997 
724.0 170.0 0.203518884005 7964.81115995 
915.0 321.0 0.118855283202 8811.44716798 
407.0 435.0 0.0526043092005 9473.956908 
