1000.0 0.0
49.0 41.0 0.0342754976003 9657.245024 
99.0 35.0 0.0342754976003 9657.245024 
174.0 52.0 0.0608162676009 9391.83732399 
241.0 36.0 0.0557560960008 9442.43903999 
331.0 42.0 0.0557560960008 9442.43903999 
393.0 40.0 0.00819200000022 9918.08 
461.0 33.0 0.0675794368012 9324.20563199 
535.0 43.0 0.0860601184017 9139.39881598 
590.0 36.0 0.0503742220006 9496.25777999 
677.0 41.0 0.0317801576006 9682.19842399 
745.0 38.0 0.0636703720015 9363.29627998 
812.0 47.0 0.218562592005 7814.37407995 
890.0 47.0 0.311333360405 6886.66639595 
967.0 35.0 0.193838228001 8061.61771999 
44.0 124.0 0.00822200000022 9917.78 
111.0 118.0 0.00822200000022 9917.78 
195.0 108.0 0.106678571202 8933.21428798 
253.0 100.0 0.169400021603 8305.99978397 
310.0 122.0 0.0408760000011 9591.23999999 
398.0 111.0 0.041846499201 9581.53500799 
458.0 106.0 0.0334127536006 9665.87246399 
550.0 90.0 0.091279314002 9087.20685998 
609.0 110.0 0.0410000000011 9589.99999999 
675.0 92.0 0.018325928 9816.74072 
748.0 123.0 0.0162680000004 9837.32 
834.0 121.0 0.207784660005 7922.15339995 
877.0 90.0 0.189187415202 8108.12584798 
957.0 95.0 0.189187415202 8108.12584798 
46.0 169.0 0.0229143151999 9770.856848 
108.0 177.0 0.00822200000022 9917.78 
193.0 192.0 0.189410381605 8105.89618395 
250.0 177.0 0.214058896004 7859.41103996 
304.0 195.0 0.0818400000022 9181.59999998 
390.0 195.0 0.0565904984009 9434.09501599 
450.0 164.0 0.0565963480009 9434.03651999 
497.0 195.0 0.0489920000013 9510.07999999 
591.0 190.0 0.0605548880013 9394.45111999 
637.0 197.0 0.0570320000015 9429.67999999 
764.0 172.0 0.0368112192004 9631.887808 
812.0 184.0 0.0959193208016 9040.80679198 
891.0 174.0 0.249713612005 7502.86387995 
958.0 183.0 0.0988100000026 9011.89999997 
51.0 241.0 0.0379707920008 9620.29207999 
105.0 253.0 0.0760433600021 9239.56639998 
161.0 261.0 0.169882194002 8301.17805998 
256.0 251.0 0.090726784002 9092.73215998 
306.0 257.0 0.0306301120004 9693.69888 
395.0 259.0 0.056922643201 9430.77356799 
465.0 263.0 0.107399042002 8926.00957998 
538.0 265.0 0.148604294401 8513.95705599 
610.0 253.0 0.135562607999 8644.37392001 
691.0 266.0 0.0144904800001 9855.0952 
752.0 264.0 0.00830400000022 9916.96 
805.0 248.0 0.0396658000006 9603.34199999 
907.0 248.0 0.296661523206 7033.38476794 
951.0 267.0 0.160645107603 8393.54892397 
25.0 324.0 0.00800800000021 9919.92 
104.0 309.0 0.0304847040006 9695.15295999 
164.0 313.0 0.0824112320014 9175.88767999 
233.0 311.0 0.0163120000004 9836.88 
321.0 319.0 0.021336812 9786.63188 
378.0 325.0 0.0161740000004 9838.26 
477.0 323.0 0.0619625720016 9380.37427998 
530.0 325.0 0.0329680000009 9670.31999999 
591.0 310.0 0.0955937200019 9044.06279998 
689.0 316.0 0.0124883199998 9875.1168 
735.0 338.0 0.123740000003 8762.59999997 
831.0 327.0 0.123740000003 8762.59999997 
902.0 321.0 0.201254369603 7987.45630397 
971.0 319.0 0.0590813088008 9409.18691199 
36.0 392.0 0.0319355920003 9680.64408 
121.0 410.0 0.0245860000006 9754.13999999 
175.0 376.0 0.0497647040008 9502.35295999 
249.0 378.0 0.0819446928016 9180.55307198 
315.0 407.0 0.169535324802 8304.64675198 
402.0 385.0 0.0343196416005 9656.80358399 
478.0 385.0 0.062056937601 9379.43062399 
520.0 379.0 0.0379299232011 9620.70076799 
620.0 410.0 0.101589664002 8984.10335998 
662.0 386.0 0.238845140003 7611.54859997 
736.0 409.0 0.339264401602 6607.35598398 
817.0 406.0 0.103826144001 8961.73855999 
881.0 394.0 0.171329576001 8286.70423999 
963.0 380.0 0.0305520360004 9694.47964 
32.0 466.0 0.0760228864004 9239.771136 
107.0 479.0 0.075666052 9243.33948 
180.0 470.0 0.0409060000011 9590.93999999 
265.0 465.0 0.0662386144011 9337.61385599 
329.0 464.0 0.0701782580013 9298.21741999 
380.0 448.0 0.159659380002 8403.40619998 
450.0 473.0 0.0734880000019 9265.11999998 
548.0 462.0 0.0307713936005 9692.286064 
610.0 474.0 0.0707192512011 9292.80748799 
663.0 463.0 0.108268264002 8917.31735998 
752.0 481.0 0.311349328005 6886.50671995 
826.0 474.0 0.0738307000011 9261.69299999 
889.0 462.0 0.0739292000017 9260.70799998 
959.0 471.0 0.0164940000004 9835.06 
38.0 541.0 0.0832213960015 9167.78603999 
119.0 530.0 0.0557585600013 9442.41439999 
183.0 526.0 0.0657240960015 9342.75903999 
250.0 551.0 0.120631792401 8793.68207599 
330.0 532.0 0.0411318560003 9588.68144 
402.0 521.0 0.0968125184012 9031.87481599 
453.0 530.0 0.0668684640016 9331.31535998 
527.0 538.0 0.0644795260004 9355.20474 
595.0 547.0 0.0411580000011 9588.41999999 
691.0 528.0 0.142008128003 8579.91871997 
732.0 541.0 0.204768400003 7952.31599997 
837.0 540.0 0.0325038452005 9674.961548 
877.0 542.0 0.0251640000007 9748.35999999 
981.0 535.0 0.0157955039999 9842.04496 
28.0 611.0 0.0665826400011 9334.17359999 
98.0 591.0 0.126037164802 8739.62835198 
166.0 618.0 0.0492720000013 9507.27999999 
265.0 599.0 0.0772012184021 9227.98781598 
310.0 602.0 0.115901620002 8840.98379998 
379.0 621.0 0.0656620000017 9343.37999998 
480.0 595.0 0.0503714096013 9496.28590399 
518.0 604.0 0.00835600000022 9916.44 
615.0 607.0 0.0380736000003 9619.264 
688.0 615.0 0.0737560000019 9262.43999998 
750.0 589.0 0.145255436801 8547.44563199 
814.0 618.0 0.131048594 8689.51406 
905.0 593.0 0.0365672020006 9634.32797999 
969.0 614.0 0.0327527900003 9672.4721 
32.0 695.0 0.064793636001 9352.06363999 
95.0 666.0 0.117804853603 8821.95146397 
194.0 664.0 0.0124753344 9875.246656 
236.0 692.0 0.0165240000004 9834.76 
333.0 686.0 0.045015836801 9549.84163199 
381.0 694.0 0.0756251592015 9243.74840798 
469.0 693.0 0.0163885439998 9836.11456 
540.0 692.0 0.0163760000004 9836.24 
595.0 669.0 0.0320462912001 9679.537088 
686.0 685.0 0.162628147201 8373.71852799 
754.0 681.0 0.162628147201 8373.71852799 
837.0 676.0 0.093040460402 9069.59539598 
900.0 672.0 0.0167980000004 9832.02 
949.0 695.0 0.034881628001 9651.18371999 
44.0 749.0 0.0295286960006 9704.71303999 
124.0 737.0 0.0387950832004 9612.049168 
183.0 748.0 0.00830800000022 9916.92 
266.0 766.0 0.0269931520002 9730.06848 
329.0 733.0 0.0481454200005 9518.5458 
382.0 732.0 0.0590127280011 9409.87271999 
458.0 734.0 0.00833800000022 9916.62 
542.0 742.0 0.0204545728005 9795.454272 
608.0 760.0 0.0725841280015 9274.15871999 
674.0 762.0 0.207167736004 7928.32263996 
738.0 754.0 0.0571540000015 9428.45999998 
837.0 733.0 0.0463462748009 9536.53725199 
875.0 737.0 0.049666758001 9503.33241999 
958.0 734.0 0.0276780960003 9723.21904 
24.0 838.0 0.00815600000021 9918.44 
103.0 833.0 0.00833600000022 9916.64 
189.0 838.0 0.0166760000004 9833.24 
266.0 825.0 0.0410600000005 9589.4 
337.0 828.0 0.0402705980006 9597.29401999 
385.0 829.0 0.0245480000006 9754.51999999 
479.0 827.0 0.00824600000022 9917.54 
536.0 825.0 0.0487980000013 9512.01999999 
606.0 809.0 0.0482212480009 9517.78751999 
669.0 826.0 0.133959938002 8660.40061998 
759.0 814.0 0.0144547507996 9855.452492 
831.0 809.0 0.0327660000009 9672.33999999 
896.0 834.0 0.0769803848014 9230.19615199 
957.0 820.0 0.0411160000011 9588.83999999 
24.0 900.0 0.0144263327999 9855.736672 
105.0 904.0 0.0350318720006 9649.68127999 
182.0 895.0 0.0360114896007 9639.88510399 
261.0 910.0 0.0230998112004 9769.001888 
325.0 906.0 0.0163660000004 9836.34 
384.0 883.0 0.0375953820004 9624.04618 
458.0 900.0 0.025991884 9740.08116 
547.0 910.0 0.0794922880015 9205.07711998 
609.0 904.0 0.150403529601 8495.96470399 
685.0 899.0 0.0843990740013 9156.00925999 
750.0 895.0 0.0347279152001 9652.720848 
827.0 902.0 0.0244420000006 9755.57999999 
903.0 887.0 0.0834053928012 9165.94607199 
954.0 876.0 0.0761063760007 9238.93623999 
19.0 947.0 0.0761063760007 9238.93623999 
103.0 965.0 0.0325706568004 9674.293432 
171.0 958.0 0.0449335600009 9550.66439999 
249.0 954.0 0.0164980000004 9835.02 
312.0 951.0 0.0199545063999 9800.454936 
377.0 971.0 0.00817800000021 9918.22 
473.0 980.0 0.0314329404002 9685.670596 
537.0 969.0 0.0637889824009 9362.11017599 
603.0 955.0 0.102407436802 8975.92563198 
695.0 966.0 0.0405146720003 9594.85328 
743.0 973.0 0.0406864620003 9593.13538 
813.0 980.0 0.0446244000007 9553.75599999 
902.0 952.0 0.0397889744009 9602.11025599 
954.0 946.0 0.0573129600011 9426.87039999 
581.0 852.0 0.116371938403 8836.28061597 
896.0 213.0 0.212285977603 7877.14022397 
428.0 246.0 0.0515918456008 9484.08154399 
198.0 149.0 0.103718140802 8962.81859198 
