1000.0 1000.0
44.0 37.0 0.0306791680006 9969.320832 
104.0 33.0 0.0630888000011 9936.9112 
167.0 42.0 0.106138496 9893.861504 
226.0 52.0 0.0973523440018 9902.647656 
294.0 48.0 0.0237940480005 9976.205952 
382.0 35.0 0.0281125680006 9971.887432 
458.0 25.0 0.0315621720002 9968.437828 
524.0 30.0 0.0534744240015 9946.525576 
561.0 32.0 0.0902549600022 9909.74504 
659.0 18.0 0.0134782199998 9986.52178 
713.0 41.0 0.00798000000021 9992.02 
782.0 19.0 0.0296810720003 9970.318928 
820.0 47.0 0.0728861640017 9927.113836 
898.0 40.0 0.0728861640017 9927.113836 
974.0 22.0 0.0325709000007 9967.4291 
38.0 119.0 0.0325709000007 9967.4291 
91.0 106.0 0.137627880002 9862.37212 
167.0 110.0 0.137627880002 9862.37212 
234.0 109.0 0.127348948001 9872.651052 
294.0 112.0 0.0583000000015 9941.7 
363.0 86.0 0.0619333760005 9938.066624 
431.0 98.0 0.0850345600008 9914.96544 
484.0 107.0 0.0871431720004 9912.856828 
565.0 90.0 0.128818192 9871.181808 
633.0 92.0 0.176665440002 9823.33456 
709.0 110.0 0.0168800000004 9983.12 
767.0 91.0 0.0322219920001 9967.778008 
840.0 106.0 0.0857277680022 9914.272232 
885.0 107.0 0.119114720001 9880.88528 
958.0 104.0 0.035601664 9964.398336 
30.0 188.0 0.0618837640007 9938.116236 
115.0 195.0 0.0627096000015 9937.2904 
157.0 181.0 0.0370114000006 9962.9886 
227.0 178.0 0.0560590720008 9943.940928 
294.0 183.0 0.103911104002 9896.088896 
329.0 183.0 0.0896206440018 9910.379356 
447.0 170.0 0.0314309440003 9968.569056 
494.0 176.0 0.0401800000011 9959.82 
571.0 164.0 0.0142934399999 9985.70656 
641.0 158.0 0.151103456 9848.896544 
698.0 181.0 0.0577600000015 9942.24 
772.0 154.0 0.00834000000022 9991.66 
845.0 180.0 0.201780320002 9798.21968 
907.0 157.0 0.159808504001 9840.191496 
971.0 161.0 0.0574800000015 9942.52 
32.0 251.0 0.100273080001 9899.72692 
95.0 254.0 0.148211160002 9851.78884 
179.0 230.0 0.0601865440009 9939.813456 
239.0 233.0 0.137546140002 9862.45386 
307.0 248.0 0.203064720004 9796.93528 
382.0 237.0 0.203064720004 9796.93528 
426.0 235.0 0.0616239680006 9938.376032 
509.0 248.0 0.0518612000011 9948.1388 
559.0 222.0 0.0254800000007 9974.52 
628.0 241.0 0.0315856000002 9968.4144 
685.0 225.0 0.00840000000022 9991.6 
778.0 243.0 0.00832000000022 9991.68 
825.0 227.0 0.221420832006 9778.57916799 
891.0 219.0 0.147415440003 9852.58456 
971.0 245.0 0.147415440003 9852.58456 
40.0 309.0 0.0243000000006 9975.7 
114.0 309.0 0.118062815999 9881.937184 
159.0 296.0 0.0644000000017 9935.6 
231.0 294.0 0.0393604800004 9960.63952 
313.0 301.0 0.245921568006 9754.07843199 
375.0 311.0 0.261379868002 9738.620132 
434.0 306.0 0.0489448120008 9951.055188 
515.0 288.0 0.121072832003 9878.927168 
577.0 313.0 0.0708087000006 9929.1913 
620.0 307.0 0.0875310560011 9912.468944 
713.0 305.0 0.0875310560011 9912.468944 
783.0 316.0 0.0736400000019 9926.36 
833.0 295.0 0.182455047999 9817.544952 
910.0 298.0 0.100136800002 9899.8632 
954.0 310.0 0.122890268003 9877.109732 
24.0 376.0 0.0489363520011 9951.063648 
93.0 377.0 0.0590418440005 9940.958156 
180.0 381.0 0.0590418440005 9940.958156 
237.0 356.0 0.00848000000022 9991.52 
305.0 380.0 0.0287693840007 9971.230616 
374.0 365.0 0.288794340008 9711.20565999 
444.0 375.0 0.00846000000022 9991.54 
500.0 366.0 0.0322600000008 9967.74 
559.0 362.0 0.0248600000007 9975.14 
628.0 374.0 0.0907766400008 9909.22336 
692.0 362.0 0.0241600000006 9975.84 
774.0 367.0 0.0273836200001 9972.61638 
845.0 382.0 0.0486206520008 9951.379348 
909.0 373.0 0.0414668200009 9958.53318 
979.0 368.0 0.134579136001 9865.420864 
33.0 444.0 0.0558318400008 9944.16816 
96.0 437.0 0.0245800000006 9975.42 
169.0 420.0 0.0329085640004 9967.091436 
229.0 447.0 0.0950271400013 9904.97286 
290.0 436.0 0.0963015200023 9903.69848 
358.0 442.0 0.310900928007 9689.09907199 
418.0 447.0 0.445663232008 9554.33676799 
514.0 438.0 0.0413695000009 9958.6305 
555.0 421.0 0.00830000000022 9991.7 
645.0 433.0 0.079569664 9920.430336 
688.0 421.0 0.079569664 9920.430336 
765.0 419.0 0.0163400000004 9983.66 
834.0 442.0 0.102166516001 9897.833484 
886.0 440.0 0.0539257640011 9946.074236 
951.0 428.0 0.0664200000017 9933.58 
30.0 489.0 0.0454342400009 9954.56576 
83.0 486.0 0.103550100001 9896.4499 
181.0 510.0 0.0782038400018 9921.79616 
229.0 486.0 0.0773283600007 9922.67164 
313.0 507.0 0.141408584003 9858.591416 
382.0 502.0 0.247746468007 9752.25353199 
433.0 506.0 0.568683188012 9431.31681199 
487.0 502.0 0.39158538001 9608.41461999 
565.0 494.0 0.39158538001 9608.41461999 
617.0 485.0 0.0326400000009 9967.36 
701.0 507.0 0.0326400000009 9967.36 
772.0 493.0 0.0455202240007 9954.479776 
839.0 508.0 0.139532832003 9860.467168 
888.0 497.0 0.0924061760019 9907.593824 
969.0 503.0 0.0924061760019 9907.593824 
44.0 579.0 0.062824404001 9937.175596 
101.0 551.0 0.150903200003 9849.0968 
161.0 551.0 0.198596480003 9801.40352 
247.0 555.0 0.105163240002 9894.83676 
307.0 558.0 0.245272644003 9754.727356 
375.0 577.0 0.245272644003 9754.727356 
436.0 564.0 0.57040544001 9429.59455999 
488.0 560.0 0.737191912003 9262.808088 
570.0 565.0 0.236661200006 9763.33879999 
638.0 579.0 0.060828976001 9939.171024 
691.0 556.0 0.0651826000002 9934.8174 
760.0 551.0 0.0322200000008 9967.78 
837.0 560.0 0.137043068 9862.956932 
897.0 553.0 0.131748080002 9868.25192 
954.0 558.0 0.0868757520004 9913.124248 
48.0 633.0 0.0277175680003 9972.282432 
87.0 642.0 0.0172400000004 9982.76 
175.0 617.0 0.205131188002 9794.868812 
222.0 647.0 0.226495296004 9773.504704 
285.0 606.0 0.00836000000022 9991.64 
364.0 647.0 0.320828968002 9679.171032 
427.0 624.0 0.347949624002 9652.050376 
515.0 623.0 0.717768904015 9282.23109598 
573.0 620.0 0.791243760005 9208.75623999 
636.0 628.0 0.791402440018 9208.59755998 
710.0 623.0 0.0245800000006 9975.42 
781.0 625.0 0.0142129199999 9985.78708 
837.0 629.0 0.0492400000013 9950.76 
907.0 642.0 0.0300930600005 9969.90694 
963.0 623.0 0.0334600000009 9966.54 
42.0 691.0 0.0388037200009 9961.19628 
86.0 704.0 0.0730717200015 9926.92828 
179.0 690.0 0.164886352004 9835.113648 
226.0 683.0 0.318775680005 9681.22431999 
295.0 676.0 0.261116720006 9738.88327999 
359.0 690.0 0.104680000003 9895.32 
438.0 688.0 0.275728559999 9724.27144 
508.0 707.0 0.0301121280004 9969.887872 
573.0 684.0 0.455591300011 9544.40869999 
629.0 687.0 0.252950392006 9747.04960799 
696.0 700.0 0.236820000006 9763.17999999 
772.0 684.0 0.00830000000022 9991.7 
840.0 714.0 0.0405709520009 9959.429048 
910.0 706.0 0.0866061840009 9913.393816 
963.0 707.0 0.0359048000009 9964.0952 
25.0 762.0 0.0650041600012 9934.99584 
87.0 762.0 0.137917664002 9862.082336 
155.0 750.0 0.107632500002 9892.3675 
222.0 756.0 0.0342251680007 9965.774832 
294.0 753.0 0.0302394560001 9969.760544 
376.0 781.0 0.0421170160009 9957.882984 
443.0 754.0 0.0988000000026 9901.2 
514.0 761.0 0.103455632002 9896.544368 
570.0 772.0 0.0995837920013 9900.416208 
638.0 757.0 0.116035528 9883.964472 
685.0 770.0 0.176840732002 9823.159268 
777.0 770.0 0.0495262000012 9950.4738 
844.0 779.0 0.0959035200017 9904.09648 
915.0 773.0 0.0918528800003 9908.14712 
967.0 755.0 0.0163200000004 9983.68 
25.0 803.0 0.105627988002 9894.372012 
90.0 815.0 0.220845552002 9779.154448 
152.0 815.0 0.270095440002 9729.90456 
221.0 807.0 0.0169200000004 9983.08 
316.0 836.0 0.0401166640005 9959.883336 
379.0 849.0 0.0971697200019 9902.83028 
443.0 836.0 0.128644400003 9871.3556 
507.0 830.0 0.164381100003 9835.6189 
557.0 825.0 0.186090620001 9813.90938 
649.0 827.0 0.137875632004 9862.124368 
685.0 817.0 0.262188500005 9737.8115 
759.0 816.0 0.116988080003 9883.01192 
847.0 843.0 0.120207200003 9879.7928 
887.0 836.0 0.103600812002 9896.399188 
956.0 823.0 0.0324000000009 9967.6 
45.0 878.0 0.0623648000006 9937.6352 
105.0 894.0 0.0942028000002 9905.7972 
177.0 867.0 0.257186000005 9742.81399999 
264.0 889.0 0.0288349000002 9971.1651 
309.0 889.0 0.0874793760019 9912.520624 
369.0 903.0 0.190174984003 9809.825016 
434.0 906.0 0.228588120002 9771.41188 
502.0 896.0 0.228588120002 9771.41188 
583.0 878.0 0.210880032003 9789.119968 
627.0 876.0 0.0294860200004 9970.51398 
705.0 882.0 0.375764576004 9624.235424 
762.0 885.0 0.264020688004 9735.979312 
837.0 897.0 0.173183432001 9826.816568 
906.0 886.0 0.2231503 9776.8497 
971.0 895.0 0.164337952004 9835.662048 
24.0 943.0 0.0337054800003 9966.29452 
100.0 959.0 0.0242400000006 9975.76 
157.0 933.0 0.146472772004 9853.527228 
249.0 981.0 0.0290858040005 9970.914196 
305.0 972.0 0.0576131200002 9942.38688 
359.0 965.0 0.108723616003 9891.276384 
445.0 974.0 0.160733599999 9839.2664 
493.0 953.0 0.0664000000017 9933.6 
586.0 933.0 0.221850256001 9778.149744 
625.0 944.0 0.258349000005 9741.65099999 
715.0 945.0 0.284930360001 9715.06964 
757.0 954.0 0.184480000005 9815.52 
865.0 968.0 0.0886192000023 9911.3808 
915.0 938.0 0.304571912004 9695.428088 
983.0 953.0 0.220523360001 9779.47664 
850.0 241.0 0.250272380005 9749.72762 
376.0 418.0 0.346816560002 9653.18344 
55.0 570.0 0.00794000000021 9992.06 
276.0 485.0 0.108557588001 9891.442412 
427.0 485.0 0.323082408008 9676.91759199 
245.0 543.0 0.159482788004 9840.517212 
850.0 272.0 0.129876320003 9870.12368 
319.0 701.0 0.118637996003 9881.362004 
501.0 319.0 0.0955589200024 9904.44108 
186.0 929.0 0.116580000003 9883.42 
962.0 322.0 0.132611980001 9867.38802 
943.0 732.0 0.0685031600017 9931.49684 
808.0 390.0 0.0682058400017 9931.79416 
542.0 165.0 0.0146512080001 9985.348792 
151.0 850.0 0.160158740004 9839.84126 
4.0 793.0 0.0255910440004 9974.408956 
121.0 331.0 0.085919200002 9914.0808 
472.0 281.0 0.108400580003 9891.59942 
352.0 590.0 0.271904960004 9728.09504 
972.0 56.0 0.0286300000008 9971.37 
291.0 422.0 0.0651135200011 9934.88648 
661.0 93.0 0.115359500003 9884.6405 
664.0 971.0 0.304691308004 9695.308692 
356.0 999.0 0.0158400000004 9984.16 
639.0 687.0 0.612697520004 9387.30248 
