1000.0 1000.0
65.0 60.0 0.00848000000022 9991.52 
125.0 54.0 0.045897040001 9954.10296 
181.0 42.0 0.0363453760006 9963.654624 
227.0 52.0 0.0541218720014 9945.878128 
282.0 46.0 0.0163400000004 9983.66 
364.0 50.0 0.0268227040007 9973.177296 
401.0 52.0 0.0562334400014 9943.76656 
472.0 41.0 0.0102926200003 9989.70738 
509.0 45.0 0.00806000000021 9991.94 
584.0 51.0 0.0361947600006 9963.80524 
632.0 44.0 0.0359473800009 9964.05262 
695.0 49.0 0.054195264001 9945.804736 
746.0 63.0 0.0390436800006 9960.95632 
801.0 64.0 0.0342737920007 9965.726208 
851.0 66.0 0.0172400000004 9982.76 
916.0 50.0 0.00828000000022 9991.72 
965.0 46.0 0.0122312160004 9987.768784 
17.0 91.0 0.0312252800002 9968.77472 
106.0 113.0 0.0368720320008 9963.127968 
156.0 99.0 0.054616440001 9945.38356 
229.0 92.0 0.0902963600004 9909.70364 
286.0 108.0 0.0713253839998 9928.674616 
331.0 94.0 0.0407600000011 9959.24 
402.0 99.0 0.0555783000011 9944.4217 
468.0 100.0 0.0306693800003 9969.33062 
527.0 115.0 0.0373453760008 9962.654624 
567.0 100.0 0.0391797120006 9960.820288 
646.0 95.0 0.0642779040006 9935.722096 
696.0 104.0 0.132064792003 9867.935208 
745.0 125.0 0.103905500002 9896.0945 
788.0 125.0 0.0364373720009 9963.562628 
849.0 110.0 0.0446279200006 9955.37208 
915.0 99.0 0.0446279200006 9955.37208 
984.0 91.0 0.00828000000022 9991.72 
30.0 147.0 0.0618879360009 9938.112064 
84.0 161.0 0.0905166400005 9909.48336 
157.0 152.0 0.0246200000006 9975.38 
208.0 147.0 0.0133887999996 9986.6112 
269.0 158.0 0.0301173600003 9969.88264 
355.0 159.0 0.0112850400002 9988.71496 
402.0 154.0 0.0322600000008 9967.74 
456.0 149.0 0.0625140480009 9937.485952 
527.0 155.0 0.0388500080006 9961.149992 
572.0 146.0 0.0242400000006 9975.76 
651.0 171.0 0.0793282400017 9920.67176 
696.0 157.0 0.185862636004 9814.137364 
744.0 166.0 0.127017392003 9872.982608 
811.0 157.0 0.0649004480018 9935.099552 
855.0 157.0 0.130834880003 9869.16512 
914.0 150.0 0.059909860001 9940.09014 
969.0 144.0 0.059909860001 9940.09014 
26.0 238.0 0.0284870240002 9971.512976 
95.0 212.0 0.120518080002 9879.48192 
154.0 191.0 0.0134645119999 9986.535488 
210.0 205.0 0.0160800000004 9983.92 
278.0 216.0 0.0525784000004 9947.4216 
312.0 218.0 0.0918756320024 9908.124368 
404.0 215.0 0.0566440000009 9943.356 
453.0 204.0 0.0943030800017 9905.69692 
491.0 217.0 0.118713680003 9881.28632 
555.0 208.0 0.117187416003 9882.812584 
643.0 206.0 0.117187416003 9882.812584 
699.0 205.0 0.165661196003 9834.338804 
749.0 218.0 0.0736600000019 9926.34 
794.0 212.0 0.0639861760015 9936.013824 
851.0 205.0 0.177426228005 9822.573772 
923.0 192.0 0.0706788720006 9929.321128 
981.0 203.0 0.0604000400013 9939.59996 
28.0 285.0 0.0595242800004 9940.47572 
94.0 265.0 0.097064592002 9902.935408 
144.0 269.0 0.0420600000011 9957.94 
190.0 267.0 0.0420600000011 9957.94 
262.0 251.0 0.053350900001 9946.6491 
316.0 264.0 0.140791300004 9859.2087 
405.0 272.0 0.0575995040011 9942.400496 
451.0 277.0 0.0874684000014 9912.5316 
497.0 265.0 0.190618908005 9809.38109199 
544.0 250.0 0.143282700003 9856.7173 
611.0 260.0 0.306955468007 9693.04453199 
666.0 278.0 0.296767904002 9703.232096 
721.0 271.0 0.136056704003 9863.943296 
780.0 277.0 0.0195431200001 9980.45688 
849.0 258.0 0.206427584005 9793.57241599 
898.0 277.0 0.237089464001 9762.910536 
970.0 269.0 0.154266076003 9845.733924 
43.0 337.0 0.0648211840017 9935.178816 
82.0 327.0 0.0390266400009 9960.97336 
140.0 324.0 0.00840000000022 9991.6 
219.0 330.0 0.00840000000022 9991.6 
268.0 325.0 0.169602240002 9830.39776 
329.0 310.0 0.169602240002 9830.39776 
373.0 328.0 0.202431732005 9797.568268 
444.0 326.0 0.197034424003 9802.965576 
503.0 335.0 0.223903888004 9776.096112 
556.0 334.0 0.0709417600019 9929.05824 
609.0 323.0 0.0566048320008 9943.395168 
672.0 312.0 0.372077608004 9627.922392 
728.0 323.0 0.385324032005 9614.67596799 
798.0 321.0 0.00806000000021 9991.94 
857.0 332.0 0.0109289599999 9989.07104 
909.0 323.0 0.175444836002 9824.555164 
979.0 325.0 0.125546560004 9874.45344 
17.0 383.0 0.125546560004 9874.45344 
84.0 373.0 0.0333600000009 9966.64 
155.0 393.0 0.0211958240006 9978.804176 
203.0 375.0 0.0389275520006 9961.072448 
260.0 388.0 0.0603146080011 9939.685392 
310.0 371.0 0.0603146080011 9939.685392 
389.0 377.0 0.238860704001 9761.139296 
446.0 380.0 0.345417400007 9654.58259999 
494.0 381.0 0.318954271998 9681.045728 
551.0 373.0 0.122720000003 9877.28 
625.0 367.0 0.0866568200018 9913.34318 
669.0 390.0 0.0729313519992 9927.068648 
735.0 363.0 0.277195623998 9722.804376 
771.0 378.0 0.123720000003 9876.28 
865.0 372.0 0.00820000000022 9991.8 
914.0 371.0 0.074420000002 9925.58 
981.0 371.0 0.0650800000017 9934.92 
31.0 445.0 0.0278036600002 9972.19634 
91.0 438.0 0.0518925600011 9948.10744 
134.0 447.0 0.107392136002 9892.607864 
193.0 430.0 0.0165600000004 9983.44 
273.0 441.0 0.0967682400017 9903.23176 
334.0 433.0 0.0687224400017 9931.27756 
387.0 434.0 0.0730600000019 9926.94 
430.0 432.0 0.0949106400025 9905.08936 
479.0 451.0 0.0167600000004 9983.24 
542.0 453.0 0.01959616 9980.40384 
649.0 444.0 0.0217289040003 9978.271096 
689.0 433.0 0.0332400000009 9966.76 
749.0 455.0 0.0267596000006 9973.2404 
784.0 455.0 0.0548640000015 9945.136 
857.0 448.0 0.0548640000015 9945.136 
908.0 447.0 0.0626668720017 9937.333128 
970.0 453.0 0.0626668720017 9937.333128 
40.0 487.0 0.0607721480011 9939.227852 
98.0 492.0 0.121510984002 9878.489016 
135.0 502.0 0.179108940004 9820.89106 
230.0 486.0 0.0523624000011 9947.6376 
279.0 493.0 0.153674080002 9846.32592 
321.0 486.0 0.210714196001 9789.285804 
371.0 503.0 0.247202400007 9752.79759999 
427.0 511.0 0.164509856002 9835.490144 
513.0 507.0 0.0134757480002 9986.524252 
568.0 495.0 0.0157800000004 9984.22 
628.0 486.0 0.0207887360003 9979.211264 
676.0 494.0 0.0166400000004 9983.36 
741.0 504.0 0.0221360200001 9977.86398 
808.0 487.0 0.0900245800009 9909.97542 
859.0 509.0 0.130404232002 9869.595768 
917.0 502.0 0.160513600004 9839.4864 
951.0 509.0 0.195254976005 9804.74502399 
24.0 561.0 0.0377870720008 9962.212928 
82.0 569.0 0.053184560001 9946.81544 
136.0 560.0 0.227734400002 9772.2656 
230.0 547.0 0.00986664000011 9990.13336 
257.0 559.0 0.00840000000022 9991.6 
324.0 570.0 0.00840000000022 9991.6 
392.0 555.0 0.0766698680014 9923.330132 
433.0 551.0 0.0827000000022 9917.3 
492.0 544.0 0.0135632279997 9986.436772 
546.0 549.0 0.0171200000004 9982.88 
639.0 567.0 0.0297362400004 9970.26376 
714.0 571.0 0.0317967040001 9968.203296 
746.0 550.0 0.0358177600006 9964.18224 
783.0 545.0 0.00818000000021 9991.82 
854.0 546.0 0.0301613920002 9969.838608 
906.0 556.0 0.192915984004 9807.084016 
951.0 553.0 0.260825040006 9739.17495999 
32.0 618.0 0.0363094720007 9963.690528 
86.0 607.0 0.143329856002 9856.670144 
139.0 614.0 0.323847660008 9676.15233999 
195.0 621.0 0.348615984004 9651.384016 
251.0 613.0 0.348615984004 9651.384016 
311.0 620.0 0.0120118080004 9987.988192 
374.0 612.0 0.00822000000022 9991.78 
444.0 623.0 0.0127500000003 9987.25 
494.0 623.0 0.00850000000022 9991.5 
599.0 629.0 0.0426042720008 9957.395728 
643.0 624.0 0.0659926200006 9934.00738 
694.0 636.0 0.0580516360012 9941.948364 
741.0 606.0 0.0418600000011 9958.14 
781.0 605.0 0.0418600000011 9958.14 
866.0 627.0 0.038646840001 9961.35316 
913.0 627.0 0.127911760003 9872.08824 
945.0 601.0 0.239734480002 9760.26552 
34.0 670.0 0.0340377119995 9965.962288 
90.0 664.0 0.0401400000011 9959.86 
159.0 687.0 0.135976804003 9864.023196 
199.0 675.0 0.394007220003 9605.99278 
264.0 687.0 0.0113831999999 9988.6168 
311.0 666.0 0.0158800000004 9984.12 
391.0 677.0 0.0282674800003 9971.73252 
440.0 674.0 0.0277495040004 9972.250496 
487.0 686.0 0.117981936002 9882.018064 
561.0 685.0 0.160211464004 9839.788536 
608.0 674.0 0.0328512240006 9967.148776 
663.0 686.0 0.0404600000011 9959.54 
740.0 671.0 0.0249800000007 9975.02 
796.0 666.0 0.0123463839999 9987.653616 
849.0 671.0 0.00788000000021 9992.12 
899.0 668.0 0.0428520000001 9957.148 
949.0 658.0 0.115660000003 9884.34 
34.0 751.0 0.0208079360005 9979.192064 
86.0 739.0 0.00816000000021 9991.84 
150.0 733.0 0.00816000000021 9991.84 
193.0 732.0 0.306296120003 9693.70388 
257.0 735.0 0.0299130520004 9970.086948 
309.0 748.0 0.0289469600009 9971.05304 
382.0 730.0 0.0580160040005 9941.983996 
437.0 738.0 0.0820487200011 9917.95128 
507.0 724.0 0.201491700002 9798.5083 
558.0 742.0 0.244192736001 9755.807264 
606.0 724.0 0.301773404005 9698.226596 
662.0 745.0 0.307849720007 9692.15027999 
725.0 727.0 0.307849720007 9692.15027999 
806.0 743.0 0.0205793760002 9979.420624 
852.0 748.0 0.0271219200005 9972.87808 
899.0 728.0 0.021604368 9978.395632 
951.0 718.0 0.00846000000022 9991.54 
45.0 809.0 0.0295688000001 9970.4312 
103.0 811.0 0.00800000000021 9992.0 
146.0 801.0 0.0282481120002 9971.751888 
201.0 785.0 0.122200000003 9877.8 
266.0 799.0 0.0457324400007 9954.26756 
317.0 782.0 0.0243200000006 9975.68 
400.0 801.0 0.0285923520004 9971.407648 
454.0 807.0 0.0556432320011 9944.356768 
498.0 787.0 0.0889708000014 9911.0292 
559.0 788.0 0.0645600000017 9935.44 
625.0 797.0 0.126387888003 9873.612112 
675.0 785.0 0.393128408006 9606.87159199 
728.0 805.0 0.423777504002 9576.222496 
793.0 803.0 0.0285067520006 9971.493248 
839.0 783.0 0.0163200000004 9983.68 
922.0 808.0 0.0214897040001 9978.510296 
966.0 807.0 0.00794000000021 9992.06 
40.0 853.0 0.0446988680006 9955.301132 
94.0 854.0 0.0632079000006 9936.7921 
157.0 846.0 0.0999150000015 9900.085 
214.0 847.0 0.0833150720021 9916.684928 
257.0 852.0 0.128738448001 9871.261552 
336.0 865.0 0.0791036640019 9920.896336 
394.0 857.0 0.108490976002 9891.509024 
455.0 866.0 0.0251000000007 9974.9 
509.0 844.0 0.115293360002 9884.70664 
560.0 860.0 0.122678084003 9877.321916 
606.0 843.0 0.143943200004 9856.0568 
675.0 844.0 0.259414240006 9740.58575999 
731.0 862.0 0.488142140003 9511.85786 
799.0 849.0 0.0583141520016 9941.685848 
856.0 844.0 0.0127709999996 9987.229 
904.0 855.0 0.00860000000022 9991.4 
961.0 849.0 0.00826000000022 9991.74 
54.0 901.0 0.0524839200011 9947.51608 
108.0 901.0 0.115030008001 9884.969992 
163.0 895.0 0.109290660002 9890.70934 
214.0 903.0 0.0646600000017 9935.34 
277.0 906.0 0.152886000003 9847.114 
336.0 913.0 0.206205280001 9793.79472 
394.0 915.0 0.185677376005 9814.32262399 
431.0 912.0 0.0325085600003 9967.49144 
489.0 921.0 0.0381583599999 9961.84164 
555.0 899.0 0.135589300003 9864.4107 
610.0 901.0 0.182926000004 9817.074 
689.0 897.0 0.185467456004 9814.532544 
743.0 913.0 0.589480800007 9410.51919999 
797.0 902.0 0.43071359201 9569.28640799 
862.0 914.0 0.764392672015 9235.60732799 
917.0 916.0 0.759253600004 9240.7464 
969.0 913.0 0.759253600004 9240.7464 
41.0 956.0 0.0282296800001 9971.77032 
92.0 958.0 0.0316871399998 9968.31286 
141.0 960.0 0.0159400000004 9984.06 
202.0 950.0 0.0137644639999 9986.235536 
258.0 964.0 0.00826000000022 9991.74 
334.0 967.0 0.011606692 9988.393308 
381.0 977.0 0.00794000000021 9992.06 
427.0 960.0 0.0739200000019 9926.08 
498.0 979.0 0.0172400000004 9982.76 
572.0 960.0 0.0172400000004 9982.76 
610.0 956.0 0.0732000000019 9926.8 
678.0 976.0 0.0293404000002 9970.6596 
729.0 958.0 0.195031576004 9804.968424 
784.0 950.0 0.670091624015 9329.90837599 
839.0 939.0 0.657943192015 9342.05680799 
921.0 963.0 0.756699268021 9243.30073198 
960.0 967.0 0.593370868006 9406.62913199 
479.0 722.0 0.133370592002 9866.629408 
293.0 502.0 0.107428960003 9892.57104 
377.0 917.0 0.0498000000013 9950.2 
940.0 234.0 0.118277500003 9881.7225 
556.0 259.0 0.272393640004 9727.60636 
962.0 317.0 0.0847735560013 9915.226444 
943.0 264.0 0.169363640004 9830.63636 
577.0 447.0 0.01957692 9980.42308 
969.0 786.0 0.0169146000003 9983.0854 
447.0 416.0 0.0938303680018 9906.169632 
572.0 865.0 0.205529520004 9794.47048 
