1000.0 1000.0
14.0 41.0 0.0295213440005 9970.478656 
97.0 28.0 0.0217000599999 9978.29994 
141.0 35.0 0.0278173280005 9972.182672 
182.0 24.0 0.0367852880005 9963.214712 
259.0 34.0 0.0125149440001 9987.485056 
305.0 31.0 0.00832000000022 9991.68 
351.0 25.0 0.0297231840002 9970.276816 
418.0 40.0 0.0439690240011 9956.030976 
473.0 18.0 0.00834000000022 9991.66 
533.0 30.0 0.00834000000022 9991.66 
585.0 27.0 0.0373600000011 9962.64 
643.0 27.0 0.00800000000021 9992.0 
698.0 22.0 0.0298187200002 9970.18128 
763.0 23.0 0.0293633000001 9970.6367 
817.0 16.0 0.0559594680003 9944.040532 
862.0 18.0 0.0916320800008 9908.36792 
916.0 41.0 0.111597520003 9888.40248 
969.0 27.0 0.111597520003 9888.40248 
20.0 91.0 0.0619026400014 9938.09736 
76.0 87.0 0.0127690640002 9987.230936 
126.0 76.0 0.0165800000004 9983.42 
193.0 73.0 0.0564260160011 9943.573984 
237.0 93.0 0.0853929680005 9914.607032 
295.0 69.0 0.00832000000022 9991.68 
369.0 78.0 0.0657818880018 9934.218112 
420.0 82.0 0.11777924 9882.22076 
474.0 89.0 0.145127636001 9854.872364 
524.0 73.0 0.0303150000002 9969.685 
593.0 83.0 0.0751826560014 9924.817344 
628.0 88.0 0.0242400000006 9975.76 
690.0 76.0 0.0533580400017 9946.64196 
758.0 96.0 0.0878530760016 9912.146924 
794.0 88.0 0.0644213000005 9935.5787 
859.0 96.0 0.0365895360007 9963.410464 
904.0 101.0 0.0551280000014 9944.872 
977.0 98.0 0.0415600000011 9958.44 
23.0 150.0 0.0806992680022 9919.300732 
82.0 138.0 0.00836000000022 9991.64 
125.0 137.0 0.0279971600004 9972.00284 
187.0 147.0 0.0288773760007 9971.122624 
241.0 142.0 0.0796410640003 9920.358936 
300.0 144.0 0.0327400000009 9967.26 
362.0 137.0 0.036640000001 9963.36 
407.0 148.0 0.0183338880002 9981.666112 
481.0 141.0 0.165717372003 9834.282628 
539.0 128.0 0.0666640800009 9933.33592 
583.0 139.0 0.111789200003 9888.2108 
649.0 152.0 0.0716874959992 9928.312504 
689.0 126.0 0.0247600000006 9975.24 
750.0 153.0 0.0329600000009 9967.04 
800.0 133.0 0.063786000001 9936.214 
867.0 138.0 0.102216480001 9897.78352 
910.0 159.0 0.0933094080017 9906.690592 
960.0 151.0 0.0277572440002 9972.242756 
33.0 183.0 0.1266554 9873.3446 
82.0 206.0 0.0330000000009 9967.0 
137.0 182.0 0.0757200800011 9924.27992 
182.0 194.0 0.0986527200019 9901.34728 
254.0 199.0 0.0327400000009 9967.26 
295.0 191.0 0.0327400000009 9967.26 
362.0 187.0 0.0590300000003 9940.97 
404.0 183.0 0.0244000000006 9975.6 
482.0 185.0 0.127241459998 9872.75854 
525.0 191.0 0.0569800000015 9943.02 
586.0 190.0 0.149019716001 9850.980284 
629.0 191.0 0.0739000000019 9926.1 
681.0 187.0 0.0325200000009 9967.48 
737.0 213.0 0.0271548000002 9972.8452 
804.0 213.0 0.0426866400012 9957.31336 
865.0 196.0 0.156660800002 9843.3392 
909.0 210.0 0.0767876400019 9923.21236 
975.0 189.0 0.0617036200006 9938.29638 
32.0 261.0 0.093848736002 9906.151264 
71.0 259.0 0.109907304002 9890.092696 
150.0 236.0 0.0985321040022 9901.467896 
191.0 241.0 0.179859188005 9820.140812 
254.0 261.0 0.179859188005 9820.140812 
312.0 251.0 0.0275236080003 9972.476392 
352.0 242.0 0.0880462400014 9911.95376 
405.0 258.0 0.116911168002 9883.088832 
467.0 239.0 0.116911168002 9883.088832 
528.0 263.0 0.116911168002 9883.088832 
591.0 244.0 0.183431520001 9816.56848 
626.0 242.0 0.0130909400002 9986.90906 
685.0 250.0 0.0076600000002 9992.34 
756.0 246.0 0.100801792001 9899.198208 
798.0 252.0 0.059040136001 9940.959864 
860.0 251.0 0.209678620001 9790.32138 
902.0 257.0 0.110758580002 9889.24142 
966.0 247.0 0.0645529120002 9935.447088 
22.0 293.0 0.0588902640001 9941.109736 
81.0 302.0 0.074340000002 9925.66 
152.0 303.0 0.0304074320003 9969.592568 
196.0 297.0 0.196116000004 9803.884 
240.0 305.0 0.247563228004 9752.436772 
312.0 294.0 0.057356460001 9942.64354 
353.0 316.0 0.0910964120017 9908.903588 
416.0 312.0 0.144241824003 9855.758176 
473.0 306.0 0.0684869600018 9931.51304 
517.0 308.0 0.0552499200013 9944.75008 
591.0 303.0 0.194407648003 9805.592352 
648.0 307.0 0.0681529680013 9931.847032 
686.0 314.0 0.00788000000021 9992.12 
740.0 300.0 0.120370816002 9879.629184 
807.0 308.0 0.0244400000006 9975.56 
867.0 305.0 0.189577488003 9810.422512 
903.0 299.0 0.117377608002 9882.622392 
973.0 300.0 0.0335000000009 9966.5 
28.0 373.0 0.0131955200004 9986.80448 
77.0 350.0 0.00832000000022 9991.68 
143.0 362.0 0.0559855200005 9944.01448 
190.0 362.0 0.154293408003 9845.706592 
245.0 349.0 0.365385180007 9634.61481999 
294.0 349.0 0.0983000000026 9901.7 
369.0 367.0 0.371188936009 9628.81106399 
429.0 352.0 0.155768560005 9844.23144 
459.0 364.0 0.130960360001 9869.03964 
521.0 350.0 0.0876209200014 9912.37908 
584.0 368.0 0.0876209200014 9912.37908 
630.0 364.0 0.263370556006 9736.62944399 
702.0 372.0 0.0686178000018 9931.3822 
754.0 354.0 0.147882952003 9852.117048 
794.0 373.0 0.194412852003 9805.587148 
857.0 361.0 0.0655400000017 9934.46 
921.0 346.0 0.0238800000006 9976.12 
985.0 363.0 0.0380499200009 9961.95008 
22.0 414.0 0.0445303040013 9955.469696 
90.0 418.0 0.0421083960006 9957.891604 
130.0 409.0 0.0239800000006 9976.02 
193.0 423.0 0.0264223440005 9973.577656 
263.0 406.0 0.365118712008 9634.88128799 
306.0 421.0 0.40798403201 9592.01596799 
354.0 419.0 0.499972200009 9500.02779999 
403.0 412.0 0.616202988012 9383.79701199 
480.0 407.0 0.0564200000015 9943.58 
524.0 403.0 0.0787200400005 9921.27996 
594.0 428.0 0.0958760000026 9904.124 
646.0 413.0 0.234534696005 9765.465304 
705.0 413.0 0.143345260003 9856.65474 
763.0 414.0 0.130980168004 9869.019832 
804.0 420.0 0.273059296002 9726.940704 
869.0 428.0 0.273059296002 9726.940704 
908.0 408.0 0.0396636320005 9960.336368 
967.0 417.0 0.0905328000006 9909.4672 
23.0 471.0 0.0459680000012 9954.032 
85.0 459.0 0.119163292002 9880.836708 
129.0 480.0 0.154682400004 9845.3176 
206.0 460.0 0.0316856160009 9968.314384 
255.0 461.0 0.0160400000004 9983.96 
310.0 460.0 0.146728948003 9853.271052 
366.0 479.0 0.0341248999996 9965.8751 
413.0 471.0 0.613072560004 9386.92744 
463.0 483.0 0.606879860002 9393.12014 
528.0 460.0 0.0326800000009 9967.32 
591.0 483.0 0.0372972760008 9962.702724 
634.0 468.0 0.0908200000024 9909.18 
702.0 480.0 0.0333770000006 9966.623 
754.0 481.0 0.0214952280003 9978.504772 
816.0 460.0 0.301801708004 9698.198292 
858.0 467.0 0.336818944003 9663.181056 
903.0 478.0 0.361225856001 9638.774144 
980.0 473.0 0.236079136004 9763.920864 
27.0 534.0 0.236079136004 9763.920864 
90.0 530.0 0.0687507800012 9931.24922 
137.0 536.0 0.185732040004 9814.26796 
199.0 532.0 0.0294693000004 9970.5307 
256.0 536.0 0.0560100640009 9943.989936 
317.0 520.0 0.0291922000005 9970.8078 
362.0 541.0 0.0724970000019 9927.503 
403.0 538.0 0.0836673760012 9916.332624 
486.0 517.0 0.714238268014 9285.76173199 
532.0 525.0 0.227501472006 9772.49852799 
588.0 541.0 0.0787478000016 9921.2522 
625.0 535.0 0.110715584001 9889.284416 
692.0 522.0 0.01209936 9987.90064 
742.0 538.0 0.0317000000008 9968.3 
810.0 524.0 0.0303339840008 9969.666016 
867.0 539.0 0.173758816003 9826.241184 
921.0 518.0 0.453711680011 9546.28831999 
970.0 531.0 0.38560665201 9614.39334799 
22.0 585.0 0.0281267600003 9971.87324 
83.0 589.0 0.0290703040002 9970.929696 
143.0 573.0 0.254829952002 9745.170048 
181.0 583.0 0.313270928007 9686.72907199 
261.0 584.0 0.209818244004 9790.181756 
306.0 587.0 0.199031652005 9800.968348 
355.0 597.0 0.217331400006 9782.66859999 
423.0 576.0 0.123312208001 9876.687792 
482.0 585.0 0.332900992009 9667.09900799 
515.0 592.0 0.918238440003 9081.76156 
585.0 588.0 0.918238440003 9081.76156 
635.0 581.0 0.147805680002 9852.19432 
692.0 585.0 0.112089984001 9887.910016 
740.0 578.0 0.0486400000013 9951.36 
805.0 592.0 0.0486400000013 9951.36 
856.0 590.0 0.0972579040013 9902.742096 
916.0 594.0 0.0636756800013 9936.32432 
981.0 581.0 0.156060000004 9843.94 
39.0 632.0 0.0291456600006 9970.85434 
78.0 640.0 0.0159800000004 9984.02 
145.0 630.0 0.294735884008 9705.26411599 
192.0 638.0 0.376511792006 9623.48820799 
245.0 646.0 0.421045284006 9578.95471599 
293.0 631.0 0.563434480011 9436.56551999 
352.0 636.0 0.620446500002 9379.5535 
411.0 629.0 0.0329200000009 9967.08 
474.0 648.0 0.225371200006 9774.62879999 
541.0 645.0 0.844723840016 9155.27615998 
579.0 649.0 0.582570091994 9417.42990801 
644.0 650.0 0.0293570560001 9970.642944 
690.0 634.0 0.0294982000001 9970.5018 
737.0 630.0 0.0370276240003 9962.972376 
800.0 629.0 0.0370276240003 9962.972376 
861.0 642.0 0.119755832003 9880.244168 
914.0 648.0 0.185557488003 9814.442512 
976.0 637.0 0.185557488003 9814.442512 
27.0 689.0 0.0159800000004 9984.02 
95.0 704.0 0.0601817280016 9939.818272 
125.0 683.0 0.0074400000002 9992.56 
186.0 696.0 0.0132434880001 9986.756512 
242.0 686.0 0.00804000000021 9991.96 
309.0 700.0 0.214883200005 9785.11679999 
359.0 690.0 0.661237760011 9338.76223999 
411.0 694.0 0.731412360013 9268.58763999 
470.0 701.0 0.73006756002 9269.93243998 
539.0 707.0 0.258888240007 9741.11175999 
593.0 680.0 0.264780000007 9735.21999999 
647.0 707.0 0.0535101840011 9946.489816 
692.0 695.0 0.0139990919996 9986.000908 
749.0 687.0 0.0252600000007 9974.74 
811.0 700.0 0.0107300879998 9989.269912 
847.0 687.0 0.00796000000021 9992.04 
916.0 700.0 0.206345000003 9793.655 
967.0 707.0 0.231236868004 9768.763132 
35.0 755.0 0.046954188001 9953.045812 
93.0 760.0 0.0726626000014 9927.3374 
144.0 757.0 0.135815064002 9864.184936 
183.0 749.0 0.0772419200018 9922.75808 
252.0 753.0 0.0306154000001 9969.3846 
311.0 755.0 0.0720963000016 9927.9037 
355.0 758.0 0.058391160001 9941.60884 
413.0 757.0 0.0249200000007 9975.08 
473.0 748.0 0.79120873601 9208.79126399 
527.0 754.0 0.854850416017 9145.14958398 
570.0 750.0 0.034265460001 9965.73454 
644.0 747.0 0.0805049440008 9919.495056 
683.0 756.0 0.111266592002 9888.733408 
750.0 750.0 0.0672250240015 9932.774976 
812.0 736.0 0.00852000000022 9991.48 
870.0 761.0 0.0255221240001 9974.477876 
907.0 749.0 0.125764496002 9874.235504 
985.0 752.0 0.289857760007 9710.14223999 
16.0 807.0 0.0365885960006 9963.411404 
77.0 796.0 0.0547503680015 9945.249632 
149.0 801.0 0.185897840005 9814.10216 
207.0 797.0 0.148633664004 9851.366336 
251.0 811.0 0.0901200000024 9909.88 
302.0 810.0 0.0292697600005 9970.73024 
370.0 818.0 0.0273655280001 9972.634472 
407.0 806.0 0.056319140001 9943.68086 
472.0 814.0 0.0861854000019 9913.8146 
532.0 813.0 0.572703935999 9427.296064 
574.0 801.0 0.270500000007 9729.49999999 
642.0 794.0 0.078925320002 9921.07468 
707.0 796.0 0.151544032004 9848.455968 
760.0 794.0 0.205472000002 9794.528 
815.0 809.0 0.236929720001 9763.07028 
864.0 797.0 0.236929720001 9763.07028 
924.0 811.0 0.215151968005 9784.84803199 
968.0 814.0 0.276636528003 9723.363472 
23.0 857.0 0.0583830880002 9941.616912 
87.0 850.0 0.0588764000011 9941.1236 
137.0 870.0 0.116789872002 9883.210128 
185.0 874.0 0.0977138000018 9902.2862 
239.0 859.0 0.0453614559998 9954.638544 
296.0 862.0 0.0252800000007 9974.72 
367.0 852.0 0.0252800000007 9974.72 
429.0 847.0 0.0968350000007 9903.165 
484.0 857.0 0.125922500003 9874.0775 
525.0 865.0 0.160214152002 9839.785848 
584.0 874.0 0.211383768005 9788.616232 
635.0 850.0 0.164795520004 9835.20448 
689.0 868.0 0.0652400000017 9934.76 
759.0 855.0 0.0989476000022 9901.0524 
792.0 856.0 0.306196080003 9693.80392 
852.0 866.0 0.0359920760008 9964.007924 
907.0 848.0 0.0251000000007 9974.9 
971.0 869.0 0.105960000003 9894.04 
17.0 913.0 0.0849695880009 9915.030412 
93.0 926.0 0.0538213960013 9946.178604 
151.0 907.0 0.0762959840015 9923.704016 
182.0 907.0 0.110104648001 9889.895352 
261.0 914.0 0.0632728000017 9936.7272 
317.0 922.0 0.0528584800014 9947.14152 
354.0 926.0 0.0559568000012 9944.0432 
424.0 909.0 0.0559568000012 9944.0432 
469.0 905.0 0.0628512720011 9937.148728 
536.0 913.0 0.120570300003 9879.4297 
589.0 909.0 0.138150368002 9861.849632 
639.0 927.0 0.1156026 9884.3974 
684.0 907.0 0.150157600003 9849.8424 
747.0 925.0 0.0491000000013 9950.9 
801.0 914.0 0.328590464006 9671.40953599 
847.0 906.0 0.0166200000004 9983.38 
917.0 928.0 0.0357471240008 9964.252876 
965.0 918.0 0.0538184200008 9946.18158 
35.0 960.0 0.105050000001 9894.95 
70.0 965.0 0.10669838 9893.30162 
126.0 968.0 0.0488800000013 9951.12 
195.0 962.0 0.0414600000011 9958.54 
237.0 953.0 0.0411989760001 9958.801024 
285.0 963.0 0.0247400000006 9975.26 
372.0 980.0 0.0241000000006 9975.9 
420.0 960.0 0.0241000000006 9975.9 
485.0 979.0 0.0614315400011 9938.56846 
532.0 965.0 0.128508300001 9871.4917 
577.0 965.0 0.102338168002 9897.661832 
625.0 978.0 0.0410800000011 9958.92 
702.0 961.0 0.105236219999 9894.76378 
738.0 976.0 0.0491000000013 9950.9 
806.0 973.0 0.227169708004 9772.830292 
852.0 978.0 0.0969400000026 9903.06 
930.0 976.0 0.0608894800013 9939.11052 
967.0 977.0 0.0669499440003 9933.050056 
860.0 644.0 0.135700208002 9864.299792 
521.0 797.0 0.271301600007 9728.69839999 
215.0 959.0 0.0260156800007 9973.98432 
70.0 223.0 0.150611716002 9849.388284 
842.0 280.0 0.141420000003 9858.58 
408.0 508.0 0.190600000005 9809.4 
717.0 505.0 0.0294773760006 9970.522624 
757.0 65.0 0.0607775360015 9939.222464 
719.0 93.0 0.0675695280006 9932.430472 
7.0 218.0 0.0610691280013 9938.930872 
933.0 778.0 0.351901180006 9648.09881999 
67.0 433.0 0.0773880000004 9922.612 
620.0 131.0 0.0881120560006 9911.887944 
920.0 83.0 0.103855888003 9896.144112 
607.0 332.0 0.219352780005 9780.64721999 
561.0 172.0 0.087863980001 9912.13602 
754.0 271.0 0.0602104560014 9939.789544 
496.0 576.0 0.661160604005 9338.83939599 
491.0 958.0 0.0715521200015 9928.44788 
104.0 759.0 0.105823696003 9894.176304 
622.0 67.0 0.0330108320009 9966.989168 
123.0 621.0 0.115523820002 9884.47618 
808.0 833.0 0.118765200003 9881.2348 
202.0 709.0 0.0159600000004 9984.04 
562.0 940.0 0.118531040003 9881.46896 
945.0 247.0 0.0631381480012 9936.861852 
