1000.0 1000.0
34.0 17.0 0.0262914800006 9973.70852 
71.0 31.0 0.0616932480017 9938.306752 
115.0 31.0 0.0973977360025 9902.602264 
177.0 25.0 0.0278944000005 9972.1056 
224.0 35.0 0.0834419600016 9916.55804 
285.0 22.0 0.0294868400001 9970.51316 
334.0 36.0 0.0588378640017 9941.162136 
385.0 34.0 0.0274437400001 9972.55626 
427.0 17.0 0.0570021600013 9942.99784 
477.0 21.0 0.099149400001 9900.8506 
535.0 33.0 0.0784090880017 9921.590912 
563.0 37.0 0.043909888001 9956.090112 
632.0 30.0 0.0352773600007 9964.72264 
671.0 26.0 0.0463210920005 9953.678908 
734.0 16.0 0.0277069600003 9972.29304 
778.0 34.0 0.0548110000013 9945.189 
824.0 37.0 0.100121220001 9899.87878 
883.0 33.0 0.0366717080007 9963.328292 
933.0 32.0 0.0168600000004 9983.14 
975.0 29.0 0.0280112640007 9971.988736 
17.0 76.0 0.0138897360003 9986.110264 
76.0 63.0 0.0902818040023 9909.718196 
116.0 76.0 0.155300000004 9844.7 
176.0 68.0 0.0440348880008 9955.965112 
220.0 83.0 0.0819085120012 9918.091488 
274.0 62.0 0.0898877000013 9910.1123 
330.0 79.0 0.132204060002 9867.79594 
369.0 75.0 0.122971680003 9877.02832 
430.0 85.0 0.0621130800013 9937.88692 
486.0 79.0 0.146207296002 9853.792704 
516.0 76.0 0.0687089600018 9931.29104 
563.0 73.0 0.189345000004 9810.655 
631.0 78.0 0.0688268000005 9931.1732 
675.0 85.0 0.118880780003 9881.11922 
713.0 62.0 0.0386595040003 9961.340496 
770.0 65.0 0.0601503920003 9939.849608 
833.0 85.0 0.133158944003 9866.841056 
878.0 63.0 0.143338980004 9856.66102 
922.0 84.0 0.116574816002 9883.425184 
976.0 74.0 0.0597642240017 9940.235776 
37.0 127.0 0.00868000000023 9991.32 
83.0 125.0 0.149180000004 9850.82 
122.0 134.0 0.254651380005 9745.34862 
169.0 136.0 0.0933351200018 9906.66488 
227.0 136.0 0.119101220002 9880.89878 
264.0 135.0 0.100070360002 9899.92964 
331.0 117.0 0.223949056006 9776.05094399 
372.0 136.0 0.241868344006 9758.13165599 
437.0 131.0 0.0869461440024 9913.053856 
482.0 136.0 0.163186176004 9836.813824 
530.0 118.0 0.233781368004 9766.218632 
583.0 126.0 0.348901768005 9651.098232 
629.0 117.0 0.202013432005 9797.986568 
683.0 126.0 0.197671360005 9802.32863999 
733.0 129.0 0.150231876004 9849.768124 
775.0 122.0 0.0993598160012 9900.640184 
814.0 118.0 0.0319600000008 9968.04 
877.0 121.0 0.212273796002 9787.726204 
927.0 128.0 0.0820800000022 9917.92 
968.0 116.0 0.0367187000006 9963.2813 
28.0 181.0 0.0361656000009 9963.8344 
73.0 176.0 0.0707304600019 9929.26954 
113.0 165.0 0.212633828003 9787.366172 
167.0 166.0 0.307163188005 9692.83681199 
228.0 184.0 0.251041960005 9748.95803999 
285.0 184.0 0.179099168001 9820.900832 
329.0 173.0 0.129540000003 9870.46 
384.0 171.0 0.308561440002 9691.43856 
429.0 173.0 0.143862880004 9856.13712 
467.0 177.0 0.319038900007 9680.96109999 
515.0 183.0 0.0914786560018 9908.521344 
565.0 177.0 0.261545464007 9738.45453599 
622.0 167.0 0.333387536004 9666.612464 
664.0 182.0 0.388817188004 9611.182812 
721.0 172.0 0.584308000014 9415.69199999 
766.0 181.0 0.177070720004 9822.92928 
830.0 182.0 0.177070720004 9822.92928 
876.0 163.0 0.0747639600019 9925.23604 
915.0 166.0 0.234202840002 9765.79716 
966.0 180.0 0.163198000004 9836.802 
21.0 225.0 0.0361701760004 9963.829824 
63.0 237.0 0.0629373240014 9937.062676 
124.0 236.0 0.146892640004 9853.10736 
177.0 213.0 0.412620464005 9587.37953599 
224.0 231.0 0.347184384007 9652.81561599 
285.0 216.0 0.230521096002 9769.478904 
336.0 237.0 0.164609556001 9835.390444 
378.0 222.0 0.153940000004 9846.06 
423.0 213.0 0.39508766001 9604.91233999 
479.0 218.0 0.476161200001 9523.8388 
513.0 218.0 0.144887020003 9855.11298 
574.0 232.0 0.124944420001 9875.05558 
630.0 234.0 0.167996588004 9832.003412 
681.0 214.0 0.518513024011 9481.48697599 
731.0 228.0 0.646181616011 9353.81838399 
770.0 229.0 0.703456500018 9296.54349998 
823.0 237.0 0.084589840002 9915.41016 
873.0 229.0 0.0729000000019 9927.1 
927.0 215.0 0.206332960002 9793.66704 
980.0 216.0 0.106100280002 9893.89972 
18.0 271.0 0.0455605000011 9954.4395 
84.0 271.0 0.0966179200008 9903.38208 
133.0 268.0 0.0629924160015 9937.007584 
183.0 266.0 0.298715688006 9701.28431199 
222.0 269.0 0.451303704008 9548.69629599 
280.0 276.0 0.456963648001 9543.036352 
312.0 284.0 0.150426000004 9849.574 
374.0 285.0 0.0377047600008 9962.29524 
424.0 276.0 0.167309456004 9832.690544 
468.0 266.0 0.514963864003 9485.036136 
520.0 272.0 0.156100000004 9843.9 
587.0 286.0 0.145975168002 9854.024832 
633.0 282.0 0.0426224999999 9957.3775 
675.0 286.0 0.0262461400007 9973.75386 
736.0 270.0 0.698705920014 9301.29407999 
773.0 275.0 0.869416672003 9130.583328 
825.0 269.0 0.279572560007 9720.42743999 
862.0 270.0 0.0895455600021 9910.45444 
935.0 280.0 0.0301524560004 9969.847544 
962.0 269.0 0.0158000000004 9984.2 
18.0 326.0 0.134566100002 9865.4339 
68.0 323.0 0.150007400004 9849.9926 
136.0 317.0 0.0851120000017 9914.888 
186.0 323.0 0.188568968005 9811.431032 
217.0 325.0 0.254542740006 9745.45725999 
278.0 334.0 0.522295088011 9477.70491199 
335.0 323.0 0.0699741680016 9930.025832 
364.0 321.0 0.0786274560016 9921.372544 
421.0 319.0 0.0770339360019 9922.966064 
472.0 315.0 0.584152652002 9415.847348 
528.0 334.0 0.568040552003 9431.959448 
571.0 326.0 0.238670440006 9761.32955999 
615.0 334.0 0.183018032003 9816.981968 
671.0 323.0 0.0240800000006 9975.92 
735.0 329.0 0.528197500013 9471.80249999 
779.0 331.0 0.83218764001 9167.81235999 
816.0 318.0 0.577701720015 9422.29827998 
865.0 329.0 0.114567028001 9885.432972 
930.0 333.0 0.121295008003 9878.704992 
983.0 331.0 0.0427901200005 9957.20988 
36.0 372.0 0.212241920005 9787.75807999 
65.0 362.0 0.233676484002 9766.323516 
134.0 364.0 0.035140736001 9964.859264 
171.0 362.0 0.165119360004 9834.88064 
219.0 366.0 0.399661388005 9600.33861199 
271.0 381.0 0.720510976011 9279.48902399 
334.0 382.0 0.0876479200015 9912.35208 
385.0 365.0 0.106752000001 9893.248 
415.0 380.0 0.185666000003 9814.334 
465.0 371.0 0.38806852801 9611.93147199 
514.0 375.0 0.630322080009 9369.67791999 
577.0 369.0 0.147739168003 9852.260832 
618.0 372.0 0.215618720005 9784.38127999 
669.0 373.0 0.247408000006 9752.59199999 
717.0 368.0 0.348802624009 9651.19737599 
776.0 367.0 0.922891428017 9077.10857198 
819.0 377.0 1.03888664001 8961.11335999 
885.0 362.0 0.137266660001 9862.73334 
923.0 378.0 0.133222432003 9866.777568 
962.0 369.0 0.0737893280012 9926.210672 
14.0 414.0 0.113494880003 9886.50512 
73.0 417.0 0.293234800003 9706.7652 
123.0 416.0 0.0283436360001 9971.656364 
171.0 433.0 0.0525639600012 9947.43604 
231.0 413.0 0.312835200008 9687.16479999 
281.0 423.0 0.555256091999 9444.743908 
328.0 421.0 0.227420000006 9772.57999999 
370.0 420.0 0.167603280001 9832.39672 
422.0 429.0 0.310979820004 9689.02018 
483.0 429.0 0.214800628005 9785.19937199 
530.0 423.0 0.504279392009 9495.72060799 
586.0 415.0 0.233021720006 9766.97827999 
617.0 413.0 0.0154400000004 9984.56 
675.0 431.0 0.273090360003 9726.90964 
717.0 434.0 0.0930263200021 9906.97368 
769.0 419.0 0.332388576008 9667.61142399 
821.0 433.0 1.09463348001 8905.36651999 
873.0 413.0 0.0403400000011 9959.66 
933.0 434.0 0.206331500004 9793.6685 
986.0 423.0 0.113170472001 9886.829528 
14.0 471.0 0.0354117600006 9964.58824 
74.0 469.0 0.343688100004 9656.3119 
123.0 481.0 0.384710000002 9615.29 
186.0 467.0 0.0833698800021 9916.63012 
229.0 486.0 0.0701677999999 9929.8322 
268.0 468.0 0.264890400007 9735.10959999 
323.0 480.0 0.0835147160011 9916.485284 
371.0 477.0 0.185175440004 9814.82456 
418.0 486.0 0.332588928007 9667.41107199 
486.0 471.0 0.0285318400009 9971.46816 
520.0 479.0 0.203720000005 9796.27999999 
583.0 474.0 0.0863189600012 9913.68104 
616.0 474.0 0.143691840004 9856.30816 
662.0 485.0 0.306090544004 9693.909456 
734.0 477.0 0.00820000000022 9991.8 
783.0 473.0 0.645625696016 9354.37430398 
830.0 486.0 1.01103648001 8988.96351999 
871.0 474.0 0.413253420011 9586.74657999 
928.0 474.0 0.298315884001 9701.684116 
977.0 467.0 0.185234600004 9814.7654 
32.0 512.0 0.0523409920005 9947.659008 
66.0 526.0 0.282672504007 9717.32749599 
113.0 536.0 0.458448120009 9541.55187999 
172.0 526.0 0.021881032 9978.118968 
229.0 531.0 0.0411000000011 9958.9 
278.0 523.0 0.0368050280008 9963.194972 
324.0 524.0 0.0762695560016 9923.730444 
363.0 519.0 0.0930469920021 9906.953008 
423.0 527.0 0.312484320009 9687.51567999 
477.0 537.0 0.107600000003 9892.4 
516.0 525.0 0.0289014000006 9971.0986 
564.0 520.0 0.0953104000023 9904.6896 
622.0 518.0 0.201544336004 9798.455664 
662.0 519.0 0.456385200007 9543.61479999 
718.0 536.0 0.506910584008 9493.08941599 
770.0 534.0 0.132280000003 9867.72 
831.0 513.0 1.19924508802 8800.75491198 
884.0 536.0 1.14097536003 8859.02463997 
920.0 531.0 1.00853488002 8991.46511998 
973.0 533.0 0.118218200003 9881.7818 
26.0 577.0 0.0278923520002 9972.107648 
86.0 569.0 0.341505312009 9658.49468799 
132.0 573.0 0.545118944013 9454.88105599 
174.0 571.0 0.226069728006 9773.93027199 
222.0 573.0 0.0554841200007 9944.51588 
263.0 582.0 0.0503686240016 9949.631376 
326.0 579.0 0.0843168560019 9915.683144 
383.0 565.0 0.108064780003 9891.93522 
424.0 573.0 0.260271584007 9739.72841599 
476.0 585.0 0.164869560003 9835.13044 
525.0 582.0 0.137664800003 9862.3352 
575.0 572.0 0.108578904001 9891.421096 
616.0 581.0 0.132748972002 9867.251028 
680.0 577.0 0.208723868005 9791.27613199 
722.0 575.0 0.300631940008 9699.36805999 
768.0 569.0 0.375809392005 9624.190608 
826.0 576.0 0.139920000004 9860.08 
886.0 562.0 1.24524830002 8754.75169998 
922.0 585.0 1.60670978001 8393.29021999 
973.0 578.0 0.054607436001 9945.392564 
32.0 613.0 0.0574949000013 9942.5051 
76.0 626.0 0.264790080007 9735.20991999 
134.0 623.0 0.60382600001 9396.17399999 
174.0 628.0 0.674190244005 9325.80975599 
215.0 628.0 0.503638903998 9496.361096 
269.0 623.0 0.223080000006 9776.91999999 
319.0 622.0 0.130005040001 9869.99496 
364.0 628.0 0.154371096001 9845.628904 
430.0 615.0 0.116567100002 9883.4329 
469.0 617.0 0.247293840001 9752.70616 
527.0 617.0 0.275775120006 9724.22487999 
563.0 635.0 0.318746380004 9681.25362 
625.0 615.0 0.171726976002 9828.273024 
665.0 623.0 0.247770192006 9752.22980799 
716.0 626.0 0.107919128002 9892.080872 
764.0 635.0 0.0422377000008 9957.7623 
824.0 633.0 0.0422377000008 9957.7623 
886.0 625.0 0.935071500024 9064.92849998 
934.0 636.0 1.12118330402 8878.81669598 
984.0 614.0 0.538484192012 9461.51580799 
15.0 674.0 0.0393210880006 9960.678912 
73.0 664.0 0.0903588800012 9909.64112 
113.0 686.0 0.115796320002 9884.20368 
169.0 684.0 0.327030908008 9672.96909199 
235.0 685.0 0.118282960003 9881.71704 
267.0 683.0 0.0962524000018 9903.7476 
321.0 667.0 0.199834380004 9800.16562 
373.0 668.0 0.253957760002 9746.04224 
425.0 684.0 0.266626080002 9733.37392 
485.0 673.0 0.190955200005 9809.04479999 
525.0 673.0 0.40070139201 9599.29860799 
575.0 684.0 0.362996320002 9637.00368 
621.0 666.0 0.155560000004 9844.44 
684.0 672.0 0.386631568005 9613.36843199 
729.0 681.0 0.0895800000024 9910.42 
769.0 665.0 0.0574675600012 9942.53244 
819.0 678.0 0.0910658400024 9908.93416 
863.0 682.0 0.0505073400012 9949.49266 
924.0 675.0 0.482120000013 9517.87999999 
965.0 664.0 0.495792920013 9504.20707999 
16.0 728.0 0.045981360001 9954.01864 
78.0 717.0 0.0710677040016 9928.932296 
131.0 720.0 0.0898867000014 9910.1133 
174.0 734.0 0.0496400000013 9950.36 
214.0 718.0 0.167437120004 9832.56288 
272.0 714.0 0.203294820002 9796.70518 
316.0 723.0 0.241135764006 9758.86423599 
386.0 724.0 0.161291308004 9838.708692 
427.0 718.0 0.318520000008 9681.47999999 
477.0 718.0 0.376798048004 9623.201952 
536.0 727.0 0.573157888006 9426.84211199 
568.0 725.0 0.53218316801 9467.81683199 
626.0 732.0 0.539586172014 9460.41382799 
685.0 726.0 0.657992672002 9342.007328 
717.0 726.0 0.782095288021 9217.90471198 
772.0 735.0 0.78717955601 9212.82044399 
820.0 723.0 0.337278080009 9662.72191999 
869.0 719.0 0.0632580160009 9936.741984 
918.0 720.0 0.0688398720016 9931.160128 
972.0 717.0 0.00870000000023 9991.3 
35.0 774.0 0.0855486720004 9914.451328 
80.0 778.0 0.109093568002 9890.906432 
130.0 776.0 0.126362920003 9873.63708 
173.0 783.0 0.213784960002 9786.21504 
233.0 783.0 0.184560812004 9815.439188 
285.0 782.0 0.136039800003 9863.9602 
324.0 768.0 0.307910608004 9692.089392 
379.0 775.0 0.299212104001 9700.787896 
436.0 778.0 0.306985024002 9693.014976 
481.0 784.0 0.369531100006 9630.46889999 
537.0 767.0 0.564703952013 9435.29604799 
563.0 786.0 0.416883528012 9583.11647199 
630.0 766.0 0.299364500008 9700.63549999 
665.0 786.0 0.351688508009 9648.31149199 
717.0 785.0 0.241404296006 9758.59570399 
787.0 777.0 0.780920352019 9219.07964798 
833.0 772.0 0.202659168004 9797.340832 
879.0 765.0 0.200559432004 9799.440568 
932.0 770.0 0.0766755600015 9923.32444 
964.0 779.0 0.085849600002 9914.1504 
15.0 830.0 0.0394029120004 9960.597088 
80.0 814.0 0.169977240004 9830.02276 
137.0 821.0 0.217976720004 9782.02328 
186.0 816.0 0.257705616005 9742.29438399 
227.0 832.0 0.295538816008 9704.46118399 
272.0 827.0 0.179623468004 9820.376532 
323.0 821.0 0.292952480006 9707.04751999 
374.0 818.0 0.0139236959997 9986.076304 
427.0 836.0 0.00856000000022 9991.44 
484.0 826.0 0.141679000004 9858.321 
529.0 831.0 0.328122880009 9671.87711999 
577.0 825.0 0.557830820013 9442.16917999 
633.0 818.0 0.533156460012 9466.84353999 
672.0 826.0 0.628122720012 9371.87727999 
732.0 822.0 0.298807872007 9701.19212799 
783.0 821.0 0.865248240008 9134.75175999 
832.0 819.0 0.0930086400025 9906.99136 
864.0 813.0 0.314254544006 9685.74545599 
918.0 835.0 0.216632344005 9783.36765599 
966.0 829.0 0.0759923200017 9924.00768 
12.0 876.0 0.039627200001 9960.3728 
70.0 870.0 0.100247256002 9899.752744 
118.0 877.0 0.132509408002 9867.490592 
186.0 877.0 0.151002352004 9848.997648 
228.0 877.0 0.358078028005 9641.921972 
280.0 880.0 0.446207712011 9553.79228799 
332.0 868.0 0.314770299999 9685.2297 
363.0 870.0 0.147100000004 9852.9 
424.0 876.0 0.0288069600005 9971.19304 
476.0 874.0 0.0839752000013 9916.0248 
531.0 873.0 0.166901880001 9833.09812 
587.0 876.0 0.309047676008 9690.95232399 
632.0 868.0 0.37716896001 9622.83103999 
676.0 864.0 0.81454556801 9185.45443199 
716.0 872.0 0.941843760008 9058.15623999 
781.0 877.0 1.10713454003 8892.86545997 
822.0 885.0 1.11988166402 8880.11833598 
881.0 870.0 0.325582792006 9674.41720799 
917.0 871.0 0.0992000000026 9900.8 
987.0 862.0 0.0327200000009 9967.28 
27.0 917.0 0.0393722640003 9960.627736 
81.0 932.0 0.0452926720009 9954.707328 
128.0 915.0 0.113401032 9886.598968 
174.0 926.0 0.141972860001 9858.02714 
237.0 924.0 0.248420464006 9751.57953599 
273.0 925.0 0.316482400007 9683.51759999 
316.0 930.0 0.126303432003 9873.696568 
382.0 929.0 0.250534400006 9749.46559999 
420.0 923.0 0.142561600004 9857.4384 
482.0 914.0 0.0596246160016 9940.375384 
513.0 915.0 0.113671136001 9886.328864 
574.0 926.0 0.0265092160001 9973.490784 
636.0 913.0 0.0701526840011 9929.847316 
683.0 933.0 0.0406600000011 9959.34 
726.0 924.0 0.938147156005 9061.852844 
771.0 928.0 1.50446683203 8495.53316797 
824.0 923.0 1.90613000005 8093.86999995 
884.0 920.0 0.90764272002 9092.35727998 
932.0 936.0 0.365049296002 9634.950704 
977.0 934.0 0.403951000006 9596.04899999 
27.0 968.0 0.00852000000022 9991.48 
73.0 964.0 0.0289083200003 9971.09168 
116.0 978.0 0.0254400000007 9974.56 
181.0 962.0 0.168948000002 9831.052 
225.0 980.0 0.196978368001 9803.021632 
263.0 970.0 0.284173000002 9715.827 
317.0 965.0 0.350142448009 9649.85755199 
366.0 984.0 0.41631095601 9583.68904399 
420.0 963.0 0.3178915 9682.1085 
466.0 980.0 0.131500000003 9868.5 
530.0 982.0 0.0 10000.0 
586.0 963.0 0.0508740240005 9949.125976 
616.0 970.0 0.086238652002 9913.761348 
668.0 987.0 0.0763782959991 9923.621704 
733.0 982.0 0.284178664007 9715.82133599 
777.0 983.0 0.289600000008 9710.39999999 
824.0 973.0 1.94732336004 8052.67663996 
875.0 976.0 1.4032604 8596.7396 
915.0 986.0 0.668180000018 9331.81999998 
984.0 983.0 0.253571260002 9746.42874 
