1000.0 1000.0
33.0 25.0 0.0382464520006 9961.753548 
61.0 14.0 0.0382464520006 9961.753548 
116.0 27.0 0.0459137960009 9954.086204 
161.0 21.0 0.0479809600007 9952.01904 
215.0 29.0 0.0654848000018 9934.5152 
255.0 29.0 0.118860736002 9881.139264 
313.0 29.0 0.131365384003 9868.634616 
347.0 26.0 0.122990796003 9877.009204 
411.0 27.0 0.0259271600002 9974.07284 
442.0 29.0 0.0820966080017 9917.903392 
495.0 13.0 0.046186628001 9953.813372 
554.0 23.0 0.0675200000005 9932.48 
595.0 12.0 0.0289657400001 9971.03426 
648.0 24.0 0.0687184000013 9931.2816 
699.0 19.0 0.0635951600011 9936.40484 
747.0 35.0 0.0457443040008 9954.255696 
782.0 12.0 0.0371944800009 9962.80552 
840.0 16.0 0.0516503200006 9948.34968 
873.0 30.0 0.053602052001 9946.397948 
920.0 28.0 0.020945824 9979.054176 
982.0 18.0 0.0137096800003 9986.29032 
17.0 69.0 0.0465598560005 9953.440144 
76.0 72.0 0.0616556000011 9938.3444 
118.0 71.0 0.101223540002 9898.77646 
164.0 60.0 0.125103816003 9874.896184 
203.0 65.0 0.0702361920018 9929.763808 
254.0 79.0 0.119338800002 9880.6612 
303.0 62.0 0.158734120004 9841.26588 
352.0 68.0 0.207934492004 9792.065508 
396.0 60.0 0.127805260003 9872.19474 
456.0 79.0 0.0984907280005 9901.509272 
508.0 82.0 0.129112380003 9870.88762 
555.0 72.0 0.0891516800024 9910.84832 
592.0 64.0 0.094494736001 9905.505264 
650.0 70.0 0.120151640003 9879.84836 
689.0 67.0 0.123598736004 9876.401264 
740.0 61.0 0.138959648004 9861.040352 
781.0 79.0 0.0719729520016 9928.027048 
827.0 80.0 0.0782512000017 9921.7488 
877.0 65.0 0.039760000001 9960.24 
917.0 60.0 0.0599454640011 9940.054536 
986.0 76.0 0.00818000000021 9991.82 
34.0 122.0 0.0751920320007 9924.807968 
78.0 108.0 0.136342944003 9863.657056 
129.0 113.0 0.151183480004 9848.81652 
166.0 117.0 0.237702624006 9762.29737599 
215.0 110.0 0.0520115560008 9947.988444 
264.0 114.0 0.110980376002 9889.019624 
311.0 126.0 0.205739528005 9794.26047199 
361.0 124.0 0.288462480004 9711.53752 
395.0 118.0 0.144774104004 9855.225896 
445.0 107.0 0.0244200000006 9975.58 
507.0 108.0 0.134212160003 9865.78784 
541.0 130.0 0.187676736001 9812.323264 
602.0 116.0 0.141379280002 9858.62072 
634.0 116.0 0.0915247840025 9908.475216 
695.0 108.0 0.159572864004 9840.427136 
745.0 110.0 0.211432856004 9788.567144 
774.0 130.0 0.262903536005 9737.096464 
835.0 112.0 0.110485260001 9889.51474 
878.0 126.0 0.151425180003 9848.57482 
928.0 109.0 0.0344484400008 9965.55156 
984.0 116.0 0.0161200000004 9983.88 
24.0 162.0 0.0696504680016 9930.349532 
64.0 161.0 0.180223920004 9819.77608 
114.0 166.0 0.126322156003 9873.677844 
168.0 167.0 0.305523200009 9694.47679999 
224.0 175.0 0.351995480008 9648.00451999 
261.0 155.0 0.160248320004 9839.75168 
317.0 175.0 0.220937084002 9779.062916 
364.0 178.0 0.466665620012 9533.33437999 
403.0 165.0 0.476157200009 9523.84279999 
447.0 168.0 0.130106004003 9869.893996 
498.0 164.0 0.120609520003 9879.39048 
547.0 164.0 0.261139896006 9738.86010399 
602.0 170.0 0.225391520005 9774.60847999 
634.0 162.0 0.192480336002 9807.519664 
680.0 175.0 0.140677084003 9859.322916 
738.0 154.0 0.172469712005 9827.530288 
779.0 174.0 0.312867000002 9687.133 
831.0 166.0 0.165297024004 9834.702976 
872.0 177.0 0.180287200005 9819.7128 
918.0 162.0 0.127462200003 9872.5378 
975.0 169.0 0.0428992320008 9957.100768 
17.0 222.0 0.100242560002 9899.75744 
71.0 220.0 0.203210968005 9796.78903199 
116.0 206.0 0.0073400000002 9992.66 
178.0 216.0 0.110032180002 9889.96782 
218.0 225.0 0.344832496009 9655.16750399 
252.0 224.0 0.344499896003 9655.500104 
318.0 212.0 0.226461696006 9773.53830399 
364.0 205.0 0.437363568009 9562.63643199 
408.0 215.0 0.618994560005 9381.00544 
449.0 225.0 0.42326050001 9576.73949999 
506.0 219.0 0.179793244004 9820.206756 
548.0 223.0 0.348187700003 9651.8123 
598.0 217.0 0.0825000000022 9917.5 
644.0 210.0 0.246530088003 9753.469912 
685.0 223.0 0.177357544004 9822.642456 
737.0 204.0 0.0115455999999 9988.4544 
796.0 218.0 0.342376320006 9657.62367999 
825.0 216.0 0.112763152002 9887.236848 
872.0 219.0 0.271102840006 9728.89715999 
938.0 217.0 0.0659380800012 9934.06192 
985.0 215.0 0.0366346399997 9963.36536 
19.0 252.0 0.104581160002 9895.41884 
76.0 263.0 0.280680808002 9719.319192 
121.0 269.0 0.168473032004 9831.526968 
158.0 256.0 0.100380000003 9899.62 
218.0 264.0 0.0167600000004 9983.24 
255.0 252.0 0.424807616006 9575.19238399 
299.0 268.0 0.465873120009 9534.12687999 
351.0 257.0 0.132633520003 9867.36648 
405.0 269.0 0.238554040004 9761.44596 
441.0 251.0 0.504083679998 9495.91632 
504.0 252.0 0.163479024002 9836.520976 
546.0 264.0 0.0411400000011 9958.86 
594.0 260.0 0.284904240003 9715.09576 
653.0 256.0 0.363445064008 9636.55493599 
688.0 251.0 0.0448248000005 9955.1752 
727.0 250.0 0.0240400000006 9975.96 
792.0 270.0 0.354177952003 9645.822048 
835.0 265.0 0.201049780005 9798.95021999 
891.0 272.0 0.229427464002 9770.572536 
934.0 269.0 0.0632968000015 9936.7032 
981.0 256.0 0.0399000000011 9960.1 
21.0 313.0 0.0378700160009 9962.129984 
70.0 306.0 0.00784000000021 9992.16 
119.0 301.0 0.297916936004 9702.083064 
166.0 318.0 0.322193880005 9677.80612 
205.0 304.0 0.121356020003 9878.64398 
262.0 318.0 0.0549106400016 9945.08936 
307.0 316.0 0.481739120012 9518.26087999 
347.0 314.0 0.490999824013 9509.00017599 
401.0 304.0 0.0114783200003 9988.52168 
448.0 305.0 0.214480000006 9785.51999999 
492.0 299.0 0.0442004000009 9955.7996 
537.0 313.0 0.059478328001 9940.521672 
606.0 306.0 0.377346520007 9622.65347999 
648.0 307.0 0.608309176014 9391.69082399 
700.0 304.0 0.245971420005 9754.02857999 
733.0 314.0 0.0651839200017 9934.81608 
782.0 315.0 0.146924528004 9853.075472 
825.0 298.0 0.404680000011 9595.31999999 
892.0 300.0 0.124789040003 9875.21096 
934.0 304.0 0.129780000003 9870.22 
978.0 299.0 0.0357219120007 9964.278088 
33.0 347.0 0.0616983280016 9938.301672 
67.0 349.0 0.0641660800019 9935.83392 
112.0 368.0 0.105161720002 9894.83828 
175.0 365.0 0.368813792003 9631.186208 
213.0 360.0 0.114900000003 9885.1 
273.0 355.0 0.237534960006 9762.46503999 
309.0 360.0 0.574976800016 9425.02319998 
352.0 363.0 0.574530520011 9425.46947999 
397.0 347.0 0.0683721200009 9931.62788 
443.0 347.0 0.053508800001 9946.4912 
497.0 349.0 0.093980344002 9906.019656 
548.0 354.0 0.148943936003 9851.056064 
593.0 363.0 0.306499104008 9693.50089599 
643.0 354.0 0.430460000011 9569.53999999 
685.0 368.0 0.180000000005 9820.0 
739.0 346.0 0.12973716 9870.26284 
785.0 350.0 0.249829156007 9750.17084399 
839.0 346.0 0.411790000007 9588.20999999 
869.0 366.0 0.458403616002 9541.596384 
920.0 368.0 0.189645464004 9810.354536 
974.0 365.0 0.0254912960004 9974.508704 
17.0 398.0 0.0538005200009 9946.19948 
77.0 413.0 0.147781660004 9852.21834 
119.0 409.0 0.189211712003 9810.788288 
174.0 403.0 0.156720928004 9843.279072 
204.0 414.0 0.450787536008 9549.21246399 
272.0 408.0 0.318184800008 9681.81519999 
314.0 402.0 0.82437824002 9175.62175998 
359.0 404.0 0.68870280801 9311.29719199 
406.0 406.0 0.609529952016 9390.47004798 
448.0 412.0 0.259098500007 9740.90149999 
496.0 413.0 0.466646848011 9533.35315199 
556.0 402.0 0.155840928003 9844.159072 
586.0 410.0 0.221032440006 9778.96755999 
631.0 403.0 0.113032496002 9886.967504 
679.0 402.0 0.0309403000005 9969.0597 
748.0 398.0 0.152062800004 9847.9372 
791.0 399.0 0.221306720006 9778.69327999 
825.0 396.0 0.129360000003 9870.64 
892.0 409.0 0.54140610401 9458.59389599 
937.0 410.0 0.262725400004 9737.2746 
968.0 395.0 0.0687430160016 9931.256984 
34.0 449.0 0.0847396480013 9915.260352 
66.0 461.0 0.151768072002 9848.231928 
115.0 442.0 0.231541856006 9768.45814399 
161.0 446.0 0.411828088009 9588.17191199 
212.0 451.0 0.735353088014 9264.64691199 
262.0 448.0 0.828110496004 9171.889504 
318.0 454.0 0.898720476027 9101.27952397 
368.0 460.0 0.887910560023 9112.08943998 
406.0 441.0 0.644739128013 9355.26087199 
450.0 442.0 0.800807312017 9199.19268798 
508.0 450.0 0.556253523995 9443.74647601 
552.0 461.0 0.230660000006 9769.33999999 
599.0 456.0 0.215798016006 9784.20198399 
639.0 453.0 0.168855520003 9831.14448 
692.0 462.0 0.110905600002 9889.0944 
748.0 460.0 0.190778536005 9809.221464 
789.0 445.0 0.291449408006 9708.55059199 
832.0 463.0 0.332477500009 9667.52249999 
879.0 464.0 0.555901472012 9444.09852799 
918.0 441.0 0.38612960001 9613.87039999 
966.0 458.0 0.108299116001 9891.700884 
30.0 501.0 0.0848856320022 9915.114368 
77.0 502.0 0.0320600000008 9967.94 
113.0 491.0 0.150098048003 9849.901952 
171.0 496.0 0.243392224004 9756.607776 
205.0 510.0 0.401965040008 9598.03495999 
266.0 507.0 0.230628016006 9769.37198399 
309.0 505.0 0.588819688015 9411.18031199 
349.0 490.0 0.980684844004 9019.315156 
402.0 502.0 1.03821855202 8961.78144798 
461.0 507.0 1.090607084 8909.392916 
509.0 496.0 0.854519200022 9145.48079998 
545.0 502.0 0.0548359200011 9945.16408 
605.0 495.0 0.340267012006 9659.73298799 
639.0 509.0 0.213173248006 9786.82675199 
692.0 511.0 0.136107736005 9863.892264 
726.0 500.0 0.309111300006 9690.88869999 
781.0 503.0 0.339765280007 9660.23471999 
823.0 495.0 0.368611588001 9631.388412 
891.0 491.0 0.336559800009 9663.44019999 
923.0 500.0 0.604903520015 9395.09647998 
970.0 488.0 0.0561353200008 9943.86468 
28.0 550.0 0.0513018320007 9948.698168 
72.0 539.0 0.0826665600005 9917.33344 
118.0 557.0 0.123180820001 9876.81918 
174.0 544.0 0.222776868005 9777.223132 
217.0 556.0 0.370721960009 9629.27803999 
270.0 541.0 0.0625126640005 9937.487336 
313.0 554.0 0.0996900000026 9900.31 
350.0 540.0 0.353827520009 9646.17247999 
398.0 546.0 0.151011872003 9848.988128 
463.0 544.0 0.611922240016 9388.07775998 
497.0 552.0 1.1519666 8848.0334 
554.0 550.0 0.0437770880012 9956.222912 
593.0 536.0 0.186227280004 9813.77272 
631.0 540.0 0.375074560006 9624.92543999 
694.0 536.0 0.238020800002 9761.9792 
739.0 556.0 0.301496972001 9698.503028 
775.0 557.0 0.317458016008 9682.54198399 
843.0 542.0 0.459795120007 9540.20487999 
886.0 541.0 0.224476528006 9775.52347199 
927.0 558.0 0.632276500015 9367.72349999 
968.0 536.0 0.170740000004 9829.26 
33.0 600.0 0.0451004080012 9954.899592 
78.0 601.0 0.0836736640022 9916.326336 
122.0 596.0 0.0769453600015 9923.05464 
176.0 604.0 0.0632985200006 9936.70148 
209.0 594.0 0.243110408006 9756.88959199 
250.0 605.0 0.387764084009 9612.23591599 
303.0 596.0 0.533986864014 9466.01313599 
353.0 584.0 0.187361340003 9812.63866 
404.0 596.0 0.233745216005 9766.254784 
448.0 588.0 0.036267952001 9963.732048 
492.0 602.0 0.39603073601 9603.96926399 
552.0 601.0 1.14609528802 8853.90471198 
599.0 606.0 0.720625620018 9279.37437998 
637.0 592.0 0.439802240012 9560.19775999 
695.0 606.0 0.492270840009 9507.72915999 
747.0 589.0 0.470891120006 9529.10887999 
786.0 606.0 0.510123600009 9489.87639999 
839.0 599.0 0.610144864015 9389.85513598 
873.0 583.0 0.474655936012 9525.34406399 
930.0 604.0 0.651050960012 9348.94903999 
967.0 586.0 0.38686544001 9613.13455999 
25.0 635.0 0.0459075280011 9954.092472 
80.0 646.0 0.122892592003 9877.107408 
108.0 643.0 0.115448288003 9884.551712 
176.0 651.0 0.0518115360013 9948.188464 
213.0 635.0 0.205743040005 9794.25696 
266.0 636.0 0.49707046001 9502.92953999 
310.0 639.0 0.513634648004 9486.365352 
346.0 634.0 0.629404060006 9370.59593999 
413.0 650.0 0.466861600013 9533.13839999 
455.0 637.0 0.40091690801 9599.08309199 
506.0 653.0 0.368194200008 9631.80579999 
536.0 632.0 0.42965293601 9570.34706399 
583.0 632.0 1.36325748001 8636.74251999 
638.0 644.0 1.03415767203 8965.84232797 
686.0 638.0 0.520810544005 9479.18945599 
741.0 646.0 0.547409000009 9452.59099999 
789.0 635.0 0.435829920011 9564.17007999 
825.0 654.0 0.41720962001 9582.79037999 
871.0 632.0 0.573009420011 9426.99057999 
923.0 634.0 0.545877600014 9454.12239999 
965.0 640.0 0.735735808006 9264.26419199 
30.0 690.0 0.041871140001 9958.12886 
65.0 694.0 0.0534335120002 9946.566488 
109.0 682.0 0.204522240004 9795.47776 
177.0 693.0 0.0782376000021 9921.7624 
202.0 687.0 0.0726154760013 9927.384524 
262.0 686.0 0.0645141200016 9935.48588 
308.0 682.0 0.204822320005 9795.17768 
360.0 691.0 0.628689532003 9371.310468 
405.0 697.0 0.765931676012 9234.06832399 
453.0 690.0 1.01922264802 8980.77735198 
508.0 692.0 1.07392150402 8926.07849598 
549.0 698.0 0.632148700016 9367.85129998 
599.0 689.0 1.32587750001 8674.12249999 
653.0 692.0 0.45421138001 9545.78861999 
696.0 678.0 0.533018164014 9466.98183599 
748.0 695.0 0.799989684008 9200.01031599 
795.0 683.0 0.468374720001 9531.62528 
827.0 685.0 0.139540000004 9860.46 
888.0 686.0 0.412352667999 9587.647332 
927.0 699.0 0.171917652004 9828.082348 
973.0 695.0 0.476773040007 9523.22695999 
26.0 749.0 0.0673758200016 9932.62418 
76.0 733.0 0.139125152004 9860.874848 
119.0 738.0 0.372960824006 9627.03917599 
165.0 741.0 0.39508445601 9604.91554399 
217.0 733.0 0.271341748005 9728.658252 
270.0 745.0 0.175399184004 9824.600816 
312.0 737.0 0.0939366560024 9906.063344 
347.0 748.0 0.0696113800005 9930.38862 
403.0 745.0 0.302020160006 9697.97983999 
455.0 739.0 0.345805000008 9654.19499999 
503.0 748.0 0.305820000008 9694.17999999 
544.0 732.0 1.04956688803 8950.43311197 
589.0 733.0 1.15459570402 8845.40429598 
637.0 730.0 0.716520000019 9283.47999998 
701.0 733.0 0.0729602160015 9927.039784 
727.0 741.0 0.232744624006 9767.25537599 
778.0 746.0 0.70940836001 9290.59163999 
826.0 747.0 0.194600000005 9805.39999999 
887.0 732.0 0.0290114000001 9970.9886 
917.0 730.0 0.178600000005 9821.4 
977.0 733.0 0.211620000006 9788.37999999 
14.0 783.0 0.0375303000008 9962.4697 
67.0 777.0 0.0949993360013 9905.000664 
122.0 783.0 0.284395392008 9715.60460799 
159.0 781.0 0.450109448005 9549.890552 
212.0 774.0 0.508219304008 9491.78069599 
251.0 795.0 0.603944120006 9396.05587999 
305.0 783.0 0.354145704008 9645.85429599 
367.0 781.0 0.306673760008 9693.32623999 
399.0 783.0 0.0328800000009 9967.12 
449.0 782.0 0.0821503520018 9917.849648 
496.0 777.0 0.0418400000011 9958.16 
554.0 797.0 0.0455670480007 9954.432952 
590.0 774.0 0.330460000009 9669.53999999 
648.0 790.0 0.0278707840001 9972.129216 
679.0 794.0 0.0748675520014 9925.132448 
738.0 780.0 0.068855840001 9931.14416 
783.0 781.0 0.211500000006 9788.49999999 
825.0 778.0 0.729646440016 9270.35355998 
891.0 779.0 0.0551071000012 9944.8929 
928.0 793.0 0.0732689640016 9926.731036 
966.0 796.0 0.061094460001 9938.90554 
17.0 843.0 0.0274359280001 9972.564072 
78.0 824.0 0.052550160001 9947.44984 
120.0 840.0 0.087441160001 9912.55884 
161.0 842.0 0.080035680001 9919.96432 
223.0 830.0 0.296154220007 9703.84577999 
271.0 837.0 0.162540000004 9837.46 
298.0 830.0 0.769629792002 9230.370208 
354.0 824.0 0.774862584017 9225.13741598 
395.0 829.0 0.853078312016 9146.92168798 
454.0 843.0 0.546321080014 9453.67891999 
488.0 829.0 0.307043000007 9692.95699999 
545.0 824.0 0.0511387200012 9948.86128 
583.0 838.0 0.0912584960018 9908.741504 
634.0 824.0 0.0641380200013 9935.86198 
689.0 838.0 0.175235820002 9824.76418 
746.0 832.0 0.0885092840025 9911.490716 
775.0 832.0 0.130858792 9869.141208 
839.0 831.0 0.685195000009 9314.80499999 
874.0 836.0 0.766658472017 9233.34152798 
920.0 833.0 0.295703876007 9704.29612399 
977.0 842.0 0.0353823400001 9964.61766 
21.0 884.0 0.0811336480016 9918.866352 
69.0 889.0 0.0985615600025 9901.43844 
110.0 892.0 0.122416448003 9877.583552 
175.0 870.0 0.113564240001 9886.43576 
218.0 884.0 0.201459912003 9798.540088 
258.0 882.0 0.135984072003 9864.015928 
320.0 886.0 0.0443026200008 9955.69738 
362.0 871.0 0.505483488013 9494.51651199 
411.0 870.0 0.910160968009 9089.83903199 
457.0 879.0 0.986824416013 9013.17558399 
509.0 882.0 1.12775104401 8872.24895599 
555.0 879.0 0.350468432009 9649.53156799 
591.0 880.0 0.798673716018 9201.32628398 
640.0 884.0 0.546507120014 9453.49287999 
680.0 886.0 0.328135140004 9671.86486 
744.0 884.0 0.0869512600021 9913.04874 
792.0 885.0 0.181647192005 9818.35280799 
838.0 877.0 0.245898280006 9754.10171999 
875.0 882.0 0.928285544025 9071.71445597 
939.0 869.0 0.0284085599999 9971.59144 
973.0 869.0 0.0329600000009 9967.04 
30.0 936.0 0.0774888400014 9922.51116 
61.0 923.0 0.177537000004 9822.463 
118.0 924.0 0.190681396003 9809.318604 
176.0 931.0 0.274582200003 9725.4178 
219.0 920.0 0.387362900002 9612.6371 
253.0 933.0 0.432817760008 9567.18223999 
315.0 940.0 0.204887816005 9795.11218399 
345.0 940.0 0.351701776009 9648.29822399 
408.0 939.0 0.0268563840003 9973.143616 
456.0 929.0 0.0537465360008 9946.253464 
501.0 920.0 0.670392384018 9329.60761598 
554.0 918.0 1.20253320002 8797.46679998 
606.0 932.0 1.33181881601 8668.18118399 
640.0 930.0 0.163773632004 9836.226368 
697.0 920.0 0.734494576017 9265.50542398 
737.0 934.0 0.768079500019 9231.92049998 
791.0 931.0 0.0281445040004 9971.855496 
837.0 918.0 0.667879440014 9332.12055999 
878.0 929.0 0.784350639995 9215.64936001 
920.0 939.0 0.312272904008 9687.72709599 
972.0 932.0 0.0275278400007 9972.47216 
33.0 985.0 0.0520211760013 9947.978824 
72.0 965.0 0.0824157600006 9917.58424 
121.0 982.0 0.0819800000022 9918.02 
167.0 981.0 0.0790057560015 9920.994244 
210.0 972.0 0.336216768009 9663.78323199 
260.0 974.0 0.479879920007 9520.12007999 
304.0 981.0 0.554564704011 9445.43529599 
356.0 981.0 0.596624080013 9403.37591999 
401.0 974.0 0.433507215996 9566.492784 
445.0 985.0 0.190920000005 9809.07999999 
497.0 982.0 0.0262426560006 9973.757344 
541.0 986.0 0.0540907400004 9945.90926 
589.0 977.0 0.414329160011 9585.67083999 
638.0 980.0 1.30634009201 8693.65990799 
692.0 975.0 1.47342472003 8526.57527997 
734.0 980.0 1.20635706 8793.64294 
781.0 986.0 0.495940000013 9504.05999999 
824.0 979.0 0.0539206320004 9946.079368 
871.0 981.0 0.0501101839994 9949.889816 
916.0 968.0 0.335020000009 9664.97999999 
978.0 980.0 0.0266617280008 9973.338272 
551.0 567.0 1.037028492 8962.971508 
979.0 817.0 0.0325600000009 9967.44 
983.0 199.0 0.052851788001 9947.148212 
41.0 917.0 0.102978700002 9897.0213 
35.0 400.0 0.0634351880014 9936.564812 
711.0 451.0 0.0751938640017 9924.806136 
976.0 495.0 0.0560000000015 9944.0 
13.0 179.0 0.0694782800013 9930.52172 
987.0 486.0 0.0607034840013 9939.296516 
