1000.0 1000.0
21.0 20.0 0.0375343000005 9962.4657 
75.0 33.0 0.0382964000009 9961.7036 
126.0 20.0 0.0288863000005 9971.1137 
174.0 21.0 0.0398596400007 9960.14036 
219.0 21.0 0.0529284400008 9947.07156 
263.0 13.0 0.0442262400012 9955.77376 
305.0 14.0 0.0511476320008 9948.852368 
366.0 24.0 0.0696316000015 9930.3684 
404.0 31.0 0.00850000000022 9991.5 
461.0 26.0 0.0448819200008 9955.11808 
508.0 12.0 0.0441195600009 9955.88044 
545.0 26.0 0.0686750800013 9931.32492 
589.0 21.0 0.0455200000012 9954.48 
640.0 22.0 0.0455735480005 9954.426452 
696.0 30.0 0.0780379920019 9921.962008 
732.0 14.0 0.0375355200006 9962.46448 
794.0 13.0 0.0380323280009 9961.967672 
833.0 30.0 0.0466620880007 9953.337912 
875.0 35.0 0.0685226920015 9931.477308 
927.0 14.0 0.0279085000006 9972.0915 
972.0 24.0 0.0629382400014 9937.06176 
24.0 76.0 0.063771824001 9936.228176 
80.0 73.0 0.060254952001 9939.745048 
108.0 64.0 0.0160400000004 9983.96 
177.0 65.0 0.0167600000004 9983.24 
223.0 64.0 0.0768189600009 9923.18104 
266.0 60.0 0.0786222000021 9921.3778 
309.0 59.0 0.112100012001 9887.899988 
356.0 77.0 0.150241220003 9849.75878 
394.0 66.0 0.0590417720003 9940.958228 
464.0 68.0 0.0706458280013 9929.354172 
503.0 60.0 0.116506848003 9883.493152 
554.0 74.0 0.189472652005 9810.527348 
589.0 71.0 0.190146260004 9809.85374 
631.0 72.0 0.134416420003 9865.58358 
691.0 81.0 0.118748352003 9881.251648 
730.0 68.0 0.0717124800018 9928.28752 
790.0 67.0 0.0935619600019 9906.43804 
823.0 63.0 0.120911784003 9879.088216 
880.0 79.0 0.153031700002 9846.9683 
925.0 61.0 0.086094508002 9913.905492 
983.0 62.0 0.128327764002 9871.672236 
16.0 119.0 0.0781366880015 9921.863312 
69.0 112.0 0.135962000003 9864.038 
114.0 127.0 0.125303820002 9874.69618 
167.0 124.0 0.160456112003 9839.543888 
202.0 130.0 0.0836017600021 9916.39824 
262.0 108.0 0.100907396001 9899.092604 
298.0 114.0 0.0753730800022 9924.62692 
364.0 128.0 0.224674560005 9775.32543999 
415.0 116.0 0.185730480004 9814.26952 
445.0 120.0 0.183959080004 9816.04092 
503.0 108.0 0.154523960004 9845.47604 
556.0 119.0 0.320225920007 9679.77407999 
590.0 115.0 0.316732484006 9683.26751599 
647.0 115.0 0.211189712004 9788.810288 
697.0 122.0 0.193324064005 9806.675936 
726.0 107.0 0.104761268002 9895.238732 
779.0 127.0 0.147351200003 9852.6488 
831.0 110.0 0.188485160004 9811.51484 
871.0 120.0 0.0944774000023 9905.5226 
922.0 116.0 0.138881480003 9861.11852 
973.0 113.0 0.232196040005 9767.80396 
20.0 168.0 0.0619452400016 9938.05476 
78.0 157.0 0.150650156003 9849.349844 
109.0 164.0 0.146774688004 9853.225312 
155.0 159.0 0.168313512003 9831.686488 
205.0 156.0 0.230003784003 9769.996216 
271.0 174.0 0.0376667680006 9962.333232 
319.0 172.0 0.179298080003 9820.70192 
354.0 171.0 0.183831680005 9816.16832 
405.0 155.0 0.278205120007 9721.79487999 
441.0 177.0 0.350400876005 9649.59912399 
493.0 175.0 0.253387952006 9746.61204799 
536.0 178.0 0.0440134000012 9955.9866 
584.0 170.0 0.401569800009 9598.43019999 
641.0 176.0 0.183387624005 9816.612376 
686.0 160.0 0.214703220004 9785.29678 
733.0 168.0 0.239509968005 9760.490032 
789.0 177.0 0.242153500005 9757.84649999 
824.0 156.0 0.245095100005 9754.90489999 
882.0 172.0 0.139057800002 9860.9422 
922.0 176.0 0.286553832001 9713.446168 
979.0 166.0 0.267701440006 9732.29855999 
33.0 219.0 0.117294044002 9882.705956 
81.0 207.0 0.167360560004 9832.63944 
112.0 214.0 0.276046724006 9723.95327599 
158.0 219.0 0.317805880004 9682.19412 
222.0 203.0 0.278337208006 9721.66279199 
255.0 208.0 0.208509520005 9791.49048 
305.0 214.0 0.322779848008 9677.22015199 
347.0 211.0 0.240594168005 9759.40583199 
401.0 205.0 0.307482344007 9692.51765599 
457.0 206.0 0.439551880002 9560.44812 
506.0 220.0 0.543066644014 9456.93335599 
547.0 215.0 0.461947340012 9538.05265999 
584.0 225.0 0.579945792012 9420.05420799 
644.0 221.0 0.257217976006 9742.78202399 
690.0 217.0 0.263095880006 9736.90411999 
743.0 217.0 0.262551120005 9737.44888 
779.0 215.0 0.136710112003 9863.289888 
823.0 214.0 0.294840144003 9705.159856 
886.0 221.0 0.109489520001 9890.51048 
933.0 215.0 0.287168780005 9712.83122 
966.0 219.0 0.346845320005 9653.15468 
28.0 256.0 0.0161400000004 9983.86 
76.0 251.0 0.172958960004 9827.04104 
124.0 253.0 0.335920476007 9664.07952399 
170.0 268.0 0.545368076014 9454.63192399 
215.0 260.0 0.417351960006 9582.64803999 
268.0 251.0 0.387978520007 9612.02147999 
320.0 270.0 0.456322440005 9543.67756 
362.0 258.0 0.352173748005 9647.826252 
403.0 272.0 0.364276864006 9635.72313599 
444.0 259.0 0.148948544003 9851.051456 
501.0 262.0 0.399370240009 9600.62975999 
548.0 255.0 0.858855568021 9141.14443198 
590.0 265.0 0.792013400012 9207.98659999 
637.0 269.0 0.455925000008 9544.07499999 
687.0 256.0 0.351388864007 9648.61113599 
737.0 269.0 0.500533976008 9499.46602399 
789.0 273.0 0.0992247040019 9900.775296 
841.0 261.0 0.226331200002 9773.6688 
875.0 260.0 0.088772096002 9911.227904 
918.0 271.0 0.176728800004 9823.2712 
987.0 268.0 0.360370500008 9639.62949999 
13.0 298.0 0.360370500008 9639.62949999 
78.0 313.0 0.0614391480015 9938.560852 
120.0 306.0 0.0663878000013 9933.6122 
157.0 315.0 0.357498000007 9642.50199999 
205.0 316.0 0.302070439998 9697.92956 
263.0 304.0 0.0293574400005 9970.64256 
315.0 310.0 0.328782704007 9671.21729599 
357.0 309.0 0.607561432012 9392.43856799 
413.0 298.0 0.321012920007 9678.98707999 
451.0 319.0 0.199309996005 9800.69000399 
489.0 306.0 0.315629760008 9684.37023999 
549.0 315.0 0.435968104011 9564.03189599 
587.0 316.0 0.229545404006 9770.45459599 
642.0 309.0 0.484582788002 9515.417212 
695.0 304.0 0.430425760009 9569.57423999 
733.0 310.0 0.611363228002 9388.636772 
787.0 306.0 0.183648732005 9816.351268 
825.0 309.0 0.114880000003 9885.12 
890.0 318.0 0.180462352004 9819.537648 
922.0 319.0 0.482022720012 9517.97727999 
968.0 310.0 0.48828112001 9511.71887999 
28.0 359.0 0.0438998400011 9956.10016 
69.0 349.0 0.0683570480011 9931.642952 
124.0 348.0 0.112614632002 9887.385368 
176.0 353.0 0.0752206000018 9924.7794 
202.0 350.0 0.180600000005 9819.4 
257.0 349.0 0.0275925480002 9972.407452 
320.0 359.0 0.0618958040013 9938.104196 
347.0 352.0 0.581001396013 9418.99860399 
396.0 368.0 0.704185192005 9295.81480799 
446.0 347.0 0.405406640005 9594.59335999 
490.0 365.0 0.107220000003 9892.78 
559.0 358.0 0.780395200017 9219.60479998 
606.0 350.0 0.209630528004 9790.369472 
638.0 350.0 0.615986560008 9384.01343999 
682.0 361.0 0.350086240009 9649.91375999 
741.0 367.0 0.644923520011 9355.07647999 
778.0 367.0 0.40799561601 9592.00438399 
823.0 356.0 0.242448420006 9757.55157999 
877.0 355.0 0.177075612004 9822.924388 
934.0 346.0 0.37695100801 9623.04899199 
972.0 348.0 0.664637980005 9335.36202 
24.0 404.0 0.0425011680011 9957.498832 
60.0 395.0 0.105043560001 9894.95644 
120.0 415.0 0.0776395640021 9922.360436 
173.0 413.0 0.0759553920011 9924.044608 
220.0 414.0 0.108288608003 9891.711392 
257.0 396.0 0.106034708002 9893.965292 
309.0 401.0 0.0816762800003 9918.32372 
349.0 395.0 0.286404544008 9713.59545599 
396.0 397.0 0.455119520012 9544.88047999 
441.0 404.0 0.585414880013 9414.58511999 
489.0 398.0 0.198649200005 9801.35079999 
548.0 394.0 0.265048000007 9734.95199999 
592.0 402.0 0.970149700005 9029.8503 
636.0 404.0 1.11595984003 8884.04015997 
693.0 408.0 0.181480000005 9818.52 
734.0 395.0 0.39751330001 9602.48669999 
785.0 395.0 0.742985908016 9257.01409198 
822.0 407.0 0.329632864008 9670.36713599 
872.0 413.0 0.186801344005 9813.19865599 
932.0 393.0 0.209878200006 9790.12179999 
985.0 404.0 0.663204128004 9336.795872 
16.0 446.0 0.0706848000018 9929.3152 
74.0 452.0 0.198603520003 9801.39648 
130.0 460.0 0.250266144006 9749.73385599 
161.0 463.0 0.133802168003 9866.197832 
224.0 444.0 0.199475008004 9800.524992 
252.0 446.0 0.273609040005 9726.39095999 
307.0 442.0 0.140150420003 9859.84958 
358.0 450.0 0.243659216004 9756.340784 
406.0 455.0 0.285806988005 9714.19301199 
455.0 442.0 0.650661560014 9349.33843999 
494.0 443.0 0.41713872001 9582.86127999 
555.0 455.0 0.273396128007 9726.60387199 
603.0 444.0 1.24900018001 8750.99981999 
632.0 462.0 1.10358489602 8896.41510398 
679.0 446.0 0.014086644 9985.913356 
745.0 443.0 0.241996056006 9758.00394399 
782.0 453.0 0.729816960011 9270.18303999 
842.0 459.0 0.259736256007 9740.26374399 
887.0 442.0 0.132331120003 9867.66888 
928.0 453.0 0.260125404006 9739.87459599 
973.0 446.0 0.747199732011 9252.80026799 
15.0 498.0 0.0447760960012 9955.223904 
60.0 490.0 0.123565000002 9876.435 
111.0 497.0 0.300983208007 9699.01679199 
162.0 502.0 0.355389760002 9644.61024 
213.0 500.0 0.472582152008 9527.41784799 
270.0 502.0 0.578632560013 9421.36743999 
297.0 506.0 0.364463400009 9635.53659999 
361.0 501.0 0.184492360005 9815.50764 
416.0 498.0 0.59448636801 9405.51363199 
462.0 489.0 0.762322200006 9237.67779999 
491.0 511.0 0.797511000007 9202.48899999 
545.0 507.0 0.711317008018 9288.68299198 
600.0 500.0 1.26161993602 8738.38006398 
644.0 502.0 0.738196464012 9261.80353599 
699.0 499.0 0.198060000005 9801.93999999 
739.0 488.0 0.242143456006 9757.85654399 
791.0 496.0 0.824736200004 9175.2638 
832.0 507.0 0.38749020801 9612.50979199 
872.0 505.0 0.269601008003 9730.398992 
933.0 499.0 0.374316644009 9625.68335599 
986.0 498.0 0.546476395997 9453.523604 
27.0 548.0 0.0369880320003 9963.011968 
76.0 541.0 0.0619426000015 9938.0574 
125.0 549.0 0.114320308003 9885.679692 
164.0 543.0 0.144828872003 9855.171128 
215.0 543.0 0.163380040004 9836.61996 
258.0 546.0 0.0907393840017 9909.260616 
304.0 545.0 0.615236436004 9384.763564 
361.0 543.0 0.259458200006 9740.54179999 
408.0 547.0 0.250587456006 9749.41254399 
441.0 549.0 0.657362456013 9342.63754399 
503.0 555.0 0.239578508006 9760.42149199 
536.0 546.0 0.811145960016 9188.85403998 
584.0 547.0 1.18959092803 8810.40907197 
632.0 540.0 1.19975058001 8800.24941999 
685.0 558.0 0.881419124022 9118.58087598 
734.0 548.0 0.0288722400004 9971.12776 
774.0 546.0 0.880885728021 9119.11427198 
825.0 550.0 0.264270968006 9735.72903199 
888.0 540.0 0.310602480006 9689.39751999 
936.0 539.0 0.238311392005 9761.688608 
966.0 541.0 0.343980000009 9656.01999999 
23.0 595.0 0.0813409120021 9918.659088 
59.0 586.0 0.0917557400013 9908.24426 
119.0 591.0 0.0103158719998 9989.684128 
155.0 586.0 0.0331800000009 9966.82 
221.0 598.0 0.0169000000004 9983.1 
259.0 586.0 0.302103208005 9697.89679199 
318.0 586.0 0.684635700015 9315.36429999 
350.0 587.0 0.809259128011 9190.74087199 
405.0 588.0 0.903625912013 9096.37408799 
446.0 597.0 1.30967128 8690.32872 
489.0 593.0 0.39826118401 9601.73881599 
538.0 583.0 0.777371000019 9222.62899998 
591.0 604.0 0.906198512022 9093.80148798 
634.0 599.0 0.289324960007 9710.67503999 
694.0 594.0 0.95641744002 9043.58255998 
743.0 595.0 0.868788000022 9131.21199998 
790.0 602.0 0.935573728019 9064.42627198 
844.0 586.0 0.566155776014 9433.84422399 
879.0 604.0 0.0523218600008 9947.67814 
932.0 600.0 0.0681749200016 9931.82508 
985.0 605.0 0.0545893280014 9945.410672 
28.0 646.0 0.0694666800016 9930.53332 
61.0 635.0 0.154370160004 9845.62984 
124.0 652.0 0.0293638400004 9970.63616 
178.0 654.0 0.205447480005 9794.55252 
217.0 644.0 0.124797856003 9875.202144 
273.0 636.0 0.0590168480016 9940.983152 
309.0 646.0 0.0531465000009 9946.8535 
345.0 642.0 0.0526605480011 9947.339452 
416.0 633.0 0.671245784018 9328.75421598 
463.0 650.0 1.38207000001 8617.92999999 
510.0 644.0 1.35918440403 8640.81559597 
545.0 638.0 1.10162764003 8898.37235997 
592.0 645.0 1.05138016403 8948.61983597 
636.0 648.0 0.647026120017 9352.97387998 
697.0 638.0 1.05491714001 8945.08285999 
748.0 650.0 1.11657287203 8883.42712797 
786.0 638.0 0.289973888008 9710.02611199 
828.0 640.0 1.34938498401 8650.61501599 
888.0 652.0 0.129238980003 9870.76102 
939.0 641.0 0.129698900001 9870.3011 
976.0 635.0 0.0513154400012 9948.68456 
32.0 680.0 0.102669936003 9897.330064 
78.0 690.0 0.179174736003 9820.825264 
122.0 680.0 0.239897488003 9760.102512 
175.0 690.0 0.264932288007 9735.06771199 
219.0 686.0 0.362633040008 9637.36695999 
273.0 698.0 0.404083300005 9595.91669999 
314.0 686.0 0.111097176001 9888.902824 
363.0 687.0 0.152588544004 9847.411456 
405.0 689.0 0.137821912003 9862.178088 
458.0 702.0 0.699321400017 9300.67859998 
507.0 694.0 1.46793868803 8532.06131197 
542.0 697.0 1.48904261603 8510.95738397 
585.0 694.0 0.734576452019 9265.42354798 
634.0 680.0 1.16549612801 8834.50387199 
685.0 681.0 0.972104480026 9027.89551997 
747.0 691.0 0.36523472001 9634.76527999 
775.0 697.0 1.48703489202 8512.96510798 
832.0 699.0 2.26260596804 7737.39403196 
887.0 700.0 1.33071200003 8669.28799997 
919.0 686.0 0.187248904005 9812.75109599 
974.0 695.0 0.159719520004 9840.28048 
13.0 736.0 0.0423916000006 9957.6084 
67.0 728.0 0.0840150600005 9915.98494 
123.0 731.0 0.169717640005 9830.28236 
158.0 748.0 0.146111372003 9853.888628 
224.0 734.0 0.188530864005 9811.469136 
259.0 748.0 0.169024684003 9830.975316 
304.0 746.0 0.447721768004 9552.278232 
349.0 727.0 0.128248520003 9871.75148 
415.0 729.0 0.132749108004 9867.250892 
448.0 739.0 0.283167184007 9716.83281599 
489.0 744.0 0.800010112016 9199.98988798 
558.0 730.0 0.989634992025 9010.36500797 
589.0 730.0 1.63073030402 8369.26969598 
652.0 745.0 0.78871814002 9211.28185998 
694.0 746.0 1.21412493602 8785.87506398 
746.0 730.0 0.0511231520008 9948.876848 
779.0 727.0 1.04244020002 8957.55979998 
838.0 735.0 0.639440000017 9360.55999998 
877.0 730.0 2.23342163204 7766.57836796 
926.0 747.0 1.42960888804 8570.39111196 
986.0 731.0 0.217514300003 9782.4857 
26.0 795.0 0.0633054800016 9936.69452 
68.0 796.0 0.0592310480013 9940.768952 
121.0 779.0 0.180056732005 9819.943268 
172.0 783.0 0.184907260005 9815.09273999 
211.0 789.0 0.219265664004 9780.734336 
259.0 787.0 0.175120136004 9824.879864 
306.0 789.0 0.493805224008 9506.19477599 
348.0 794.0 0.555361556003 9444.638444 
415.0 777.0 0.0758181040014 9924.181896 
440.0 794.0 0.0906160000024 9909.384 
504.0 781.0 0.430344364012 9569.65563599 
537.0 791.0 0.488122816003 9511.877184 
597.0 782.0 1.85358853601 8146.41146399 
639.0 795.0 1.48686748004 8513.13251996 
697.0 797.0 1.71999525204 8280.00474796 
729.0 775.0 1.23488237602 8765.11762398 
793.0 776.0 0.512706408013 9487.29359199 
834.0 777.0 0.81530583202 9184.69416798 
887.0 774.0 2.26066250005 7739.33749995 
922.0 774.0 2.55747408004 7442.52591996 
966.0 786.0 2.38984794006 7610.15205994 
30.0 821.0 0.0610160240015 9938.983976 
75.0 828.0 0.134834844002 9865.165156 
130.0 834.0 0.190124080004 9809.87592 
156.0 841.0 0.139941920004 9860.05808 
225.0 825.0 0.230410560001 9769.58944 
254.0 834.0 0.2000167 9799.9833 
303.0 836.0 0.227780000006 9772.21999999 
365.0 842.0 0.622743744014 9377.25625599 
407.0 821.0 0.433567376011 9566.43262399 
441.0 837.0 0.318383392006 9681.61660799 
508.0 839.0 0.177326784004 9822.673216 
546.0 829.0 0.183054568004 9816.945432 
603.0 827.0 0.979322700025 9020.67729998 
638.0 827.0 0.608326080005 9391.67391999 
687.0 824.0 1.98009376004 8019.90623996 
741.0 842.0 2.50059044006 7499.40955994 
779.0 833.0 1.33952082803 8660.47917197 
843.0 837.0 0.0358786400008 9964.12136 
885.0 840.0 0.77528690402 9224.71309598 
938.0 822.0 2.64987660002 7350.12339998 
986.0 833.0 2.79910759205 7200.89240795 
14.0 883.0 0.0489060000007 9951.094 
81.0 882.0 0.121190720003 9878.80928 
128.0 873.0 0.106748928003 9893.251072 
158.0 885.0 0.179216640001 9820.78336 
212.0 887.0 0.0724600000019 9927.54 
261.0 882.0 0.114544420003 9885.45558 
300.0 877.0 0.0875619200016 9912.43808 
365.0 880.0 0.231290768006 9768.70923199 
409.0 878.0 0.70641902402 9293.58097598 
452.0 886.0 0.579225548009 9420.77445199 
507.0 890.0 0.230200000006 9769.79999999 
557.0 870.0 0.0819084960003 9918.091504 
593.0 885.0 0.296551168007 9703.44883199 
653.0 882.0 0.38490212001 9615.09787999 
686.0 870.0 0.899759964023 9100.24003598 
744.0 883.0 2.14769240006 7852.30759994 
792.0 881.0 1.46191743602 8538.08256398 
827.0 875.0 0.828808896022 9171.19110398 
877.0 889.0 0.901802400024 9098.19759998 
924.0 885.0 0.100732088001 9899.267912 
987.0 884.0 1.98055242401 8019.44757599 
23.0 930.0 0.121183408002 9878.816592 
59.0 918.0 0.112192976002 9887.807024 
119.0 937.0 0.222008320002 9777.99168 
177.0 928.0 0.171500000005 9828.5 
210.0 923.0 0.0281206200006 9971.87938 
273.0 920.0 0.0531376080014 9946.862392 
316.0 917.0 0.153572576004 9846.427424 
360.0 917.0 0.200665376006 9799.33462399 
411.0 921.0 0.330663616009 9669.33638399 
457.0 925.0 0.287580000008 9712.41999999 
498.0 919.0 0.252181100006 9747.81889999 
554.0 936.0 0.113580256003 9886.419744 
596.0 938.0 0.231431760003 9768.56824 
636.0 937.0 0.110883392002 9889.116608 
679.0 939.0 0.221756452004 9778.243548 
736.0 917.0 1.69515699202 8304.84300798 
796.0 937.0 0.813199596021 9186.80040398 
835.0 921.0 1.43532350002 8564.67649998 
885.0 936.0 1.35426702002 8645.73297998 
917.0 929.0 1.62328148003 8376.71851997 
966.0 928.0 0.836340000022 9163.65999998 
17.0 964.0 0.0533572680011 9946.642732 
72.0 978.0 0.120293200002 9879.7068 
119.0 982.0 0.165672000004 9834.328 
160.0 969.0 0.146463040002 9853.53696 
223.0 967.0 0.0587096880016 9941.290312 
272.0 987.0 0.078297960002 9921.70204 
301.0 985.0 0.0828970640016 9917.102936 
352.0 980.0 0.0408200000011 9959.18 
400.0 966.0 0.0937626560024 9906.237344 
446.0 980.0 0.0319401880002 9968.059812 
494.0 987.0 0.0159800000004 9984.02 
553.0 971.0 0.0436791040009 9956.320896 
585.0 966.0 0.136247744003 9863.752256 
641.0 977.0 0.330460420009 9669.53957999 
690.0 983.0 0.252532720007 9747.46727999 
734.0 969.0 0.77742000002 9222.57999998 
797.0 969.0 0.0185113680003 9981.488632 
834.0 974.0 0.416620000011 9583.37999999 
877.0 968.0 0.902680000024 9097.31999998 
925.0 982.0 1.75322707605 8246.77292395 
981.0 987.0 1.02604628 8973.95372 
85.0 875.0 0.135711384003 9864.288616 
564.0 56.0 0.0588672000012 9941.1328 
935.0 929.0 0.993151404024 9006.84859598 
94.0 471.0 0.148734180003 9851.26582 
376.0 782.0 0.193710336005 9806.289664 
654.0 779.0 1.58482192004 8415.17807996 
887.0 235.0 0.0787046760022 9921.295324 
50.0 143.0 0.0780410400013 9921.95896 
543.0 302.0 0.863900256021 9136.09974398 
61.0 225.0 0.0592008880013 9940.799112 
586.0 362.0 0.658988944017 9341.01105598 
326.0 358.0 0.347357536009 9652.64246399 
303.0 122.0 0.147584256002 9852.415744 
290.0 892.0 0.0936736080015 9906.326392 
845.0 300.0 0.143300548003 9856.699452 
445.0 683.0 0.607074760014 9392.92523999 
737.0 750.0 0.40408969201 9595.91030799 
665.0 818.0 1.27233328003 8727.66671997 
682.0 839.0 1.59528348004 8404.71651996 
980.0 508.0 0.346159360009 9653.84063999 
458.0 719.0 0.708921544016 9291.07845598 
118.0 986.0 0.0549657720011 9945.034228 
10.0 985.0 0.0380675920007 9961.932408 
114.0 326.0 0.0865803600014 9913.41964 
387.0 698.0 0.208808324004 9791.191676 
81.0 930.0 0.190968880002 9809.03112 
580.0 778.0 1.38411624004 8615.88375996 
671.0 723.0 1.08268020001 8917.31979999 
548.0 206.0 0.567441700014 9432.55829999 
752.0 813.0 1.88047500003 8119.52499997 
639.0 201.0 0.0939740640023 9906.025936 
625.0 76.0 0.0965925400019 9903.40746 
336.0 970.0 0.0819696000022 9918.0304 
41.0 137.0 0.102792856003 9897.207144 
