1000.0 1000.0
25.0 11.0 0.0346936320009 9965.306368 
58.0 18.0 0.0814070400012 9918.59296 
111.0 24.0 0.0852682240018 9914.731776 
161.0 21.0 0.0486686960006 9951.331304 
210.0 11.0 0.0527364480012 9947.263552 
243.0 29.0 0.0820486720015 9917.951328 
291.0 28.0 0.0262995600005 9973.70044 
351.0 27.0 0.0460809200011 9953.91908 
388.0 32.0 0.0623272960016 9937.672704 
436.0 26.0 0.0338712120009 9966.128788 
467.0 20.0 0.0674328760018 9932.567124 
522.0 20.0 0.0698863000012 9930.1137 
575.0 14.0 0.0371148800011 9962.88512 
607.0 31.0 0.060209196001 9939.790804 
660.0 23.0 0.0607107680013 9939.289232 
703.0 29.0 0.0699756800018 9930.02432 
755.0 18.0 0.0368161960008 9963.183804 
804.0 14.0 0.0254751200006 9974.52488 
830.0 22.0 0.0890276000022 9910.9724 
890.0 31.0 0.0283445560004 9971.655444 
938.0 17.0 0.0360038840007 9963.996116 
968.0 33.0 0.0511835960007 9948.816404 
19.0 78.0 0.082931784002 9917.068216 
70.0 64.0 0.186201708004 9813.798292 
121.0 77.0 0.200626520005 9799.37348 
165.0 64.0 0.0604851360015 9939.514864 
206.0 59.0 0.123793280003 9876.20672 
259.0 73.0 0.189261792001 9810.738208 
302.0 61.0 0.126121228002 9873.878772 
346.0 77.0 0.0785452360018 9921.454764 
379.0 68.0 0.111038116002 9888.961884 
431.0 59.0 0.110082320002 9889.91768 
473.0 79.0 0.129073340002 9870.92666 
511.0 78.0 0.178949872005 9821.050128 
575.0 60.0 0.150406908003 9849.593092 
622.0 67.0 0.112858892002 9887.141108 
669.0 72.0 0.149306640004 9850.69336 
707.0 67.0 0.0926278400024 9907.37216 
745.0 59.0 0.100365564002 9899.634436 
802.0 69.0 0.221226056006 9778.77394399 
835.0 67.0 0.182192920005 9817.80707999 
890.0 64.0 0.130676992002 9869.323008 
943.0 61.0 0.0626045200015 9937.39548 
982.0 64.0 0.121532120003 9878.46788 
16.0 102.0 0.0545343360014 9945.465664 
72.0 118.0 0.167878684004 9832.121316 
104.0 105.0 0.215079544004 9784.920456 
148.0 106.0 0.311386236009 9688.61376399 
204.0 117.0 0.258111280006 9741.88871999 
253.0 105.0 0.163412368004 9836.587632 
291.0 111.0 0.284302500007 9715.69749999 
332.0 112.0 0.153206520004 9846.79348 
385.0 111.0 0.224769192003 9775.230808 
424.0 104.0 0.233913852004 9766.086148 
468.0 105.0 0.150725140003 9849.27486 
532.0 121.0 0.115802432002 9884.197568 
559.0 108.0 0.231994840004 9768.00516 
608.0 108.0 0.193415100002 9806.5849 
657.0 122.0 0.181592168004 9818.407832 
715.0 108.0 0.138285120002 9861.71488 
743.0 124.0 0.097824640002 9902.17536 
805.0 102.0 0.161377760004 9838.62224 
846.0 104.0 0.312745556004 9687.254444 
888.0 119.0 0.354815296007 9645.18470399 
929.0 120.0 0.279562720007 9720.43727999 
979.0 123.0 0.0880640960025 9911.935904 
31.0 151.0 0.0436676600012 9956.33234 
59.0 156.0 0.0842555360012 9915.744464 
107.0 166.0 0.169977760002 9830.02224 
164.0 153.0 0.443960904007 9556.03909599 
196.0 168.0 0.404573536012 9595.42646399 
259.0 160.0 0.318233260008 9681.76673999 
301.0 156.0 0.246300096005 9753.69990399 
330.0 157.0 0.321856940007 9678.14305999 
395.0 166.0 0.150025464004 9849.974536 
426.0 151.0 0.299261360003 9700.73864 
469.0 153.0 0.211654660003 9788.34534 
515.0 162.0 0.0947879520025 9905.212048 
568.0 155.0 0.222877836003 9777.122164 
616.0 170.0 0.320795192007 9679.20480799 
658.0 163.0 0.271117600007 9728.88239999 
709.0 156.0 0.204201312005 9795.79868799 
744.0 151.0 0.326358520008 9673.64147999 
792.0 165.0 0.082939452002 9917.060548 
833.0 163.0 0.169317208004 9830.682792 
890.0 157.0 0.411377280009 9588.62271999 
931.0 151.0 0.255473580007 9744.52641999 
985.0 149.0 0.0495000000013 9950.5 
13.0 207.0 0.045688340001 9954.31166 
64.0 205.0 0.120822240003 9879.17776 
118.0 200.0 0.121001688003 9878.998312 
167.0 210.0 0.413119108006 9586.88089199 
208.0 198.0 0.464332448009 9535.66755199 
261.0 201.0 0.456133600006 9543.86639999 
288.0 198.0 0.420757408009 9579.24259199 
336.0 210.0 0.570302500006 9429.69749999 
389.0 198.0 0.231682128006 9768.31787199 
430.0 194.0 0.370746912005 9629.253088 
485.0 210.0 0.304334780008 9695.66521999 
514.0 209.0 0.249606932007 9750.39306799 
557.0 215.0 0.100490672003 9899.509328 
617.0 200.0 0.304192556008 9695.80744399 
658.0 203.0 0.503340704006 9496.65929599 
710.0 195.0 0.576061908006 9423.93809199 
757.0 195.0 0.795662624012 9204.33737599 
789.0 205.0 0.276528288007 9723.47171199 
844.0 214.0 0.252024860004 9747.97514 
897.0 200.0 0.503824164012 9496.17583599 
932.0 209.0 0.328015328008 9671.98467199 
976.0 203.0 0.179110576005 9820.889424 
29.0 258.0 0.054673900001 9945.3261 
68.0 242.0 0.0685115840014 9931.488416 
105.0 247.0 0.132087156001 9867.912844 
159.0 248.0 0.298233340007 9701.76665999 
207.0 249.0 0.502360928011 9497.63907199 
256.0 240.0 0.238834768006 9761.16523199 
293.0 247.0 0.756874192018 9243.12580798 
335.0 246.0 0.169270020004 9830.72998 
377.0 248.0 0.507955096003 9492.044904 
437.0 247.0 0.329952400008 9670.04759999 
479.0 251.0 0.489872864012 9510.12713599 
520.0 258.0 0.501278576008 9498.72142399 
569.0 253.0 0.00822000000022 9991.78 
615.0 246.0 0.0527840960015 9947.215904 
649.0 245.0 0.0766681120007 9923.331888 
698.0 255.0 0.0287104960003 9971.289504 
744.0 247.0 0.239720448006 9760.27955199 
788.0 244.0 0.802788288019 9197.21171198 
848.0 259.0 0.170168000005 9829.832 
882.0 244.0 0.217022744006 9782.97725599 
933.0 239.0 0.546889568011 9453.11043199 
976.0 245.0 0.203515136005 9796.484864 
28.0 300.0 0.118197280003 9881.80272 
69.0 303.0 0.0594728000013 9940.5272 
103.0 291.0 0.0909222800012 9909.07772 
160.0 296.0 0.240264824005 9759.73517599 
209.0 287.0 0.498518940011 9501.48105999 
245.0 304.0 0.709458000016 9290.54199998 
300.0 304.0 1.03420112801 8965.79887199 
348.0 302.0 0.637858728016 9362.14127198 
395.0 301.0 0.524091300009 9475.90869999 
429.0 288.0 0.0300640800001 9969.93592 
486.0 304.0 0.478408576011 9521.59142399 
514.0 293.0 0.52968917201 9470.31082799 
559.0 287.0 0.295964288004 9704.035712 
615.0 292.0 0.339824672008 9660.17532799 
649.0 303.0 0.0991833960018 9900.816604 
715.0 300.0 0.00832000000022 9991.68 
748.0 291.0 0.289767360007 9710.23263999 
804.0 300.0 0.837659880007 9162.34011999 
848.0 299.0 0.215796736005 9784.203264 
881.0 290.0 0.277868056007 9722.13194399 
923.0 295.0 0.496600500011 9503.39949999 
981.0 286.0 0.0332800000009 9966.72 
33.0 337.0 0.0633929920013 9936.607008 
60.0 336.0 0.154586084001 9845.413916 
112.0 351.0 0.205195224003 9794.804776 
151.0 342.0 0.0949448000018 9905.0552 
213.0 338.0 0.348834560009 9651.16543999 
257.0 342.0 0.553470340014 9446.52965999 
300.0 337.0 0.981818560026 9018.18143997 
333.0 339.0 1.09731769602 8902.68230398 
396.0 344.0 0.484316080013 9515.68391999 
422.0 345.0 0.561477888011 9438.52211199 
486.0 351.0 0.502528752013 9497.47124799 
521.0 351.0 0.900202592021 9099.79740798 
577.0 330.0 0.479449120013 9520.55087999 
623.0 332.0 0.463898432006 9536.10156799 
668.0 343.0 0.486950472013 9513.04952799 
710.0 349.0 0.226251472006 9773.74852799 
755.0 347.0 0.116096160002 9883.90384 
787.0 348.0 0.358336960009 9641.66303999 
834.0 347.0 0.769814112012 9230.18588799 
884.0 343.0 0.279004072002 9720.995928 
933.0 340.0 0.50577750801 9494.22249199 
975.0 343.0 0.527063000012 9472.93699999 
31.0 394.0 0.0685685920016 9931.431408 
79.0 387.0 0.125718800003 9874.2812 
104.0 383.0 0.184050200004 9815.9498 
159.0 388.0 0.291114000006 9708.88599999 
193.0 384.0 0.205445900004 9794.5541 
247.0 391.0 0.243554640006 9756.44535999 
303.0 375.0 1.24077140001 8759.22859999 
331.0 378.0 0.743775184019 9256.22481598 
389.0 381.0 0.417149540011 9582.85045999 
430.0 387.0 0.642889600014 9357.11039999 
484.0 375.0 0.885334452011 9114.66554799 
525.0 375.0 1.12918076802 8870.81923198 
563.0 395.0 1.29205858001 8707.94141999 
612.0 383.0 0.839371312022 9160.62868798 
654.0 382.0 0.489286180004 9510.71382 
701.0 388.0 0.541585844008 9458.41415599 
750.0 382.0 0.088906420002 9911.09358 
787.0 388.0 0.183133920003 9816.86608 
833.0 382.0 0.85147040002 9148.52959998 
886.0 387.0 0.594415532015 9405.58446798 
928.0 382.0 0.440251080008 9559.74891999 
983.0 382.0 0.655479184004 9344.520816 
20.0 420.0 0.0646321280009 9935.367872 
78.0 422.0 0.170345424004 9829.654576 
114.0 422.0 0.205187480005 9794.81252 
166.0 423.0 0.153635760003 9846.36424 
196.0 421.0 0.346355588004 9653.644412 
240.0 430.0 0.393592360009 9606.40763999 
305.0 439.0 0.0279889120003 9972.011088 
332.0 422.0 1.22900299202 8770.99700798 
378.0 437.0 1.26551726403 8734.48273597 
423.0 424.0 0.48580198401 9514.19801599 
473.0 429.0 0.0690797800014 9930.92022 
522.0 422.0 0.063345568001 9936.654432 
579.0 427.0 0.730008096019 9269.99190398 
605.0 436.0 1.27678400004 8723.21599996 
647.0 422.0 0.00836000000022 9991.64 
707.0 423.0 0.597608000016 9402.39199998 
744.0 431.0 0.637101800016 9362.89819998 
795.0 434.0 0.875683736021 9124.31626398 
839.0 424.0 1.014255624 8985.744376 
893.0 429.0 0.266960000007 9733.03999999 
937.0 423.0 0.492192000006 9507.80799999 
970.0 427.0 0.80419576001 9195.80423999 
22.0 468.0 0.0650311600006 9934.96884 
65.0 472.0 0.117590080001 9882.40992 
112.0 467.0 0.156008288002 9843.991712 
152.0 483.0 0.260846476006 9739.15352399 
197.0 469.0 0.454504668012 9545.49533199 
253.0 474.0 0.629995268017 9370.00473198 
298.0 473.0 0.626059960016 9373.94003998 
331.0 480.0 1.21004544003 8789.95455997 
375.0 484.0 1.59076230401 8409.23769599 
421.0 482.0 1.25482744003 8745.17255997 
483.0 466.0 0.0631351880014 9936.864812 
525.0 479.0 0.120225680003 9879.77432 
570.0 473.0 0.437321880011 9562.67811999 
609.0 487.0 1.25217894002 8747.82105998 
656.0 482.0 0.578523360015 9421.47663999 
708.0 466.0 0.681727396005 9318.272604 
759.0 466.0 0.813879604023 9186.12039598 
802.0 474.0 1.54088155204 8459.11844796 
836.0 481.0 1.43061390002 8569.38609998 
889.0 467.0 0.118308244003 9881.691756 
941.0 470.0 0.513548364014 9486.45163599 
972.0 476.0 1.01983776002 8980.16223998 
32.0 531.0 1.01983776002 8980.16223998 
69.0 515.0 0.110592944002 9889.407056 
109.0 528.0 0.145630144003 9854.369856 
150.0 533.0 0.242293040004 9757.70696 
199.0 511.0 0.418689408011 9581.31059199 
246.0 514.0 0.591574480012 9408.42551999 
300.0 531.0 0.843030876017 9156.96912398 
340.0 512.0 1.61222600004 8387.77399996 
385.0 522.0 2.07533036004 7924.66963996 
438.0 521.0 2.20624920004 7793.75079996 
482.0 515.0 0.733674336019 9266.32566398 
520.0 526.0 0.180591648004 9819.408352 
576.0 516.0 0.946512576023 9053.48742398 
613.0 520.0 1.30574724002 8694.25275998 
649.0 533.0 1.57706162402 8422.93837598 
695.0 530.0 0.804945520021 9195.05447998 
745.0 518.0 0.045255728001 9954.744272 
793.0 528.0 0.620235260016 9379.76473998 
838.0 520.0 2.03200894004 7967.99105996 
884.0 523.0 0.583703180015 9416.29681999 
940.0 521.0 0.325013120008 9674.98687999 
982.0 525.0 0.732743000016 9267.25699998 
12.0 573.0 0.0266270520005 9973.372948 
78.0 577.0 0.036042880001 9963.95712 
114.0 562.0 0.125922960003 9874.07704 
164.0 560.0 0.109942256003 9890.057744 
209.0 567.0 0.168246452003 9831.753548 
242.0 559.0 0.215888928003 9784.111072 
301.0 563.0 0.377382640008 9622.61735999 
350.0 564.0 0.705646640013 9294.35335999 
385.0 577.0 0.917917300024 9082.08269998 
441.0 560.0 1.26630620803 8733.69379197 
466.0 567.0 2.35388908006 7646.11091994 
524.0 557.0 0.75450544002 9245.49455998 
571.0 578.0 0.130457472003 9869.542528 
604.0 558.0 0.620530944015 9379.46905599 
648.0 578.0 1.07339552003 8926.60447997 
699.0 564.0 1.41017702403 8589.82297597 
759.0 558.0 0.0717921680015 9928.207832 
788.0 572.0 0.669499712016 9330.50028798 
839.0 578.0 2.04729495203 7952.70504797 
884.0 562.0 0.610674180015 9389.32581998 
922.0 577.0 0.645166640015 9354.83335998 
979.0 571.0 0.305560000008 9694.43999999 
24.0 606.0 0.0321511800004 9967.84882 
72.0 605.0 0.0163800000004 9983.62 
116.0 603.0 0.104445280003 9895.55472 
169.0 614.0 0.130326992001 9869.673008 
209.0 619.0 0.118719600003 9881.2804 
254.0 608.0 0.0521535000011 9947.8465 
291.0 624.0 0.167814752004 9832.185248 
343.0 602.0 0.393040200009 9606.95979999 
376.0 613.0 0.851256824014 9148.74317599 
429.0 620.0 1.35001736003 8649.98263997 
485.0 610.0 2.94311656006 7056.88343994 
519.0 604.0 0.848215536022 9151.78446398 
560.0 603.0 0.116455420001 9883.54458 
612.0 624.0 0.1527742 9847.2258 
664.0 606.0 0.976781260026 9023.21873997 
701.0 602.0 1.69796304002 8302.03695998 
748.0 611.0 1.73567939204 8264.32060796 
793.0 610.0 2.22977586406 7770.22413594 
838.0 613.0 1.75949428805 8240.50571195 
882.0 603.0 1.98995144003 8010.04855997 
929.0 613.0 0.682837260015 9317.16273999 
974.0 613.0 0.0327000000009 9967.3 
33.0 662.0 0.0244200000006 9975.58 
70.0 651.0 0.0280406720006 9971.959328 
116.0 657.0 0.0894654280023 9910.534572 
166.0 668.0 0.127368644003 9872.631356 
198.0 653.0 0.207063200006 9792.93679999 
246.0 653.0 0.280553000004 9719.447 
301.0 658.0 0.335155080008 9664.84491999 
350.0 661.0 0.561586764013 9438.41323599 
376.0 662.0 0.633222176017 9366.77782398 
421.0 665.0 0.672201984013 9327.79801599 
486.0 663.0 0.823935460022 9176.06453998 
523.0 654.0 2.83256552806 7167.43447194 
570.0 669.0 3.08468115204 6915.31884796 
603.0 649.0 0.891380000023 9108.61999998 
659.0 648.0 0.198560096001 9801.439904 
715.0 668.0 0.741585752019 9258.41424798 
754.0 655.0 1.76753300004 8232.46699996 
785.0 663.0 1.87986993204 8120.13006796 
837.0 669.0 1.73313760005 8266.86239995 
887.0 647.0 2.08358612001 7916.41387999 
924.0 665.0 1.23892119203 8761.07880797 
969.0 650.0 0.153874880002 9846.12512 
12.0 697.0 0.0277456400003 9972.25436 
73.0 713.0 0.102464960003 9897.53504 
104.0 711.0 0.118697400003 9881.3026 
157.0 707.0 0.0756795760012 9924.320424 
203.0 706.0 0.155436192003 9844.563808 
255.0 708.0 0.242700512005 9757.299488 
298.0 708.0 0.201134040005 9798.86596 
348.0 707.0 0.101671512002 9898.328488 
394.0 705.0 0.350291992009 9649.70800799 
437.0 711.0 0.608860584015 9391.13941599 
472.0 700.0 0.0623065360016 9937.693464 
529.0 715.0 0.106073924001 9893.926076 
568.0 694.0 1.75602903205 8243.97096795 
609.0 714.0 2.71483545606 7285.16454394 
652.0 694.0 1.80267774005 8197.32225995 
704.0 698.0 0.178135160004 9821.86484 
742.0 711.0 0.299180944008 9700.81905599 
805.0 700.0 2.10261000001 7897.38999999 
837.0 709.0 1.18571680003 8814.28319997 
896.0 699.0 2.72360760006 7276.39239994 
931.0 712.0 1.27109680803 8728.90319197 
986.0 701.0 0.1224528 9877.5472 
33.0 739.0 0.0684728000015 9931.5272 
64.0 747.0 0.106776448002 9893.223552 
106.0 754.0 0.151317280001 9848.68272 
168.0 739.0 0.0583973760014 9941.602624 
200.0 747.0 0.127893528002 9872.106472 
259.0 756.0 0.249817280004 9750.18272 
286.0 739.0 0.276491676003 9723.508324 
335.0 753.0 0.276127452007 9723.87254799 
382.0 742.0 0.145633500003 9854.3665 
429.0 746.0 0.510303880013 9489.69611999 
470.0 743.0 0.818522980014 9181.47701999 
523.0 759.0 0.681670620012 9318.32937999 
572.0 745.0 2.06147993605 7938.52006395 
606.0 741.0 0.948916240025 9051.08375998 
667.0 752.0 3.36249180004 6637.50819996 
712.0 759.0 2.07188088005 7928.11911995 
740.0 759.0 1.08471351603 8915.28648397 
786.0 755.0 0.700081808018 9299.91819198 
843.0 741.0 2.10766630004 7892.33369996 
895.0 752.0 3.88597203208 6114.02796792 
927.0 742.0 3.23372072007 6766.27927993 
976.0 741.0 0.0648600000017 9935.14 
21.0 792.0 0.0448141600007 9955.18584 
70.0 804.0 0.0327200000009 9967.28 
124.0 800.0 0.219265232006 9780.73476799 
159.0 801.0 0.149076400004 9850.9236 
214.0 786.0 0.133970052003 9866.029948 
257.0 799.0 0.0774900200015 9922.50998 
304.0 785.0 0.355010144007 9644.98985599 
351.0 784.0 0.311513000009 9688.48699999 
394.0 785.0 0.283133760006 9716.86623999 
432.0 791.0 0.361603504007 9638.39649599 
487.0 793.0 0.557067280014 9442.93271999 
533.0 806.0 0.614228820012 9385.77117999 
569.0 792.0 0.318720000008 9681.27999999 
614.0 787.0 0.172308920004 9827.69108 
658.0 800.0 1.97067410405 8029.32589595 
713.0 789.0 3.25400060005 6745.99939995 
749.0 785.0 0.392114720005 9607.88527999 
803.0 787.0 1.30425751203 8695.74248797 
841.0 802.0 1.38926209204 8610.73790796 
888.0 794.0 1.22633308003 8773.66691997 
929.0 786.0 4.47341548004 5526.58451996 
988.0 800.0 0.0127727960003 9987.227204 
32.0 839.0 0.0363162240004 9963.683776 
61.0 830.0 0.0621865200014 9937.81348 
116.0 843.0 0.158992552003 9841.007448 
154.0 848.0 0.291273208004 9708.726792 
206.0 851.0 0.317263620003 9682.73638 
247.0 830.0 0.194226240004 9805.77376 
305.0 839.0 0.502652500012 9497.34749999 
332.0 835.0 0.636784680016 9363.21531998 
380.0 848.0 0.283601408002 9716.398592 
435.0 847.0 0.200355088005 9799.644912 
483.0 845.0 0.233977600006 9766.02239999 
524.0 846.0 0.37726988801 9622.73011199 
560.0 846.0 0.661841984012 9338.15801599 
613.0 833.0 0.290208072007 9709.79192799 
664.0 838.0 0.260174400007 9739.82559999 
693.0 839.0 0.262904352002 9737.095648 
738.0 834.0 3.40550422405 6594.49577595 
793.0 841.0 3.39069840405 6609.30159595 
850.0 841.0 3.51191758404 6488.08241596 
876.0 850.0 2.26430920006 7735.69079994 
942.0 843.0 4.24303707205 5756.96292795 
977.0 850.0 1.23086000003 8769.13999997 
28.0 884.0 0.0733760720006 9926.623928 
77.0 884.0 0.114972704003 9885.027296 
109.0 881.0 0.119800840002 9880.19916 
167.0 892.0 0.309554016007 9690.44598399 
195.0 888.0 0.298936708008 9701.06329199 
253.0 881.0 0.348112480009 9651.88751999 
294.0 878.0 0.702360372019 9297.63962798 
339.0 886.0 1.09952244803 8900.47755197 
382.0 885.0 0.512942116013 9487.05788399 
425.0 895.0 0.806418480021 9193.58151998 
466.0 878.0 0.392646336006 9607.35366399 
521.0 879.0 0.683717584012 9316.28241599 
575.0 883.0 0.874842096021 9125.15790398 
622.0 888.0 0.97086989601 9029.13010399 
663.0 881.0 0.38042248801 9619.57751199 
710.0 876.0 1.21074036003 8789.25963997 
744.0 893.0 1.79919798404 8200.80201596 
806.0 878.0 1.32059196003 8679.40803997 
835.0 891.0 0.595930672015 9404.06932798 
876.0 880.0 3.86925145607 6130.74854393 
932.0 896.0 3.95793336006 6042.06663994 
968.0 884.0 4.15066159206 5849.33840794 
31.0 936.0 0.0535046000011 9946.4954 
58.0 926.0 0.0941134360023 9905.886564 
113.0 930.0 0.234951200006 9765.04879999 
153.0 934.0 0.368551576008 9631.44842399 
208.0 922.0 0.437542844012 9562.45715599 
247.0 928.0 0.554389356002 9445.610644 
306.0 932.0 0.817438060017 9182.56193998 
340.0 931.0 1.15626574401 8843.73425599 
395.0 937.0 1.26067647203 8739.32352797 
440.0 934.0 1.38457366002 8615.42633998 
477.0 921.0 0.893798880023 9106.20111998 
531.0 939.0 0.880057472021 9119.94252798 
568.0 927.0 0.476088500012 9523.91149999 
606.0 936.0 0.710183216018 9289.81678398 
665.0 923.0 0.921937460018 9078.06253998 
707.0 926.0 1.12972835201 8870.27164799 
740.0 934.0 1.44403748803 8555.96251197 
795.0 936.0 1.39252410404 8607.47589596 
840.0 933.0 1.39081940001 8609.18059999 
892.0 930.0 1.52090698004 8479.09301996 
938.0 922.0 1.52671840004 8473.28159996 
969.0 935.0 2.29650000006 7703.49999994 
28.0 986.0 0.0354992000003 9964.5008 
74.0 975.0 0.0899137760024 9910.086224 
119.0 983.0 0.210410168005 9789.589832 
148.0 973.0 0.161384432004 9838.615568 
204.0 987.0 0.0553087800013 9944.69122 
243.0 967.0 0.310680408008 9689.31959199 
292.0 966.0 0.635044024017 9364.95597598 
350.0 984.0 0.343898960009 9656.10103999 
384.0 984.0 0.381708448009 9618.29155199 
426.0 969.0 0.749663232018 9250.33676798 
482.0 975.0 1.24294776003 8757.05223997 
521.0 983.0 1.45527193602 8544.72806398 
579.0 971.0 0.932717412023 9067.28258798 
607.0 986.0 0.432420000011 9567.57999999 
666.0 976.0 0.297300896008 9702.69910399 
698.0 984.0 0.339203060008 9660.79693999 
754.0 985.0 0.444558472011 9555.44152799 
796.0 988.0 0.427100000011 9572.89999999 
850.0 968.0 1.40263117601 8597.36882399 
883.0 976.0 1.49106339204 8508.93660796 
925.0 976.0 1.55573084004 8444.26915996 
968.0 981.0 1.05445468003 8945.54531997 
0.0 478.0 0.0262564480005 9973.743552 
506.0 784.0 0.417415356011 9582.58464399 
300.0 482.0 0.698180000018 9301.81999998 
27.0 324.0 0.0925963720022 9907.403628 
349.0 601.0 0.298045688008 9701.95431199 
269.0 788.0 0.0725000000019 9927.5 
17.0 34.0 0.0357284800009 9964.27152 
508.0 229.0 0.247303280006 9752.69671999 
142.0 910.0 0.149517388004 9850.482612 
424.0 887.0 0.97490700002 9025.09299998 
298.0 154.0 0.236870820006 9763.12917999 
662.0 669.0 0.0866738800016 9913.32612 
626.0 737.0 2.93423023206 7065.76976794 
184.0 137.0 0.321148960006 9678.85103999 
35.0 224.0 0.0339894960008 9966.010504 
190.0 828.0 0.147242612003 9852.757388 
