500.0 0.0
25.0 26.0 0.00832000000022 9916.8 
66.0 20.0 0.0199834800005 9800.1652 
114.0 26.0 0.0242820000006 9757.17999999 
173.0 19.0 0.0242820000006 9757.17999999 
225.0 15.0 0.0303609000002 9696.391 
282.0 16.0 0.0623576060012 9376.42393999 
318.0 27.0 0.0524691636014 9475.30836399 
365.0 35.0 0.0493320000013 9506.67999999 
433.0 18.0 0.0837809304018 9162.19069598 
462.0 33.0 0.15632696 8436.7304 
28.0 79.0 0.013009152 9869.90848 
85.0 64.0 0.0341080792004 9658.919208 
116.0 75.0 0.0657057400009 9342.94259999 
187.0 81.0 0.0502603600013 9497.39639999 
213.0 84.0 0.106412000003 8935.87999997 
283.0 69.0 0.0427425280006 9572.57471999 
317.0 67.0 0.289098688006 7109.01311994 
372.0 71.0 0.0269352840001 9730.64716 
435.0 74.0 0.127049292003 8729.50707997 
464.0 77.0 0.163585608004 8364.14391996 
20.0 115.0 0.0164000000004 9836.0 
87.0 124.0 0.0528504268009 9471.49573199 
134.0 124.0 0.117484132002 8825.15867998 
175.0 131.0 0.201997686003 7980.02313997 
227.0 130.0 0.219566745605 7804.33254395 
267.0 132.0 0.106280000003 8937.19999997 
330.0 118.0 0.660400971202 3395.99028798 
385.0 134.0 0.253936000007 7460.63999993 
421.0 124.0 0.0664832160012 9335.16783999 
473.0 128.0 0.115933192001 8840.66807999 
19.0 170.0 0.0316145600005 9683.85439999 
65.0 176.0 0.0247600000006 9752.39999999 
120.0 167.0 0.094594803202 9054.05196798 
172.0 177.0 0.145913855201 8540.86144799 
225.0 184.0 0.216741072003 7832.58927997 
270.0 178.0 0.232934900006 7670.65099994 
331.0 168.0 0.831151489611 1688.48510389 
371.0 184.0 0.253962000007 7460.37999993 
414.0 166.0 0.0278053360004 9721.94664 
478.0 173.0 0.0441869000011 9558.13099999 
19.0 221.0 0.0370787512004 9629.212488 
70.0 219.0 0.0282224880002 9717.77512 
115.0 217.0 0.0610718140012 9389.28185999 
174.0 227.0 0.257660556806 7423.39443194 
223.0 220.0 0.233055824006 7669.44175994 
265.0 236.0 0.799683272009 2003.16727991 
316.0 219.0 0.81776001121 1822.3998879 
382.0 231.0 0.0573515240005 9426.48476 
421.0 231.0 0.0484111136015 9515.88886398 
467.0 231.0 0.0328280000009 9671.71999999 
22.0 269.0 0.0363015360006 9636.98463999 
67.0 278.0 0.109564928803 8904.35071197 
124.0 285.0 0.409642871609 5903.57128391 
174.0 286.0 0.634074960012 3659.25039988 
225.0 283.0 0.656508332409 3434.91667591 
272.0 281.0 0.707207295213 2927.92704787 
337.0 286.0 0.0328480000009 9671.51999999 
364.0 263.0 0.0353316608005 9646.68339199 
418.0 263.0 0.0676602836017 9323.39716398 
464.0 284.0 0.0418934080005 9581.06592 
16.0 330.0 0.0611141080002 9388.85892 
73.0 314.0 0.148547146402 8514.52853598 
126.0 326.0 0.302430967207 6975.69032793 
163.0 313.0 0.435579900008 5644.20099992 
214.0 312.0 0.37999375441 6200.0624559 
282.0 327.0 0.249080169606 7509.19830394 
318.0 320.0 0.0756840831999 9243.159168 
387.0 321.0 0.092238350002 9077.61649998 
413.0 328.0 0.0816440000021 9183.55999998 
480.0 321.0 0.0270019000004 9729.981 
15.0 366.0 0.0269459072003 9730.540928 
82.0 378.0 0.0276708060005 9723.29193999 
126.0 379.0 0.107431834403 8925.68165597 
169.0 366.0 0.311952196006 6880.47803994 
229.0 365.0 0.0462529544009 9537.47045599 
275.0 382.0 0.0675468880007 9324.53111999 
329.0 374.0 0.0973886608015 9026.11339198 
365.0 374.0 0.120056423203 8799.43576797 
417.0 370.0 0.170032184004 8299.67815996 
472.0 379.0 0.100291466403 8997.08533597 
34.0 423.0 0.0731699840019 9268.30015998 
81.0 424.0 0.148966660003 8510.33339997 
136.0 435.0 0.203557450003 7964.42549997 
180.0 414.0 0.228261750001 7717.38249999 
214.0 428.0 0.0739080000019 9260.91999998 
286.0 423.0 0.0276305592002 9723.694408 
316.0 434.0 0.0164720000004 9835.28 
377.0 435.0 0.0704745280013 9295.25471999 
419.0 425.0 0.162361340403 8376.38659597 
486.0 431.0 0.0296233600006 9703.76639999 
31.0 472.0 0.0369474640008 9630.52535999 
70.0 485.0 0.0362839744006 9637.16025599 
114.0 469.0 0.0756449208021 9243.55079198 
178.0 471.0 0.136339691603 8636.60308397 
218.0 481.0 0.0210662700004 9789.3373 
273.0 479.0 0.00835800000022 9916.42 
337.0 472.0 0.0194512979998 9805.48702 
369.0 469.0 0.034308152001 9656.91847999 
434.0 478.0 0.0745353736013 9254.64626399 
480.0 484.0 0.0277367456006 9722.63254399 
