500.0 0.0
141.0 111.0 0.0348339880004 9651.66012 
220.0 118.0 0.100509320001 8994.90679999 
311.0 74.0 0.313029025606 6869.70974394 
452.0 55.0 0.268222528004 7317.77471996 
164.0 239.0 0.0867360208011 9132.63979199 
208.0 208.0 0.141730000001 8582.69999999 
306.0 150.0 0.272628226402 7273.71773598 
387.0 95.0 0.341409050003 6585.90949997 
81.0 148.0 0.00797800000021 9920.22 
221.0 346.0 0.0165980000004 9834.02 
315.0 282.0 0.0165980000004 9834.02 
375.0 181.0 0.0655320000017 9344.67999998 
94.0 216.0 0.0408725124005 9591.274876 
111.0 347.0 0.0270814184004 9729.185816 
281.0 338.0 0.0270814184004 9729.185816 
388.0 343.0 0.0180283600001 9819.7164 
266.0 178.0 0.198976057603 8010.23942397 
164.0 285.0 0.035597675201 9644.02324799 
146.0 353.0 0.0438054104006 9561.94589599 
373.0 268.0 0.00830800000022 9916.92 
