500.0 0.0
86.0 70.0 0.00807200000021 9919.28 
147.0 57.0 0.0347197320004 9652.80268 
278.0 83.0 0.0736660000019 9263.33999998 
380.0 43.0 0.0501968400007 9498.03159999 
452.0 52.0 0.0914191168018 9085.80883198 
67.0 132.0 0.0148605519998 9851.39448 
178.0 130.0 0.114491447202 8855.08552798 
247.0 146.0 0.211754676004 7882.45323996 
362.0 122.0 0.00799000000021 9920.1 
423.0 112.0 0.0730960580017 9269.03941998 
117.0 248.0 0.111459316801 8885.40683199 
194.0 250.0 0.169830600003 8301.69399997 
262.0 217.0 0.215572567201 7844.27432799 
339.0 197.0 0.0178240919997 9821.75908 
428.0 188.0 0.0348011168002 9651.988832 
88.0 310.0 0.0651184680008 9348.81531999 
178.0 326.0 0.0918264160018 9081.73583998 
253.0 338.0 0.155754244003 8442.45755997 
332.0 340.0 0.1246203808 8753.796192 
384.0 312.0 0.0492580000013 9507.41999999 
89.0 389.0 0.0435970824007 9564.02917599 
136.0 405.0 0.0404361160008 9595.63883999 
203.0 416.0 0.0685667480008 9314.33251999 
279.0 403.0 0.0978761676006 9021.23832399 
373.0 405.0 0.0672398128013 9327.60187199 
