500.0 0.0
81.0 84.0 0.00828000000022 9917.2 
167.0 83.0 0.0164920000004 9835.08 
258.0 103.0 0.0123106656003 9876.893344 
409.0 90.0 0.0165180000004 9834.82 
471.0 48.0 0.0132926399997 9867.0736 
87.0 145.0 0.0582266880013 9417.73311999 
160.0 158.0 0.0434871216006 9565.12878399 
282.0 147.0 0.00819400000022 9918.06 
422.0 150.0 0.0371852684004 9628.147316 
436.0 198.0 0.0288420000008 9711.57999999 
71.0 247.0 0.061656454001 9383.43545999 
183.0 249.0 0.0325980000009 9674.01999999 
258.0 221.0 0.0158206287997 9841.793712 
327.0 221.0 0.0162340000004 9837.66 
417.0 268.0 0.0244600000006 9755.39999999 
86.0 313.0 0.0318375440001 9681.62456 
172.0 320.0 0.0167632352 9832.367648 
278.0 307.0 0.0167632352 9832.367648 
355.0 294.0 0.0180697380001 9819.30262 
431.0 341.0 0.0679563000009 9320.43699999 
54.0 387.0 0.0147933760003 9852.06624 
146.0 439.0 0.0127651584003 9872.348416 
204.0 411.0 0.0168414615998 9831.585384 
269.0 444.0 0.00825400000022 9917.46 
435.0 408.0 0.0638596680007 9361.40331999 
265.0 31.0 0.0638596680007 9361.40331999 
379.0 419.0 0.0298344316003 9701.655684 
116.0 397.0 0.0165980000004 9834.02 
117.0 204.0 0.0799834699996 9200.1653 
255.0 360.0 0.00825400000022 9917.46 
