500.0 0.0
65.0 70.0 0.0166979376001 9833.020624 
138.0 73.0 0.00807600000021 9919.24 
259.0 32.0 0.0339799980009 9660.20001999 
350.0 27.0 0.0163000000004 9837.0 
457.0 33.0 0.0130056192003 9869.943808 
53.0 135.0 0.0304438124004 9695.561876 
176.0 161.0 0.0634989500001 9365.0105 
260.0 140.0 0.0634989500001 9365.0105 
342.0 143.0 0.0163900000004 9836.1 
430.0 153.0 0.0415558688003 9584.441312 
64.0 263.0 0.0415558688003 9584.441312 
183.0 220.0 0.0365397880009 9634.60211999 
272.0 292.0 0.0489840000013 9510.15999999 
352.0 204.0 0.0226058376001 9773.941624 
420.0 213.0 0.0386326000004 9613.674 
36.0 335.0 0.0360337520005 9639.66247999 
125.0 335.0 0.132182971202 8678.17028798 
251.0 343.0 0.1195638656 8804.361344 
370.0 348.0 0.00821800000022 9917.82 
439.0 343.0 0.00819800000022 9918.02 
122.0 429.0 0.0166080000004 9833.92 
171.0 471.0 0.0169976079999 9830.02392 
242.0 458.0 0.00832400000022 9916.76 
280.0 418.0 0.00832400000022 9916.76 
436.0 418.0 0.0174355064003 9825.644936 
286.0 95.0 0.0251842560003 9748.15744 
221.0 191.0 0.0327540000009 9672.45999999 
69.0 419.0 0.0393960400008 9606.03959999 
103.0 168.0 0.0667301080008 9332.69891999 
339.0 398.0 0.0139064995999 9860.935004 
189.0 301.0 0.168176604802 8318.23395198 
341.0 269.0 0.168176604802 8318.23395198 
281.0 13.0 0.0406018200011 9593.98179999 
438.0 81.0 0.0163280000004 9836.72 
78.0 356.0 0.0863690600011 9136.30939999 
