500.0 0.0
43.0 89.0 0.0144370188001 9855.629812 
150.0 66.0 0.0410928888007 9589.07111199 
219.0 51.0 0.0338087604009 9661.91239599 
272.0 53.0 0.0245860000006 9754.13999999 
390.0 57.0 0.0336376396008 9663.62360399 
463.0 57.0 0.0401360520003 9598.63948 
59.0 148.0 0.0326380000009 9673.61999999 
166.0 137.0 0.0212309388003 9787.690612 
216.0 156.0 0.00825400000022 9917.46 
291.0 121.0 0.0152127359998 9847.87264 
355.0 109.0 0.00823200000022 9917.68 
469.0 135.0 0.0161600000004 9838.4 
64.0 199.0 0.0623337712009 9376.66228799 
129.0 215.0 0.0243760000006 9756.23999999 
205.0 214.0 0.0326180000009 9673.81999999 
290.0 204.0 0.0321204620005 9678.79538 
391.0 222.0 0.0574200000015 9425.79999998 
457.0 209.0 0.0424478400001 9575.5216 
67.0 269.0 0.0643107616005 9356.89238399 
141.0 307.0 0.0751209880008 9248.79011999 
212.0 284.0 0.0895572963993 9104.42703601 
291.0 311.0 0.0597413380012 9402.58661999 
315.0 284.0 0.124090928002 8759.09071998 
468.0 272.0 0.0309294320004 9690.70568 
70.0 319.0 0.0281324072005 9718.67592799 
141.0 370.0 0.0306134728004 9693.865272 
217.0 357.0 0.0498304896009 9501.69510399 
275.0 374.0 0.0496100000013 9503.89999999 
342.0 353.0 0.0838070040016 9161.92995998 
457.0 383.0 0.00811600000021 9918.84 
66.0 447.0 0.0334624096007 9665.37590399 
138.0 447.0 0.0644383968 9355.616032 
204.0 457.0 0.0928691604016 9071.30839598 
265.0 453.0 0.107522789601 8924.77210399 
351.0 426.0 0.0748017120013 9251.98287999 
464.0 426.0 0.0111968336002 9888.031664 
351.0 238.0 0.0714849696012 9285.15030399 
377.0 282.0 0.121600190402 8783.99809598 
458.0 318.0 0.121600190402 8783.99809598 
286.0 424.0 0.104176411603 8958.23588397 
