500.0 0.0
30.0 51.0 0.0415420000011 9584.57999999 
100.0 61.0 0.0331680000009 9668.31999999 
206.0 24.0 0.0166395528003 9833.604472 
273.0 49.0 0.0163860000004 9836.14 
393.0 37.0 0.0562023076011 9437.97692399 
457.0 42.0 0.104033818401 8959.66181599 
46.0 128.0 0.0593304884014 9406.69511599 
135.0 130.0 0.0244760000006 9755.23999999 
217.0 127.0 0.0162400000004 9837.6 
310.0 125.0 0.00816000000021 9918.4 
369.0 124.0 0.0414214308008 9585.78569199 
439.0 107.0 0.104942452001 8950.57547999 
52.0 193.0 0.0316781972007 9683.21802799 
138.0 196.0 0.0469047240001 9530.95276 
207.0 194.0 0.0156070563997 9843.929436 
321.0 229.0 0.169655314402 8303.44685598 
382.0 228.0 0.191237520001 8087.62479999 
444.0 164.0 0.0383490752004 9616.509248 
27.0 275.0 0.0330690016005 9669.309984 
118.0 262.0 0.0322356464003 9677.643536 
198.0 304.0 0.0322356464003 9677.643536 
292.0 287.0 0.125660064001 8743.39935999 
371.0 292.0 0.104121809201 8958.78190799 
453.0 241.0 0.0819580000022 9180.41999998 
34.0 408.0 0.00813600000021 9918.64 
86.0 375.0 0.0600871000013 9399.12899999 
179.0 359.0 0.0328160000009 9671.83999999 
254.0 356.0 0.0609742656008 9390.25734399 
314.0 350.0 0.0954208556016 9045.79144398 
480.0 363.0 0.0314775264006 9685.22473599 
61.0 467.0 0.0149865120002 9850.13488 
154.0 483.0 0.0152464840002 9847.53516 
218.0 470.0 0.00822800000022 9917.72 
255.0 413.0 0.0298978000002 9701.022 
402.0 444.0 0.0115582543997 9884.417456 
461.0 434.0 0.0115582543997 9884.417456 
380.0 404.0 0.00815800000021 9918.42 
397.0 349.0 0.0311821000007 9688.17899999 
248.0 90.0 0.0164326079999 9835.67392 
245.0 183.0 0.0144539680004 9855.46032 
462.0 301.0 0.0366942075995 9633.057924 
112.0 166.0 0.0274281200003 9725.7188 
66.0 77.0 0.0566118256013 9433.88174399 
123.0 359.0 0.0780081952004 9219.918048 
83.0 319.0 0.0762000800021 9237.99919998 
