500.0 0.0
60.0 40.0 0.0590943100011 9409.05689999 
134.0 28.0 0.0590943100011 9409.05689999 
187.0 32.0 0.0543530840007 9456.46915999 
238.0 35.0 0.0415000000011 9584.99999999 
327.0 42.0 0.0134853323999 9865.146676 
383.0 53.0 0.0162820000004 9837.18 
456.0 50.0 0.392839915202 6071.60084798 
54.0 102.0 0.0245140000006 9754.85999999 
115.0 89.0 0.0317118776005 9682.88122399 
185.0 91.0 0.0322113020006 9677.88697999 
251.0 100.0 0.0395646264006 9604.35373599 
318.0 94.0 0.0395646264006 9604.35373599 
400.0 102.0 0.144241313604 8557.58686396 
457.0 109.0 0.483263620808 5167.36379192 
71.0 162.0 0.0599609892014 9400.39010799 
169.0 191.0 0.0369794856007 9630.20514399 
221.0 178.0 0.0339786040006 9660.21395999 
274.0 192.0 0.0569520000015 9430.47999999 
348.0 190.0 0.255237972004 7447.62027996 
409.0 182.0 0.412590016005 5874.09983995 
473.0 164.0 0.426531528004 5734.68471996 
51.0 226.0 0.0637468960011 9362.53103999 
171.0 237.0 0.0553668008012 9446.33199199 
232.0 256.0 0.113863515602 8861.36484398 
282.0 257.0 0.158137736003 8418.62263997 
345.0 236.0 0.167386600004 8326.13399996 
418.0 250.0 0.218753348004 7812.46651996 
469.0 242.0 0.0162860000004 9837.14 
54.0 276.0 0.0285806232005 9714.19376799 
169.0 308.0 0.0278185792003 9721.814208 
215.0 318.0 0.070128792001 9298.71207999 
293.0 333.0 0.0722613100009 9277.38689999 
339.0 326.0 0.0413180000011 9586.81999999 
406.0 314.0 0.126690112001 8733.09887999 
487.0 305.0 0.0383811596003 9616.188404 
74.0 357.0 0.0133675860001 9866.32414 
120.0 390.0 0.0164380000004 9835.62 
194.0 401.0 0.0274489980007 9725.51001999 
294.0 389.0 0.0899866928003 9100.133072 
350.0 378.0 0.0129081200001 9870.9188 
433.0 375.0 0.0965698600011 9034.30139999 
484.0 361.0 0.0295004480002 9704.99552 
68.0 437.0 0.0295004480002 9704.99552 
146.0 445.0 0.0144297384004 9855.702616 
223.0 469.0 0.0144297384004 9855.702616 
289.0 456.0 0.0147570552003 9852.429448 
352.0 463.0 0.00818200000021 9918.18 
433.0 422.0 0.0572341552005 9427.658448 
480.0 443.0 0.0294150200004 9705.8498 
234.0 412.0 0.063078152001 9369.21847999 
