500.0 0.0
110.0 47.0 0.0554038912008 9445.96108799 
150.0 31.0 0.0819432392008 9180.56760799 
189.0 40.0 0.0722537743994 9277.46225601 
235.0 51.0 0.0989860000026 9010.13999997 
331.0 24.0 0.0352656239997 9647.34376 
388.0 29.0 0.0329960000009 9670.03999999 
461.0 28.0 0.0120327960001 9879.67204 
46.0 132.0 0.0361138220004 9638.86178 
85.0 114.0 0.0616975824013 9383.02417599 
195.0 117.0 0.160300520002 8396.99479998 
250.0 112.0 0.176139796 8238.60204 
336.0 101.0 0.0310051712004 9689.948288 
396.0 93.0 0.0357702480001 9642.29752 
453.0 89.0 0.0249300000007 9750.69999999 
52.0 174.0 0.0205385796002 9794.614204 
98.0 189.0 0.0327860000009 9672.13999999 
196.0 161.0 0.116335436802 8836.64563198 
248.0 169.0 0.123748132802 8762.51867198 
336.0 185.0 0.0305117940004 9694.88206 
397.0 193.0 0.106847192803 8931.52807197 
448.0 192.0 0.0984480000026 9015.51999997 
35.0 242.0 0.0640036400003 9359.9636 
104.0 242.0 0.0625921520011 9374.07847999 
180.0 209.0 0.0289515200004 9710.4848 
241.0 239.0 0.0163360000004 9836.64 
319.0 238.0 0.0163360000004 9836.64 
410.0 236.0 0.205809048005 7941.90951995 
481.0 250.0 0.0154424208001 9845.575792 
24.0 307.0 0.0394935240004 9605.06476 
96.0 337.0 0.0167080000004 9832.92 
187.0 330.0 0.0335377536001 9664.622464 
239.0 338.0 0.0244480000006 9755.51999999 
305.0 311.0 0.0161980000004 9838.02 
385.0 316.0 0.193875532004 8061.24467996 
464.0 309.0 0.0164040000004 9835.96 
47.0 361.0 0.0371124760004 9628.87524 
94.0 375.0 0.0380706368007 9619.29363199 
148.0 392.0 0.039582656001 9604.17343999 
209.0 409.0 0.0163560000004 9836.44 
327.0 398.0 0.121311350003 8786.88649997 
412.0 379.0 0.138277860803 8617.22139197 
475.0 367.0 0.0440535879998 9559.46412 
42.0 456.0 0.0149147568001 9850.852432 
107.0 453.0 0.0162980000004 9837.02 
133.0 483.0 0.0108135744004 9891.864256 
233.0 489.0 0.0393466180005 9606.53381999 
328.0 481.0 0.0381875704009 9618.12429599 
404.0 481.0 0.0381875704009 9618.12429599 
451.0 432.0 0.0403668936009 9596.33106399 
371.0 379.0 0.172904726002 8270.95273998 
474.0 101.0 0.00928673799977 9907.13262 
249.0 281.0 0.0110968656001 9889.031344 
384.0 272.0 0.222514385605 7774.85614395 
279.0 20.0 0.0289790400005 9710.2096 
65.0 40.0 0.0279556872006 9720.44312799 
143.0 134.0 0.105272743202 8947.27256798 
272.0 367.0 0.0476428400005 9523.5716 
142.0 289.0 0.0548807552011 9451.19244799 
176.0 436.0 0.0193477008 9806.522992 
281.0 448.0 0.0964710304007 9035.28969599 
