500.0 0.0
39.0 31.0 0.0284266960003 9715.73304 
107.0 34.0 0.0305989340006 9694.01065999 
165.0 35.0 0.0336143199999 9663.8568 
215.0 45.0 0.0166160000004 9833.84 
289.0 17.0 0.0284890376004 9715.109624 
336.0 29.0 0.0512943616004 9487.056384 
408.0 30.0 0.0658200000017 9341.79999998 
472.0 33.0 0.1678388632 8321.611368 
44.0 106.0 0.0342045024005 9657.95497599 
92.0 86.0 0.0333280000009 9666.71999999 
168.0 104.0 0.133023804403 8669.76195597 
203.0 108.0 0.1156385472 8843.614528 
260.0 93.0 0.1156385472 8843.614528 
325.0 116.0 0.0775322400022 9224.67759998 
415.0 86.0 0.153809660002 8461.90339998 
466.0 79.0 0.183664480005 8163.35519995 
43.0 156.0 0.0293746860005 9706.25313999 
92.0 148.0 0.0293746860005 9706.25313999 
148.0 147.0 0.1130502432 8869.497568 
227.0 153.0 0.0491360000013 9508.63999999 
295.0 162.0 0.0758716576021 9241.28342398 
349.0 160.0 0.0617226560016 9382.77343998 
415.0 164.0 0.0824167500013 9175.83249999 
443.0 135.0 0.128281548003 8717.18451997 
41.0 237.0 0.052501043201 9474.98956799 
106.0 226.0 0.044577465601 9554.22534399 
148.0 206.0 0.0909012036005 9090.98796399 
214.0 215.0 0.00818200000021 9918.18 
284.0 212.0 0.0291688600007 9708.31139999 
335.0 228.0 0.0495760000013 9504.23999999 
405.0 232.0 0.0277724160006 9722.27583999 
461.0 206.0 0.0247780000006 9752.21999999 
30.0 295.0 0.0604105560002 9395.89444 
79.0 267.0 0.0246140000006 9753.85999999 
162.0 298.0 0.1886026672 8113.973328 
216.0 278.0 0.0738460000019 9261.53999998 
281.0 266.0 0.00818200000021 9918.18 
355.0 289.0 0.0996505800027 9003.49419997 
399.0 273.0 0.078592442402 9214.07557598 
466.0 263.0 0.0300858088002 9699.141912 
51.0 342.0 0.0286706200004 9713.2938 
125.0 370.0 0.192216651201 8077.83348799 
162.0 352.0 0.235584062404 7644.15937596 
234.0 338.0 0.0163400000004 9836.6 
293.0 328.0 0.0295199360003 9704.80064 
347.0 332.0 0.0556150048016 9443.84995198 
395.0 341.0 0.0246820000006 9753.17999999 
462.0 343.0 0.0167000000004 9833.0 
37.0 411.0 0.00814800000021 9918.52 
111.0 415.0 0.150802186402 8491.97813598 
154.0 408.0 0.134717050003 8652.82949997 
249.0 390.0 0.0341259719997 9658.74028 
299.0 392.0 0.0411360000011 9588.63999999 
346.0 418.0 0.0557632920004 9442.36708 
410.0 395.0 0.0301065988 9698.934012 
457.0 384.0 0.0388800400008 9611.19959999 
41.0 457.0 0.0295915376008 9704.08462399 
96.0 448.0 0.0700451896021 9299.54810398 
155.0 473.0 0.0291880440004 9708.11956 
245.0 433.0 0.0359958220004 9640.04178 
291.0 447.0 0.0375231044006 9624.76895599 
341.0 454.0 0.0542355720004 9457.64428 
397.0 465.0 0.0166600000004 9833.4 
464.0 426.0 0.0279387248004 9720.612752 
163.0 243.0 0.0436125088008 9563.87491199 
490.0 61.0 0.212443827203 7875.56172797 
354.0 246.0 0.0797428120017 9202.57187998 
216.0 467.0 0.0797428120017 9202.57187998 
82.0 42.0 0.0318435200003 9681.5648 
480.0 133.0 0.104241612802 8957.58387198 
377.0 134.0 0.0576100000015 9423.89999998 
236.0 260.0 0.0115546203997 9884.453796 
126.0 430.0 0.0946689648024 9053.31035198 
358.0 41.0 0.0539282716014 9460.71728399 
441.0 214.0 0.0684620544006 9315.37945599 
