500.0 0.0
31.0 16.0 0.0287410208003 9712.589792 
83.0 26.0 0.0767026032016 9232.97396798 
142.0 16.0 0.111537515201 8884.62484799 
182.0 38.0 0.280954679207 7190.45320793 
263.0 34.0 0.0293025472003 9706.974528 
316.0 27.0 0.0342829495996 9657.170504 
370.0 32.0 0.253874000007 7461.25999993 
418.0 25.0 0.0356911232007 9643.08876799 
480.0 24.0 0.0622268992007 9377.73100799 
23.0 90.0 0.0737231500013 9262.76849999 
73.0 95.0 0.114817372003 8851.82627997 
149.0 91.0 0.197902188404 8020.97811596 
184.0 83.0 0.247321200006 7526.78799994 
237.0 75.0 0.122824000003 8771.75999997 
301.0 92.0 0.077061821602 9229.38178398 
357.0 87.0 0.618402504806 3815.97495194 
419.0 83.0 0.0369430712005 9630.569288 
468.0 72.0 0.0736444192009 9263.55580799 
26.0 137.0 0.036472617601 9635.27382399 
92.0 142.0 0.137618262402 8623.81737598 
132.0 126.0 0.161828411204 8381.71588796 
202.0 130.0 0.128959432003 8710.40567997 
261.0 140.0 0.146398682801 8536.01317199 
304.0 142.0 0.349400263208 6505.99736792 
351.0 139.0 0.81351124801 1864.8875199 
418.0 134.0 0.0118576699997 9881.4233 
465.0 138.0 0.0163680000004 9836.32 
39.0 206.0 0.00832200000022 9916.78 
85.0 203.0 0.0166520000004 9833.48 
151.0 207.0 0.0294269056004 9705.730944 
204.0 192.0 0.0550997472014 9449.00252799 
247.0 187.0 0.101739588001 8982.60411999 
294.0 190.0 0.234011422406 7659.88577594 
348.0 190.0 0.613510860012 3864.89139988 
403.0 200.0 0.155630000004 8443.69999996 
483.0 182.0 0.0118512239999 9881.48776 
39.0 240.0 0.0289852040006 9710.14795999 
88.0 243.0 0.0307355920004 9692.64408 
125.0 262.0 0.0818180000021 9181.81999998 
197.0 245.0 0.0163580000004 9836.42 
257.0 250.0 0.144006804804 8559.93195196 
310.0 250.0 0.43856842001 5614.3157999 
349.0 236.0 0.485186845611 5148.13154389 
410.0 261.0 0.00825600000022 9917.44 
463.0 254.0 0.00813000000021 9918.7 
38.0 306.0 0.00813000000021 9918.7 
88.0 305.0 0.144596004405 8554.03995595 
131.0 303.0 0.144596004405 8554.03995595 
202.0 292.0 0.0527965688013 9472.03431199 
248.0 304.0 0.183997436004 8160.02563996 
307.0 307.0 0.304797210807 6952.02789193 
360.0 312.0 0.260817162005 7391.82837995 
414.0 293.0 0.00997324800028 9900.26752 
474.0 302.0 0.0120730499996 9879.2695 
21.0 374.0 0.0162200000004 9837.8 
92.0 374.0 0.168935972002 8310.64027998 
135.0 353.0 0.207878566404 7921.21433596 
198.0 358.0 0.0664227604018 9335.77239598 
251.0 356.0 0.140424150002 8595.75849998 
299.0 358.0 0.168087606004 8319.12393996 
349.0 352.0 0.0598464228013 9401.53577199 
417.0 358.0 0.0385356944003 9614.643056 
463.0 360.0 0.0165660000004 9834.34 
27.0 414.0 0.0546191320004 9453.80868 
70.0 416.0 0.098120673602 9018.79326398 
129.0 421.0 0.151207470402 8487.92529598 
205.0 418.0 0.151207470402 8487.92529598 
262.0 403.0 0.0690106760013 9309.89323999 
292.0 403.0 0.0635477600014 9364.52239999 
363.0 419.0 0.0321320848008 9678.67915199 
411.0 421.0 0.0163780000004 9836.22 
469.0 411.0 0.0127293516002 9872.706484 
34.0 464.0 0.0285399680004 9714.60032 
72.0 476.0 0.00816000000021 9918.4 
146.0 465.0 0.060846860001 9391.53139999 
193.0 483.0 0.0204980000005 9795.01999999 
241.0 469.0 0.00810000000021 9919.0 
283.0 457.0 0.045471164001 9545.28835999 
331.0 455.0 0.0364340160009 9635.65983999 
406.0 478.0 0.0132958579997 9867.04142 
462.0 477.0 0.00817000000021 9918.3 
457.0 41.0 0.0771798080015 9228.20191998 
197.0 88.0 0.312814369206 6871.85630794 
372.0 322.0 0.0754839968009 9245.16003199 
327.0 278.0 0.377119496006 6228.80503994 
177.0 355.0 0.0822546200021 9177.45379998 
18.0 93.0 0.0703826556017 9296.17344398 
209.0 63.0 0.260068134404 7399.31865596 
106.0 3.0 0.0595077600012 9404.92239999 
334.0 124.0 0.255427191206 7445.72808794 
