0.0 1000.0
79.0 81.0 0.0180117479997 9819.88252 
152.0 102.0 0.0163920000004 9836.08 
252.0 78.0 0.0266100320006 9733.89967999 
284.0 98.0 0.0664052784006 9335.94721599 
410.0 81.0 0.00824400000022 9917.56 
465.0 76.0 0.0183033288001 9816.966712 
706.0 76.0 0.00825800000022 9917.42 
755.0 71.0 0.0122647816003 9877.352184 
787.0 10.0 0.0162140000004 9837.86 
857.0 26.0 0.0410778767995 9589.221232 
927.0 34.0 0.0324433632002 9675.566368 
75.0 172.0 0.0280749040004 9719.25096 
119.0 194.0 0.0675197412002 9324.802588 
219.0 108.0 0.0152971499999 9847.0285 
353.0 124.0 0.0992487560016 9007.51243998 
396.0 183.0 0.136715730801 8632.84269199 
490.0 150.0 0.0164580000004 9835.42 
582.0 138.0 0.00831800000022 9916.82 
704.0 138.0 0.00831800000022 9916.82 
786.0 139.0 0.00825800000022 9917.42 
898.0 134.0 0.0171953999996 9828.046 
919.0 111.0 0.0171953999996 9828.046 
84.0 262.0 0.0942897424012 9057.10257599 
128.0 311.0 0.107997107201 8920.02892799 
253.0 232.0 0.0177678899996 9822.3211 
351.0 276.0 0.0126773763997 9873.226236 
429.0 253.0 0.104949277599 8950.50722401 
524.0 293.0 0.0335004032004 9664.995968 
552.0 232.0 0.00821400000022 9917.86 
658.0 264.0 0.00831800000022 9916.82 
719.0 301.0 0.0332377240008 9667.62275999 
901.0 208.0 0.0164040000004 9835.96 
944.0 246.0 0.0136071543998 9863.928456 
47.0 327.0 0.0136071543998 9863.928456 
153.0 342.0 0.166753782402 8332.46217598 
272.0 442.0 0.0186240000001 9813.76 
301.0 293.0 0.0161960000004 9838.04 
392.0 303.0 0.0489900000013 9510.09999999 
492.0 336.0 0.0672840512002 9327.159488 
551.0 360.0 0.0709154596019 9290.84540398 
651.0 308.0 0.0709154596019 9290.84540398 
756.0 360.0 0.0867011360014 9132.98863999 
829.0 351.0 0.0418631880004 9581.36812 
922.0 287.0 0.0335241880006 9664.75811999 
84.0 471.0 0.160812260003 8391.87739997 
129.0 412.0 0.200378453603 7996.21546397 
255.0 473.0 0.00824000000022 9917.6 
345.0 446.0 0.0206427600002 9793.5724 
432.0 421.0 0.0206427600002 9793.5724 
482.0 408.0 0.0246840000006 9753.15999999 
628.0 438.0 0.0164080000004 9835.92 
659.0 447.0 0.0581155956012 9418.84404399 
790.0 432.0 0.125055219201 8749.44780799 
861.0 424.0 0.0577796280009 9422.20371999 
955.0 427.0 0.0676384000014 9323.61599999 
56.0 535.0 0.0676384000014 9323.61599999 
148.0 498.0 0.0650860000017 9349.13999998 
210.0 512.0 0.0326216340007 9673.78365999 
338.0 495.0 0.00832400000022 9916.76 
429.0 498.0 0.00827400000022 9917.26 
484.0 526.0 0.0145771331999 9854.228668 
591.0 493.0 0.0172050368002 9827.949632 
676.0 517.0 0.0493960000013 9506.03999999 
734.0 462.0 0.1346141332 8653.858668 
872.0 498.0 0.0165360000004 9834.64 
986.0 494.0 0.0245600000006 9754.39999999 
83.0 635.0 0.0262591200002 9737.4088 
144.0 668.0 0.104683420003 8953.16579997 
229.0 580.0 0.0685555860008 9314.44413999 
287.0 631.0 0.128653824001 8713.46175999 
376.0 632.0 0.0692240468006 9307.75953199 
459.0 600.0 0.106618000003 8933.81999997 
601.0 567.0 0.0164240000004 9835.76 
675.0 577.0 0.0175350080002 9824.64992 
779.0 613.0 0.00829200000022 9917.08 
846.0 596.0 0.0164540000004 9835.46 
915.0 564.0 0.0347510840006 9652.48915999 
29.0 687.0 0.00838000000022 9916.2 
172.0 719.0 0.205787478402 7942.12521598 
221.0 674.0 0.143950632003 8560.49367997 
326.0 691.0 0.0877251232017 9122.74876798 
424.0 653.0 0.0291972120002 9708.02788 
515.0 647.0 0.318926642004 6810.73357996 
566.0 694.0 0.389679308006 6103.20691994 
688.0 754.0 0.296015633606 7039.84366394 
809.0 668.0 0.0148012200002 9851.9878 
898.0 640.0 0.048181312001 9518.18687999 
933.0 689.0 0.0492990220007 9507.00977999 
64.0 815.0 0.0575260000015 9424.73999998 
118.0 773.0 0.160826336002 8391.73663998 
230.0 854.0 0.0842660480014 9157.33951999 
335.0 757.0 0.0576440000015 9423.55999998 
368.0 797.0 0.0752367128007 9247.63287199 
495.0 759.0 0.0315241700007 9684.75829999 
592.0 734.0 0.311485176003 6885.14823997 
628.0 792.0 0.330652408006 6693.47591994 
744.0 771.0 0.242163680004 7578.36319996 
864.0 755.0 0.115736570002 8842.63429998 
920.0 759.0 0.0594603008005 9405.39699199 
62.0 890.0 0.0413040000011 9586.95999999 
182.0 910.0 0.119347338002 8806.52661998 
247.0 897.0 0.0651962216015 9348.03778398 
267.0 876.0 0.0279850276002 9720.149724 
364.0 875.0 0.0334642624004 9665.357376 
433.0 813.0 0.0962722160018 9037.27783998 
469.0 816.0 0.0539720780006 9460.27921999 
651.0 857.0 0.0973516640023 9026.48335998 
780.0 837.0 0.237671736003 7623.28263997 
831.0 819.0 0.176797590001 8232.02409999 
882.0 878.0 0.0943070920015 9056.92907998 
27.0 941.0 0.0152186040002 9847.81396 
127.0 906.0 0.111410644802 8885.89355198 
193.0 983.0 0.0330900000009 9669.09999999 
364.0 949.0 0.0245800000006 9754.19999999 
376.0 919.0 0.0363465184012 9636.53481599 
444.0 951.0 0.0342033088004 9657.966912 
592.0 929.0 0.0342033088004 9657.966912 
623.0 916.0 0.00828800000022 9917.12 
771.0 928.0 0.00816400000021 9918.36 
849.0 929.0 0.0180995880002 9819.00412 
899.0 897.0 0.0260400800005 9739.5992 
618.0 370.0 0.0320840688005 9679.159312 
646.0 148.0 0.0152984656 9847.015344 
551.0 178.0 0.0130060475998 9869.939524 
949.0 356.0 0.0656331432007 9343.66856799 
