0.0 1000.0
49.0 60.0 0.0300575080005 9699.42492 
105.0 81.0 0.0387291999999 9612.708 
190.0 67.0 0.0377243056005 9622.756944 
267.0 80.0 0.0424050000007 9575.94999999 
362.0 54.0 0.00821600000022 9917.84 
437.0 67.0 0.0177367007997 9822.632992 
538.0 86.0 0.0660201700006 9339.79829999 
592.0 114.0 0.0302534800002 9697.4652 
723.0 34.0 0.0164740000004 9835.26 
790.0 50.0 0.0402278259999 9597.72174 
868.0 62.0 0.0347082720001 9652.91728 
956.0 47.0 0.0305699064002 9694.300936 
36.0 153.0 0.0305699064002 9694.300936 
123.0 145.0 0.0325860000009 9674.13999999 
203.0 168.0 0.0979927376019 9020.07262398 
301.0 148.0 0.0507094160009 9492.90583999 
350.0 155.0 0.0584656680008 9415.34331999 
427.0 146.0 0.0584656680008 9415.34331999 
496.0 145.0 0.103592815201 8964.07184799 
653.0 168.0 0.0251180000007 9748.81999999 
722.0 134.0 0.0450448844004 9549.551156 
773.0 117.0 0.0300811640003 9699.18836 
890.0 139.0 0.0603344400017 9396.65559998 
943.0 109.0 0.0604475452013 9395.52454799 
31.0 225.0 0.0336850444002 9663.149556 
128.0 247.0 0.0336850444002 9663.149556
191.0 238.0 0.120079088003 8799.20911997 
287.0 220.0 0.0164660000004 9835.34 
387.0 219.0 0.0635972983996 9364.027016 
464.0 226.0 0.0430419984003 9569.580016 
557.0 194.0 0.0985046488001 9014.953512 
651.0 236.0 0.0144021191999 9855.978808 
719.0 201.0 0.025949328 9740.50672 
775.0 227.0 0.0221949563998 9778.050436 
888.0 203.0 0.0326860000009 9673.13999999 
940.0 228.0 0.0167461407999 9832.538592 
48.0 297.0 0.0698143200014 9301.85679999 
121.0 326.0 0.0921619552013 9078.38044799 
229.0 282.0 0.154491121603 8455.08878397 
286.0 307.0 0.150266770402 8497.33229598 
392.0 286.0 0.0328760000009 9671.23999999 
444.0 282.0 0.012657712 9873.42288 
537.0 271.0 0.0407580000011 9592.41999999 
607.0 295.0 0.0159353640001 9840.64636 
695.0 281.0 0.00803600000021 9919.64 
790.0 281.0 0.0166000000004 9834.0 
861.0 283.0 0.0162688819999 9837.31118 
944.0 298.0 0.00844400000022 9915.56 
41.0 369.0 0.100847712002 8991.52287998 
106.0 384.0 0.155551140001 8444.48859999 
192.0 419.0 0.0336684192007 9663.31580799 
291.0 385.0 0.0492280000013 9507.71999999 
395.0 372.0 0.0168755199998 9831.2448 
480.0 381.0 0.0642696356015 9357.30364398 
553.0 374.0 0.0502592600008 9497.40739999 
636.0 358.0 0.00812200000021 9918.78 
711.0 392.0 0.0126400895999 9873.599104 
780.0 365.0 0.00816400000021 9918.36 
838.0 377.0 0.0138918623999 9861.081376 
948.0 385.0 0.0345772280006 9654.22771999 
58.0 445.0 0.184794660001 8152.05339999 
112.0 472.0 0.262175840004 7378.24159996 
212.0 488.0 0.0666210800003 9333.7892 
308.0 469.0 0.0161880000004 9838.12 
415.0 442.0 0.0328000000009 9671.99999999 
494.0 446.0 0.0720204512011 9279.79548799 
578.0 448.0 0.0612267320013 9387.73267999 
642.0 456.0 0.0313067520005 9686.93247999 
719.0 444.0 0.0245720000006 9754.27999999 
795.0 467.0 0.0618297960005 9381.70204 
860.0 468.0 0.0317179464007 9682.82053599 
939.0 462.0 0.0701705000007 9298.29499999 
63.0 537.0 0.0909500000024 9090.49999998 
134.0 543.0 0.355855280006 6441.44719994 
207.0 558.0 0.160616864003 8393.83135997 
274.0 531.0 0.0330700000009 9669.29999999 
339.0 573.0 0.065385750401 9346.14249599 
389.0 581.0 0.0455595532008 9544.40446799 
567.0 528.0 0.0245120000006 9754.87999999 
643.0 560.0 0.0164080000004 9835.92 
719.0 548.0 0.0320865616006 9679.13438399 
794.0 534.0 0.0591283824004 9408.716176 
867.0 561.0 0.0347599728005 9652.40027199 
942.0 541.0 0.0678930428014 9321.06957199 
80.0 621.0 0.107220000003 8927.79999997 
138.0 607.0 0.282574640006 7174.25359994 
196.0 627.0 0.121354579203 8786.45420797 
272.0 612.0 0.0413280000011 9586.71999999 
339.0 641.0 0.155073312001 8449.26687999 
392.0 633.0 0.0967828740016 9032.17125998 
454.0 674.0 0.0586495800012 9413.50419999 
631.0 645.0 0.00809000000021 9919.1 
693.0 631.0 0.0310347200003 9689.6528 
790.0 608.0 0.0163860000004 9836.14 
873.0 642.0 0.0150073456 9849.926544 
963.0 611.0 0.0248540000007 9751.45999999 
75.0 735.0 0.0424453236004 9575.546764 
144.0 726.0 0.0410127312005 9589.87268799 
188.0 721.0 0.0222311184 9777.688816 
302.0 690.0 0.169397270004 8306.02729996 
371.0 728.0 0.0835074760018 9164.92523998 
460.0 719.0 0.0246820000006 9753.17999999 
519.0 710.0 0.0525701464004 9474.298536 
623.0 708.0 0.0525701464004 9474.298536 
722.0 712.0 0.00814200000021 9918.58 
786.0 716.0 0.0148379808002 9851.620192 
890.0 704.0 0.0164980000004 9835.02 
964.0 728.0 0.0183065327997 9816.934672 
48.0 803.0 0.0165060000004 9834.94 
138.0 808.0 0.0165060000004 9834.94 
188.0 780.0 0.0165000000004 9835.0 
297.0 779.0 0.074410000002 9255.89999998 
372.0 801.0 0.0451256848005 9548.743152 
463.0 818.0 0.118743913602 8812.56086398 
530.0 782.0 0.0908903420018 9091.09657998 
616.0 780.0 0.0242700000006 9757.29999999 
661.0 820.0 0.0580717500002 9419.2825 
793.0 774.0 0.0163420000004 9836.58 
895.0 787.0 0.0567511336008 9432.48866399 
947.0 781.0 0.0290434080005 9709.56592 
46.0 880.0 0.00811800000021 9918.82 
107.0 890.0 0.0334603736 9665.396264 
220.0 886.0 0.0512703108008 9487.29689199 
291.0 861.0 0.0650360000017 9349.63999998 
346.0 885.0 0.168874927201 8311.25072799 
436.0 868.0 0.170748048002 8292.51951998 
531.0 858.0 0.0852284576008 9147.71542399 
577.0 843.0 0.0363338300007 9636.66169999 
687.0 883.0 0.0635513740011 9364.48625999 
741.0 837.0 0.0165200000004 9834.8 
815.0 844.0 0.0255810000004 9744.19 
883.0 834.0 0.0615670904013 9384.32909599 
37.0 963.0 0.0539168215993 9460.83178401 
106.0 965.0 0.0641382240002 9358.61776 
194.0 957.0 0.0244200000006 9755.79999999 
272.0 932.0 0.0323528880008 9676.47111999 
362.0 952.0 0.224951000002 7750.48999998 
430.0 945.0 0.192187041203 8078.12958797 
493.0 943.0 0.192187041203 8078.12958797 
576.0 940.0 0.00809000000021 9919.1 
621.0 913.0 0.0125459720003 9874.54028 
740.0 932.0 0.0325828400003 9674.1716 
785.0 894.0 0.0251478400004 9748.5216 
884.0 899.0 0.0245020000006 9754.97999999 
183.0 885.0 0.0329695380001 9670.30462 
679.0 602.0 0.0427776960008 9572.22303999 
274.0 711.0 0.167164944403 8328.35055597 
198.0 122.0 0.0558136652011 9441.86334799 
593.0 479.0 0.0559066848005 9440.933152 
513.0 631.0 0.0345096320005 9654.90368 
