0.0 1000.0
61.0 101.0 0.0399100120008 9600.89987999 
142.0 107.0 0.0399100120008 9600.89987999 
215.0 96.0 0.0162580000004 9837.42 
310.0 66.0 0.0162580000004 9837.42 
379.0 74.0 0.0672113076003 9327.886924 
441.0 42.0 0.0324809920007 9675.19007999 
556.0 84.0 0.0571951664014 9428.04833599 
591.0 70.0 0.0436227328009 9563.77267199 
699.0 62.0 0.0334363152002 9665.636848 
777.0 57.0 0.0334363152002 9665.636848 
881.0 71.0 0.00811600000021 9918.84 
956.0 75.0 0.0172724711997 9827.275288 
52.0 180.0 0.0172724711997 9827.275288 
129.0 171.0 0.0582028128008 9417.97187199 
196.0 151.0 0.0356638584009 9643.36141599 
300.0 160.0 0.0356638584009 9643.36141599 
385.0 149.0 0.150370341603 8496.29658397 
458.0 142.0 0.0341504120002 9658.49588 
558.0 132.0 0.0721437380012 9278.56261999 
637.0 153.0 0.122634833601 8773.65166399 
704.0 164.0 0.048330016001 9516.69983999 
801.0 146.0 0.0660507472008 9339.49252799 
871.0 161.0 0.0334796 9665.204 
935.0 142.0 0.0334796 9665.204 
74.0 274.0 0.038483760001 9615.16239999 
145.0 221.0 0.0665528312003 9334.471688 
210.0 252.0 0.0411440000011 9588.55999999 
287.0 221.0 0.0734040000019 9265.95999998 
386.0 251.0 0.0741656240015 9258.34375999 
390.0 218.0 0.125864800002 8741.35199998 
560.0 211.0 0.0656540000017 9343.45999998 
632.0 214.0 0.116070431201 8839.29568799 
719.0 221.0 0.00812800000021 9918.72 
786.0 214.0 0.0689254339992 9310.74566001 
890.0 228.0 0.0165200000004 9834.8 
963.0 229.0 0.0339544832006 9660.45516799 
52.0 328.0 0.0414226480006 9585.77351999 
130.0 297.0 0.0262753136 9737.246864 
204.0 317.0 0.0165520000004 9834.48 
279.0 334.0 0.0179731751999 9820.268248 
398.0 325.0 0.00812600000021 9918.74 
472.0 314.0 0.00816200000021 9918.38 
540.0 331.0 0.014960946 9850.39054 
610.0 312.0 0.0181746216001 9818.253784 
688.0 288.0 0.0181746216001 9818.253784 
789.0 288.0 0.0249220000007 9750.77999999 
874.0 286.0 0.0165760000004 9834.24 
937.0 299.0 0.0385102975999 9614.897024 
71.0 397.0 0.0246840000006 9753.15999999 
125.0 403.0 0.0131430655999 9868.569344 
203.0 388.0 0.0472760176012 9527.23982399 
310.0 426.0 0.0517487500011 9482.51249999 
382.0 425.0 0.0364581504007 9635.41849599 
466.0 390.0 0.0139156247997 9860.843752 
554.0 394.0 0.00816200000021 9918.38 
631.0 386.0 0.00832400000022 9916.76 
700.0 384.0 0.0443790176003 9556.209824 
772.0 370.0 0.0418865200009 9581.13479999 
837.0 359.0 0.0169757856003 9830.242144 
944.0 372.0 0.0165760000004 9834.24 
36.0 480.0 0.0291751960005 9708.24803999 
120.0 473.0 0.0183161391999 9816.838608 
210.0 451.0 0.0929975792001 9070.024208 
275.0 446.0 0.0711969000011 9288.03099999 
357.0 466.0 0.0781392784019 9218.60721598 
466.0 449.0 0.0162620000004 9837.38 
537.0 473.0 0.0171103571998 9828.896428 
605.0 472.0 0.0328641764001 9671.358236 
710.0 442.0 0.0330180000009 9669.81999999 
781.0 475.0 0.0267517999999 9732.482 
858.0 429.0 0.0164180000004 9835.82 
915.0 448.0 0.02221962 9777.8038 
52.0 531.0 0.0356192448001 9643.807552 
107.0 550.0 0.0246360000006 9753.63999999 
214.0 525.0 0.0326380000009 9673.61999999 
309.0 546.0 0.0410680000011 9589.31999999 
375.0 526.0 0.1046619 8953.381 
446.0 558.0 0.050833322001 9491.66677999 
522.0 536.0 0.0165120000004 9834.88 
598.0 542.0 0.0439235488002 9560.764512 
677.0 535.0 0.0439235488002 9560.764512 
783.0 558.0 0.0401880360007 9598.11963999 
857.0 538.0 0.0747709152013 9252.29084799 
942.0 506.0 0.0374710624011 9625.28937599 
78.0 615.0 0.0156378599999 9843.6214 
139.0 642.0 0.00827400000022 9917.26 
206.0 621.0 0.00835200000022 9916.48 
288.0 637.0 0.0623607424015 9376.39257599 
360.0 618.0 0.0338816100006 9661.18389999 
461.0 609.0 0.0325080000009 9674.91999999 
509.0 685.0 0.1306384 8693.616 
588.0 602.0 0.0661480548006 9338.51945199 
643.0 612.0 0.0292247500001 9707.7525 
786.0 627.0 0.0164340000004 9835.66 
870.0 603.0 0.0995182964007 9004.81703599 
932.0 560.0 0.0754917344016 9245.08265598 
66.0 722.0 0.0672660000005 9327.33999999 
141.0 722.0 0.0417390000005 9582.61 
202.0 725.0 0.0237047336002 9762.952664 
278.0 699.0 0.0689266691998 9310.733308 
387.0 688.0 0.0489720000013 9510.27999999 
444.0 715.0 0.1054645992 8945.354008 
528.0 794.0 0.0779221440014 9220.77855999 
589.0 699.0 0.0161680000004 9838.32 
663.0 708.0 0.0423091152005 9576.908848 
738.0 714.0 0.0335923384002 9664.076616 
884.0 662.0 0.155882672002 8441.17327998 
937.0 666.0 0.0997400300018 9002.59969998 
56.0 777.0 0.120050812803 8799.49187197 
106.0 806.0 0.169891040002 8301.08959998 
202.0 792.0 0.00821200000022 9917.88 
302.0 770.0 0.0328660000009 9671.33999999 
364.0 808.0 0.0167241727999 9832.758272 
462.0 836.0 0.096290686002 9037.09313998 
534.0 871.0 0.0351485900007 9648.51409999 
595.0 812.0 0.0326749264007 9673.25073599 
683.0 797.0 0.0326749264007 9673.25073599 
729.0 784.0 0.0245400000006 9754.59999999 
831.0 745.0 0.0490540000013 9509.45999999 
908.0 738.0 0.148548962399 8514.51037601 
56.0 889.0 0.0573560000015 9426.43999998 
122.0 881.0 0.105476400002 8945.23599998 
245.0 890.0 0.0342138399996 9657.8616 
311.0 868.0 0.0323959040006 9676.04095999 
378.0 862.0 0.0492520000013 9507.47999999 
439.0 884.0 0.108669284 8913.30716 
523.0 905.0 0.0330820000009 9669.17999999 
581.0 902.0 0.0386204660009 9613.79533999 
681.0 878.0 0.0245400000006 9754.59999999 
748.0 856.0 0.0654214840014 9345.78515999 
841.0 882.0 0.0165400000004 9834.6 
913.0 812.0 0.0490540000013 9509.45999999 
57.0 976.0 0.0368960999998 9631.039 
121.0 954.0 0.0317752960003 9682.24704 
224.0 962.0 0.00818800000022 9918.12 
283.0 969.0 0.0139687280001 9860.31272 
360.0 961.0 0.00821800000022 9917.82 
464.0 946.0 0.0567478500013 9432.52149999 
543.0 966.0 0.0466154324005 9533.845676 
609.0 978.0 0.0322274000007 9677.72599999 
681.0 966.0 0.00819200000022 9918.08 
728.0 952.0 0.0121323519998 9878.67648 
830.0 935.0 0.0275476180005 9724.52382 
905.0 912.0 0.0413367679994 9586.63232001 
748.0 131.0 0.0166640000004 9833.36 
772.0 410.0 0.0493455136011 9506.54486399 
362.0 222.0 0.177768631199 8222.31368801 
192.0 878.0 0.0164000000004 9836.0 
219.0 183.0 0.0408386632 9591.613368 
488.0 124.0 0.0247620000006 9752.37999999 
638.0 103.0 0.0738862804014 9261.13719599 
459.0 219.0 0.0644476448013 9355.52355199 
183.0 581.0 0.0119082816001 9880.917184 
519.0 628.0 0.0892175172021 9107.82482798 
920.0 937.0 0.0262159000004 9737.841 
38.0 748.0 0.0428910460005 9571.08953999 
90.0 873.0 0.112225894403 8877.74105597 
399.0 986.0 0.0117451655998 9882.548344 
791.0 919.0 0.0683531464016 9316.46853598 
346.0 538.0 0.0855380888007 9144.61911199 
