0.0 1000.0
51.0 44.0 0.0341248304004 9658.751696 
126.0 53.0 0.0688458900004 9311.5411 
181.0 38.0 0.0480642828008 9519.35717199 
271.0 35.0 0.00824200000022 9917.58 
313.0 39.0 0.0154900147996 9845.099852 
405.0 24.0 0.0163540000004 9836.46 
464.0 43.0 0.036990413601 9630.09586399 
526.0 52.0 0.0307589500006 9692.41049999 
671.0 50.0 0.00819800000022 9918.02 
748.0 42.0 0.0423961228005 9576.038772 
797.0 53.0 0.0579667559999 9420.33244 
872.0 32.0 0.0686124392011 9313.87560799 
941.0 39.0 0.0323002240005 9676.99775999 
75.0 132.0 0.0382401700008 9617.59829999 
124.0 112.0 0.0781932575999 9218.067424 
207.0 97.0 0.0655787300006 9344.21269999 
273.0 120.0 0.0585230984016 9414.76901598 
339.0 100.0 0.0164020000004 9835.98 
395.0 97.0 0.0132926399997 9867.0736 
526.0 143.0 0.00834200000022 9916.58 
594.0 133.0 0.0493875216009 9506.12478399 
667.0 121.0 0.0815353280015 9184.64671998 
734.0 125.0 0.0406771520006 9593.22847999 
801.0 96.0 0.0490340000013 9509.65999999 
849.0 128.0 0.0355504383998 9644.495616 
894.0 119.0 0.0280155136004 9719.844864 
21.0 200.0 0.0320455068002 9679.544932 
99.0 185.0 0.0326820000009 9673.17999999 
200.0 208.0 0.0180043775999 9819.956224 
267.0 179.0 0.0329740000009 9670.25999999 
334.0 196.0 0.0307611984006 9692.38801599 
453.0 205.0 0.0495460000013 9504.53999999 
509.0 225.0 0.210145133204 7898.54866796 
583.0 201.0 0.173959732801 8260.40267199 
642.0 184.0 0.140785656002 8592.14343998 
705.0 211.0 0.0572239680012 9427.76031999 
790.0 178.0 0.0360621920006 9639.37807999 
868.0 210.0 0.0164380000004 9835.62 
929.0 195.0 0.0298923808001 9701.076192 
20.0 266.0 0.0445113072003 9554.886928 
106.0 275.0 0.0366541080006 9633.45891999 
173.0 250.0 0.0329731880007 9670.26811999 
265.0 250.0 0.0246740000006 9753.25999999 
336.0 256.0 0.0498418228003 9501.581772 
391.0 274.0 0.0304580236005 9695.419764 
493.0 278.0 0.089935938802 9100.64061198 
559.0 286.0 0.264332148803 7356.67851197 
651.0 253.0 0.0495600000013 9504.39999999 
712.0 269.0 0.0473129440009 9526.87055999 
775.0 284.0 0.0221326864002 9778.673136 
846.0 282.0 0.0994979408011 9005.02059199 
935.0 251.0 0.0449544920008 9550.45507999 
20.0 343.0 0.0165840000004 9834.16 
127.0 332.0 0.0163660000004 9836.34 
188.0 329.0 0.0163160000004 9836.84 
265.0 346.0 0.0448605776005 9551.39422399 
332.0 337.0 0.0321141560008 9678.85843999 
403.0 331.0 0.00832600000022 9916.74 
498.0 346.0 0.240001509606 7599.98490394 
565.0 357.0 0.427108988007 5728.91011993 
640.0 330.0 0.162278642404 8377.21357596 
690.0 328.0 0.0572180768014 9427.81923199 
781.0 344.0 0.0409060000011 9590.93999999 
836.0 354.0 0.0778774999995 9221.22500001 
931.0 357.0 0.0311785920002 9688.21408 
47.0 420.0 0.0327328464002 9672.671536 
132.0 427.0 0.0705775420002 9294.22458 
186.0 410.0 0.177951940004 8220.48059996 
264.0 412.0 0.436959277604 5630.40722396 
341.0 431.0 0.593554232005 4064.45767995 
394.0 432.0 0.467442912009 5325.57087991 
467.0 429.0 0.500812399208 4991.87600792 
570.0 423.0 0.242326316005 7576.73683995 
643.0 412.0 0.0333621000008 9666.37899999 
719.0 445.0 0.0473804376009 9526.19562399 
758.0 439.0 0.0473804376009 9526.19562399 
859.0 405.0 0.0492960000013 9507.03999999 
937.0 419.0 0.0454077120007 9545.92287999 
48.0 491.0 0.0682862592011 9317.13740799 
126.0 487.0 0.0248980000007 9751.01999999 
175.0 493.0 0.0536952852014 9463.04714799 
270.0 481.0 0.147604000004 8523.95999996 
356.0 518.0 0.0553289500007 9446.71049999 
416.0 511.0 0.0390150672005 9609.84932799 
510.0 517.0 0.0390150672005 9609.84932799 
563.0 484.0 0.0164540000004 9835.46 
666.0 515.0 0.0164540000004 9835.46 
740.0 504.0 0.141126501603 8588.73498397 
819.0 505.0 0.0772529712012 9227.47028799 
870.0 509.0 0.0284917616008 9715.08238399 
977.0 503.0 0.0316510492004 9683.489508 
20.0 563.0 0.0701969183996 9298.030816 
110.0 581.0 0.0379456272008 9620.54372799 
208.0 583.0 0.0325340000009 9674.65999999 
268.0 578.0 0.132455880004 8675.44119996 
344.0 559.0 0.103842681201 8961.57318799 
433.0 565.0 0.0323846960001 9676.15304 
501.0 582.0 0.0413498640004 9586.50136 
595.0 569.0 0.0413498640004 9586.50136 
663.0 567.0 0.0491520000013 9508.47999999 
740.0 577.0 0.149341481599 8506.58518401 
794.0 590.0 0.0625245900012 9374.75409999 
895.0 583.0 0.0244240000006 9755.75999999 
950.0 563.0 0.0358080000002 9641.92 
44.0 637.0 0.0490000000013 9509.99999999 
114.0 636.0 0.0651408407998 9348.591592 
175.0 635.0 0.0387755056006 9612.24494399 
266.0 642.0 0.205151502004 7948.48497996 
327.0 669.0 0.0637373400012 9362.62659999 
426.0 669.0 0.0384220048004 9615.779952 
514.0 638.0 0.0470172960004 9529.82704 
575.0 665.0 0.0320028800004 9679.9712 
659.0 662.0 0.0655280000017 9344.71999998 
715.0 671.0 0.119850174403 8801.49825597 
791.0 642.0 0.119850174403 8801.49825597 
891.0 651.0 0.00820800000022 9917.92 
943.0 655.0 0.0206851520003 9793.14848 
51.0 734.0 0.00822400000022 9917.76 
96.0 713.0 0.0122800768001 9877.199232 
205.0 725.0 0.265162008004 7348.37991996 
267.0 720.0 0.214546077601 7854.53922399 
360.0 744.0 0.0246760000006 9753.23999999 
426.0 728.0 0.0803271423999 9196.728576 
485.0 728.0 0.0387917764004 9612.082236 
565.0 733.0 0.0167352599998 9832.6474 
646.0 734.0 0.0736820000019 9263.17999998 
737.0 714.0 0.160311864803 8396.88135197 
812.0 736.0 0.172097680803 8279.02319197 
880.0 747.0 0.128425990001 8715.74009999 
943.0 727.0 0.0640708856011 9359.29114399 
20.0 820.0 0.0174499424 9825.500576 
133.0 789.0 0.0733660000019 9266.33999998 
187.0 796.0 0.181968037999 8180.31962001 
288.0 823.0 0.0641209216004 9358.790784 
340.0 805.0 0.0641209216004 9358.790784
439.0 803.0 0.0698695360014 9301.30463999 
483.0 813.0 0.0279551952005 9720.448048 
582.0 802.0 0.00832600000022 9916.74 
670.0 789.0 0.0363396740002 9636.60326 
716.0 789.0 0.0280117760009 9719.88223999 
819.0 796.0 0.0407560000011 9592.43999999 
903.0 809.0 0.0713984816005 9286.015184 
947.0 806.0 0.0358922600008 9641.07739999 
52.0 888.0 0.00819400000022 9918.06 
133.0 879.0 0.0325860000009 9674.13999999 
198.0 900.0 0.142288408403 8577.11591597 
262.0 887.0 0.110419966002 8895.80033998 
334.0 866.0 0.0307016440005 9692.98356 
437.0 882.0 0.0247680000006 9752.31999999 
482.0 891.0 0.0443536448008 9556.46355199 
574.0 891.0 0.0625535840013 9374.46415999 
642.0 891.0 0.0323088480001 9676.91152 
738.0 897.0 0.0295343160001 9704.65684 
788.0 890.0 0.0244440000006 9755.55999999 
865.0 877.0 0.00818400000022 9918.16 
942.0 888.0 0.0264026400003 9735.9736 
30.0 956.0 0.180752038405 8192.47961595 
96.0 973.0 0.257101050005 7428.98949995 
174.0 961.0 0.243070985602 7569.29014398 
252.0 961.0 0.126446988803 8735.53011197 
328.0 972.0 0.0346314252007 9653.68574799 
422.0 966.0 0.0407980000011 9592.01999999 
508.0 959.0 0.115918276801 8840.81723199 
570.0 955.0 0.0921775360006 9078.22463999 
640.0 944.0 0.0244300000006 9755.69999999 
717.0 949.0 0.0436292359997 9563.70764 
825.0 952.0 0.0662193144006 9337.80685599 
894.0 960.0 0.0647698500013 9352.30149999 
954.0 947.0 0.0390586008007 9609.41399199 
817.0 213.0 0.0672025000005 9327.97499999 
502.0 401.0 0.407618250405 5923.81749595 
449.0 631.0 0.0329940000009 9670.05999999 
621.0 113.0 0.0670067216014 9329.93278399 
715.0 709.0 0.1763004864 8236.995136 
489.0 993.0 0.1159267928 8840.732072 
