0.0 1000.0
33.0 51.0 0.0315535220005 9684.46477999 
129.0 46.0 0.0794256144019 9205.74385598 
194.0 48.0 0.119691320003 8803.08679997 
261.0 20.0 0.0411319324004 9588.680676 
343.0 26.0 0.0411319324004 9588.680676 
435.0 56.0 0.0318595604003 9681.404396 
511.0 38.0 0.00814600000021 9918.54 
557.0 52.0 0.0410824240008 9589.17575999 
668.0 29.0 0.00812000000021 9918.8 
721.0 56.0 0.0591264000014 9408.73599999 
788.0 38.0 0.00828000000022 9917.2 
845.0 57.0 0.0396886480004 9603.11352 
924.0 22.0 0.0396886480004 9603.11352 
30.0 115.0 0.132153464003 8678.46535997 
130.0 111.0 0.126945660002 8730.54339998 
196.0 112.0 0.146959806001 8530.40193999 
282.0 123.0 0.0164460000004 9835.54 
363.0 132.0 0.0915864988026 9084.13501197 
417.0 121.0 0.108419715602 8915.80284398 
503.0 100.0 0.0912335200011 9087.66479999 
576.0 115.0 0.0553002272011 9446.99772799 
662.0 124.0 0.0864966260022 9135.03373998 
739.0 132.0 0.0933063576012 9066.93642399 
817.0 114.0 0.0682487284002 9317.512716 
902.0 98.0 0.0669376960013 9330.62303999 
944.0 130.0 0.0291780380006 9708.21961999 
31.0 187.0 0.1651144712 8348.855288 
127.0 194.0 0.0328100000009 9671.89999999 
198.0 189.0 0.0489820000013 9510.17999999 
275.0 205.0 0.0180570639997 9819.42936 
355.0 175.0 0.0871694940003 9128.30506 
414.0 207.0 0.0904600000024 9095.39999998 
494.0 173.0 0.131391096403 8686.08903597 
564.0 177.0 0.122292428802 8777.07571198 
651.0 174.0 0.117234659202 8827.65340798 
746.0 193.0 0.0819580000022 9180.41999998 
803.0 202.0 0.119861658402 8801.38341598 
865.0 201.0 0.139658622001 8603.41377999 
950.0 183.0 0.0326940000009 9673.05999999 
30.0 253.0 0.0657200000017 9342.79999998 
125.0 274.0 0.0390566080007 9609.43391999 
190.0 258.0 0.0390566080007 9609.43391999 
263.0 250.0 0.00828400000022 9917.16 
341.0 259.0 0.0267641720001 9732.35828 
408.0 260.0 0.0404822216003 9595.177784 
518.0 269.0 0.0491100000013 9508.89999999 
575.0 269.0 0.135980206001 8640.19793999 
664.0 270.0 0.0491900000013 9508.09999999 
729.0 272.0 0.0151687843997 9848.312156 
810.0 277.0 0.0573300000015 9426.69999998 
876.0 273.0 0.0797771168012 9202.22883199 
946.0 284.0 0.0326819696004 9673.180304 
57.0 343.0 0.144809391201 8551.90608799 
133.0 338.0 0.101152064001 8988.47935999 
194.0 349.0 0.0467209880012 9532.79011999 
258.0 348.0 0.0546695700009 9453.30429999 
348.0 348.0 0.0549487400011 9450.51259999 
415.0 327.0 0.0657164280009 9342.83571999 
497.0 346.0 0.0493108356009 9506.89164399 
582.0 337.0 0.0491100000013 9508.89999999 
662.0 331.0 0.0491100000013 9508.89999999 
747.0 361.0 0.0330600000009 9669.39999999 
808.0 362.0 0.0598722504003 9401.277496 
876.0 342.0 0.0577292448013 9422.70755199 
959.0 360.0 0.00808800000021 9919.12 
50.0 420.0 0.146663968001 8533.36031999 
115.0 423.0 0.0723933256016 9276.06674398 
186.0 429.0 0.0258647952 9741.352048 
272.0 405.0 0.104471646402 8955.28353598 
327.0 404.0 0.153980700802 8460.19299198 
414.0 406.0 0.193824960004 8061.75039996 
508.0 434.0 0.193824960004 8061.75039996 
569.0 424.0 0.0161481359999 9838.51864 
670.0 419.0 0.0162940000004 9837.06 
720.0 420.0 0.0326382588004 9673.617412 
794.0 414.0 0.0335210656001 9664.789344 
867.0 410.0 0.0428122400005 9571.87759999 
956.0 421.0 0.0153110944001 9846.889056 
48.0 496.0 0.0491280000013 9508.71999999 
130.0 508.0 0.0491280000013 9508.71999999 
211.0 502.0 0.0408460000011 9591.53999999 
273.0 484.0 0.0945364243996 9054.635756 
356.0 485.0 0.0818200000021 9181.79999998 
406.0 507.0 0.0866660160017 9133.33983998 
507.0 515.0 0.00825400000022 9917.46 
592.0 490.0 0.0163440000004 9836.56 
644.0 496.0 0.0126564480001 9873.43552 
744.0 503.0 0.0164620000004 9835.38 
795.0 516.0 0.0337379480009 9662.62051999 
869.0 495.0 0.0342698104005 9657.30189599 
940.0 485.0 0.00818600000022 9918.14 
43.0 590.0 0.00818600000022 9918.14 
106.0 584.0 0.0159044720004 9840.95528 
190.0 581.0 0.0159044720004 9840.95528 
279.0 559.0 0.0412200000011 9587.79999999 
337.0 593.0 0.012062994 9879.37006 
408.0 591.0 0.00828800000022 9917.12 
483.0 575.0 0.0180363456002 9819.636544 
564.0 564.0 0.0330035232004 9669.964768 
664.0 580.0 0.0165360000004 9834.64 
725.0 580.0 0.0144315108002 9855.684892 
817.0 558.0 0.0247000000006 9752.99999999 
879.0 595.0 0.0251069388003 9748.930612 
978.0 586.0 0.0321332684003 9678.667316 
42.0 652.0 0.0587288128009 9412.71187199 
104.0 671.0 0.038214384001 9617.85615999 
176.0 649.0 0.0160480000004 9839.52 
253.0 664.0 0.0161432700002 9838.5673 
344.0 639.0 0.00841800000022 9915.82 
436.0 670.0 0.0169142944 9830.857056 
490.0 640.0 0.0249420000007 9750.57999999 
562.0 634.0 0.0422947760005 9577.05223999 
672.0 663.0 0.0330580000009 9669.41999999 
722.0 635.0 0.0518771836006 9481.22816399 
808.0 665.0 0.0330702492004 9669.297508 
894.0 660.0 0.0235560000003 9764.44 
965.0 656.0 0.0346281999998 9653.718 
48.0 712.0 0.0577544152014 9422.45584799 
100.0 729.0 0.0742936900015 9257.06309999 
185.0 737.0 0.0742936900015 9257.06309999 
276.0 732.0 0.0323760000009 9676.23999999 
343.0 749.0 0.0159029392001 9840.970608 
431.0 743.0 0.0245220000006 9754.77999999 
510.0 745.0 0.0449841460007 9550.15853999 
571.0 724.0 0.0394530096004 9605.469904 
661.0 747.0 0.104022022402 8959.77977598 
740.0 721.0 0.0581968304015 9418.03169598 
802.0 736.0 0.0844075400016 9155.92459998 
899.0 725.0 0.0247340000006 9752.65999999 
980.0 711.0 0.0161880000004 9838.12 
36.0 801.0 0.096014644 9039.85356 
133.0 793.0 0.0247200000006 9752.79999999 
180.0 824.0 0.0303364400003 9696.6356 
280.0 813.0 0.0162940000004 9837.06 
328.0 791.0 0.0334815343997 9665.184656 
404.0 812.0 0.0344700268008 9655.29973199 
503.0 819.0 0.0463354927999 9536.645072 
575.0 800.0 0.049769194001 9502.30805999 
656.0 798.0 0.0493720000013 9506.27999999 
712.0 800.0 0.0545592800009 9454.40719999 
798.0 792.0 0.0545592800009 9454.40719999 
881.0 825.0 0.0164540000004 9835.46 
979.0 810.0 0.0306748600001 9693.2514 
51.0 884.0 0.0598340160014 9401.65983999 
121.0 902.0 0.0996983808016 9003.01619198 
194.0 880.0 0.0685602172004 9314.397828 
276.0 869.0 0.0656080000017 9343.91999998 
330.0 903.0 0.196645392001 8033.54607999 
404.0 886.0 0.00810200000021 9918.98 
505.0 884.0 0.0245540000006 9754.45999999 
561.0 868.0 0.0382764992009 9617.23500799 
646.0 892.0 0.0382764992009 9617.23500799 
746.0 893.0 0.00811600000021 9918.84 
814.0 900.0 0.0157012136 9842.987864 
872.0 882.0 0.0157012136 9842.987864 
972.0 869.0 0.0391350296 9608.649704 
57.0 965.0 0.0391350296 9608.649704 
99.0 976.0 0.027656742 9723.43258 
189.0 958.0 0.0164220000004 9835.78 
276.0 955.0 0.0656080000017 9343.91999998 
358.0 968.0 0.229473129203 7705.26870797 
419.0 974.0 0.184297343603 8157.02656397 
483.0 966.0 0.156682160003 8433.17839997 
562.0 977.0 0.139464598403 8605.35401597 
642.0 965.0 0.0645584768011 9354.41523199 
720.0 977.0 0.0345378512001 9654.621488 
813.0 945.0 0.0245380000006 9754.61999999 
888.0 963.0 0.0442568956003 9557.431044 
952.0 948.0 0.0318874032005 9681.12596799 
300.0 346.0 0.0807770140019 9192.22985998 
936.0 166.0 0.104514694401 8954.85305599 
613.0 212.0 0.177614319203 8223.85680797 
432.0 374.0 0.107322115201 8926.77884799 
33.0 878.0 0.0654680000017 9345.31999998 
219.0 97.0 0.084338056801 9156.61943199 
386.0 166.0 0.0862633620021 9137.36637998 
373.0 469.0 0.155389300001 8446.10699999 
45.0 729.0 0.115752606001 8842.47393999 
732.0 711.0 0.149195709202 8508.04290798 
317.0 342.0 0.0638089536016 9361.91046398 
5.0 212.0 0.0695073744016 9304.92625598 
933.0 773.0 0.0426306464004 9573.693536 
744.0 132.0 0.0841980800015 9158.01919999 
292.0 66.0 0.0430014080006 9569.98591999 
958.0 101.0 0.056929850001 9430.70149999 
462.0 170.0 0.1511532872 8488.467128 
970.0 264.0 0.1511532872 8488.467128 
95.0 146.0 0.169432674003 8305.67325997 
573.0 960.0 0.0754343760022 9245.65623998 
156.0 1.0 0.0453463248011 9546.53675199 
