0.0 1000.0
78.0 105.0 0.0288410000008 9711.58999999 
133.0 52.0 0.0288410000008 9711.58999999 
177.0 45.0 0.0291085288001 9708.914712 
232.0 44.0 0.0291085288001 9708.914712 
314.0 50.0 0.00824000000022 9917.6 
371.0 49.0 0.0319596800006 9680.40319999 
445.0 56.0 0.0607883892008 9392.11610799 
499.0 34.0 0.0300312800008 9699.68719999 
597.0 84.0 0.02921454 9707.8546 
693.0 29.0 0.0165380000004 9834.62 
740.0 40.0 0.058536824001 9414.63175999 
767.0 16.0 0.0269336840003 9730.66316 
890.0 73.0 0.00797000000021 9920.3 
903.0 39.0 0.0100820499997 9899.1795 
64.0 153.0 0.0605190896012 9394.80910399 
135.0 165.0 0.00816800000021 9918.32 
190.0 124.0 0.0158557215997 9841.442784 
249.0 92.0 0.0367072239998 9632.92776 
306.0 111.0 0.0164920000004 9835.08 
392.0 111.0 0.0644608424003 9355.391576 
446.0 116.0 0.110056773603 8899.43226397 
519.0 134.0 0.110056773603 8899.43226397 
606.0 136.0 0.0660768608014 9339.23139199 
683.0 111.0 0.0246920000006 9753.07999999 
746.0 92.0 0.0626132719995 9373.86728 
827.0 110.0 0.0947538036007 9052.46196399 
875.0 124.0 0.0561350000015 9438.64999999 
934.0 153.0 0.0389277088005 9610.722912 
72.0 211.0 0.0828505424006 9171.49457599 
114.0 223.0 0.143277374401 8567.22625599 
183.0 224.0 0.112130835202 8878.69164798 
253.0 188.0 0.112130835202 8878.69164798 
315.0 184.0 0.0377938408006 9622.06159199 
409.0 176.0 0.0492880000013 9507.11999999 
470.0 175.0 0.0814437720005 9185.56227999 
540.0 212.0 0.0105631240004 9894.36876 
619.0 186.0 0.0745363772015 9254.63622799 
682.0 166.0 0.0480581504006 9519.41849599 
766.0 161.0 0.0405340000011 9594.65999999 
812.0 162.0 0.0900640956017 9099.35904398 
872.0 194.0 0.0565598848007 9434.40115199 
956.0 207.0 0.0198807168 9801.192832 
72.0 288.0 0.0198807168 9801.192832 
143.0 272.0 0.208200828002 7917.99171998 
196.0 275.0 0.086140651202 9138.59348798 
255.0 264.0 0.0737907720012 9262.09227999 
320.0 237.0 0.0973245440003 9026.75456 
379.0 249.0 0.0390940500006 9609.05949999 
449.0 237.0 0.0390940500006 9609.05949999 
551.0 249.0 0.00813800000021 9918.62 
613.0 237.0 0.0407200000011 9592.79999999 
676.0 239.0 0.0144321731999 9855.678268 
762.0 232.0 0.00816400000021 9918.36 
808.0 266.0 0.0359657640006 9640.34235999 
905.0 262.0 0.0359657640006 9640.34235999 
968.0 255.0 0.00800800000021 9919.92 
65.0 332.0 0.248527231204 7514.72768796 
132.0 328.0 0.254686686003 7453.13313997 
195.0 321.0 0.0494420000013 9505.57999999 
257.0 333.0 0.130224939201 8697.75060799 
320.0 305.0 0.138638614401 8613.61385599 
410.0 324.0 0.0165660000004 9834.34 
473.0 330.0 0.038015366 9619.84634 
525.0 324.0 0.0292286400005 9707.7136 
606.0 314.0 0.111023119601 8889.76880399 
674.0 317.0 0.0642254884012 9357.74511599 
735.0 320.0 0.0307623080004 9692.37692 
826.0 307.0 0.0833577664006 9166.42233599 
880.0 311.0 0.0374190864006 9625.80913599 
954.0 341.0 0.0374190864006 9625.80913599 
46.0 371.0 0.212705211999 7872.94788001 
131.0 374.0 0.0123261912 9876.738088 
199.0 431.0 0.0916108960025 9083.89103997 
249.0 400.0 0.0303271096004 9696.728904 
338.0 398.0 0.065316368001 9346.83631999 
383.0 381.0 0.0286520496003 9713.479504 
474.0 403.0 0.0492080000013 9507.91999999 
541.0 407.0 0.183561800002 8164.38199998 
597.0 378.0 0.156263702802 8437.36297198 
669.0 399.0 0.0570451200011 9429.54879999 
758.0 384.0 0.0166140000004 9833.86 
817.0 405.0 0.0230990704003 9769.009296 
884.0 390.0 0.0410300000011 9589.69999999 
951.0 388.0 0.0157052191999 9842.947808 
92.0 408.0 0.0900240000024 9099.75999998 
177.0 503.0 0.0574340000015 9425.65999998 
222.0 480.0 0.135959287199 8640.40712801 
265.0 471.0 0.127648872002 8723.51127998 
305.0 459.0 0.0907970816008 9092.02918399 
381.0 495.0 0.326985577605 6730.14422395 
449.0 447.0 0.326985577605 6730.14422395 
529.0 466.0 0.216431086405 7835.68913595 
595.0 456.0 0.0149286183998 9850.713816 
685.0 467.0 0.164413983204 8355.86016796 
748.0 453.0 0.0478212680008 9521.78731999 
838.0 466.0 0.0226058000006 9773.94199999 
894.0 462.0 0.00819600000022 9918.04 
955.0 469.0 0.0143757839998 9856.24216 
112.0 589.0 0.0391043760004 9608.95624 
149.0 591.0 0.0221363864 9778.636136 
216.0 574.0 0.00818800000022 9918.12 
269.0 577.0 0.0305943136004 9694.056864 
365.0 539.0 0.398681063205 6013.18936795 
436.0 518.0 0.304752366405 6952.47633595 
481.0 520.0 0.251745924403 7482.54075597 
518.0 527.0 0.215677326402 7843.22673598 
598.0 519.0 0.0902100000024 9097.89999998 
666.0 526.0 0.232112001602 7678.87998398 
751.0 524.0 0.0544612328011 9455.38767199 
813.0 521.0 0.00826000000022 9917.4 
890.0 542.0 0.0900754200018 9099.24579998 
949.0 540.0 0.0603066760002 9396.93324 
67.0 656.0 0.0548507020002 9451.49298 
131.0 646.0 0.0801047200013 9198.95279999 
196.0 626.0 0.00819800000022 9918.02 
275.0 637.0 0.0574434216007 9425.56578399 
326.0 624.0 0.333518320002 6664.81679998 
379.0 598.0 0.424841362005 5751.58637995 
448.0 594.0 0.00826400000022 9917.36 
507.0 623.0 0.0154074015998 9845.925984 
625.0 620.0 0.00815800000021 9918.42 
677.0 638.0 0.0130984848004 9869.015152 
710.0 565.0 0.183829049202 8161.70950798 
770.0 593.0 0.103706656001 8962.93343999 
891.0 600.0 0.12579564 8742.0436 
973.0 592.0 0.0297083520005 9702.91647999 
66.0 708.0 0.0496120000013 9503.87999999 
122.0 721.0 0.103567086003 8964.32913997 
165.0 683.0 0.0768540184009 9231.45981599 
217.0 705.0 0.0298559440002 9701.44056 
290.0 685.0 0.103267614801 8967.32385199 
368.0 670.0 0.123070000003 8769.29999997 
442.0 683.0 0.123070000003 8769.29999997 
505.0 672.0 0.114516000003 8854.83999997 
638.0 731.0 0.114516000003 8854.83999997 
674.0 689.0 0.114516000003 8854.83999997 
765.0 720.0 0.103935536003 8960.64463997 
795.0 637.0 0.0578236416007 9421.76358399 
848.0 660.0 0.120323616003 8796.76383997 
907.0 663.0 0.168248098401 8317.51901599 
69.0 779.0 0.182062750003 8179.37249997 
126.0 772.0 0.150693308003 8493.06691997 
166.0 757.0 0.0771147200016 9228.85279998 
213.0 746.0 0.0771147200016 9228.85279998 
291.0 751.0 0.0938054000024 9061.94599998 
355.0 753.0 0.0641868000017 9358.13199998 
432.0 748.0 0.0641868000017 9358.13199998 
514.0 760.0 0.0315091256003 9684.908744 
668.0 775.0 0.285793475206 7142.06524794 
725.0 798.0 0.399394414403 6006.05585597 
761.0 778.0 0.335203040005 6647.96959995 
819.0 767.0 0.280839628003 7191.60371997 
868.0 718.0 0.219406274403 7805.93725597 
939.0 733.0 0.0140302944001 9859.697056 
52.0 835.0 0.259194614402 7408.05385598 
101.0 843.0 0.177780310005 8222.19689995 
171.0 844.0 0.0279126060003 9720.87394 
223.0 843.0 0.0292707132007 9707.29286799 
297.0 800.0 0.0490080000013 9509.91999999 
361.0 805.0 0.0229481936002 9770.518064 
476.0 825.0 0.048632950001 9513.67049999 
535.0 824.0 0.0387367676001 9612.632324 
624.0 840.0 0.00825000000022 9917.5 
689.0 865.0 0.0162524999999 9837.475 
761.0 838.0 0.351558707207 6484.41292793 
834.0 828.0 0.110989430402 8890.10569598 
887.0 822.0 0.0289895200006 9710.10479999 
935.0 793.0 0.00814200000021 9918.58 
28.0 900.0 0.0292359472006 9707.64052799 
84.0 895.0 0.2225980856 7774.019144 
144.0 882.0 0.168134356404 8318.65643596 
237.0 894.0 0.0618678152011 9381.32184799 
338.0 896.0 0.0407200000011 9592.79999999 
386.0 887.0 0.10079744 8992.0256 
453.0 889.0 0.127055374001 8729.44625999 
537.0 891.0 0.0242960000006 9757.03999999 
604.0 898.0 0.0155087879996 9844.91212 
684.0 909.0 0.0163140000004 9836.86 
757.0 910.0 0.0162880000004 9837.12 
829.0 908.0 0.0283709744005 9716.29025599 
886.0 875.0 0.0162540000004 9837.46 
947.0 901.0 0.0236702155999 9763.297844 
19.0 954.0 0.0324630200005 9675.3698 
91.0 947.0 0.123126000003 8768.73999997 
144.0 945.0 0.0917688900025 9082.31109998 
204.0 947.0 0.0911234176017 9088.76582398 
332.0 950.0 0.00806400000021 9919.36 
389.0 955.0 0.0540643072008 9459.35692799 
471.0 954.0 0.0714114348008 9285.88565199 
527.0 978.0 0.0301070176001 9698.929824 
611.0 960.0 0.00813000000021 9918.7 
661.0 951.0 0.00813000000021 9918.7 
736.0 950.0 0.0151361279997 9848.63872 
808.0 953.0 0.0388763200001 9611.2368 
891.0 947.0 0.00830800000022 9916.92 
957.0 963.0 0.0241452991999 9758.547008 
851.0 344.0 0.0782838780011 9217.16121999 
617.0 319.0 0.080712136802 9192.87863198 
676.0 413.0 0.0540362788012 9459.63721199 
344.0 490.0 0.234599196006 7654.00803994 
