0.0 0.0
37.0 20.0 0.0898051560018 9910.194844 
88.0 29.0 0.0796608560016 9920.339144 
194.0 9.0 0.428892200006 9571.10779999 
226.0 40.0 0.508926340008 9491.07365999 
290.0 41.0 0.532942688012 9467.05731199 
353.0 42.0 0.338462440003 9661.53756 
417.0 21.0 0.231716616002 9768.283384 
510.0 36.0 0.0338400000009 9966.16 
564.0 36.0 0.0791354880007 9920.864512 
622.0 44.0 0.0939639360019 9906.036064 
699.0 24.0 0.0243800000006 9975.62 
765.0 37.0 0.0625039000002 9937.4961 
824.0 26.0 0.0379367520004 9962.063248 
907.0 45.0 0.0164000000004 9983.6 
981.0 48.0 0.0164000000004 9983.6 
50.0 87.0 0.114635472001 9885.364528 
71.0 109.0 0.0346607000006 9965.3393 
178.0 98.0 0.00812000000021 9991.88 
218.0 96.0 0.00800000000021 9992.0 
300.0 110.0 0.302398164005 9697.601836 
372.0 86.0 0.0872194720022 9912.780528 
434.0 83.0 0.186836464002 9813.163536 
515.0 110.0 0.0800732640021 9919.926736 
569.0 116.0 0.0375258560006 9962.474144 
649.0 108.0 0.116843600003 9883.1564 
688.0 92.0 0.0779746280018 9922.025372 
762.0 85.0 0.0363440680008 9963.655932 
837.0 109.0 0.0155348999996 9984.4651 
905.0 83.0 0.0293694400004 9970.63056 
954.0 106.0 0.0377969200011 9962.20308 
26.0 148.0 0.0400183280008 9959.981672 
113.0 184.0 0.107640000003 9892.36 
151.0 180.0 0.206936160003 9793.06384 
240.0 152.0 0.013792 9986.208 
311.0 169.0 0.183232496001 9816.767504 
367.0 177.0 0.148676000004 9851.324 
427.0 170.0 0.121496328001 9878.503672 
501.0 153.0 0.0953482960018 9904.651704 
553.0 165.0 0.0539790720014 9946.020928 
627.0 170.0 0.074460000002 9925.54 
692.0 158.0 0.158418724 9841.581276 
782.0 181.0 0.0273588000005 9972.6412 
821.0 172.0 0.00842000000022 9991.58 
905.0 172.0 0.0253200000007 9974.68 
978.0 171.0 0.0469979280009 9953.002072 
41.0 244.0 0.00822000000022 9991.78 
106.0 228.0 0.314245736004 9685.754264 
152.0 229.0 0.196873600005 9803.1264 
223.0 228.0 0.0161400000004 9983.86 
309.0 237.0 0.0172800000004 9982.72 
359.0 246.0 0.0219257999999 9978.0742 
447.0 216.0 0.0857487840019 9914.251216 
507.0 221.0 0.0778355000011 9922.1645 
575.0 234.0 0.0329105840007 9967.089416 
624.0 226.0 0.0137487599997 9986.25124 
714.0 221.0 0.159058668003 9840.941332 
763.0 218.0 0.0738829240014 9926.117076 
845.0 245.0 0.0487600000013 9951.24 
895.0 219.0 0.0385978240004 9961.402176 
975.0 221.0 0.0374546560005 9962.545344 
30.0 295.0 0.0126949679997 9987.305032 
107.0 285.0 0.252493000002 9747.507 
153.0 284.0 0.106770464002 9893.229536 
247.0 289.0 0.0379307160005 9962.069284 
284.0 314.0 0.0522984960009 9947.701504 
358.0 289.0 0.0522984960009 9947.701504 
454.0 304.0 0.00844000000022 9991.56 
516.0 297.0 0.0150113840003 9984.988616 
550.0 292.0 0.0150113840003 9984.988616 
647.0 311.0 0.0160200000004 9983.98 
713.0 303.0 0.0563464800009 9943.65352 
762.0 295.0 0.0522966160008 9947.703384 
846.0 306.0 0.0895167680007 9910.483232 
915.0 306.0 0.0964317680005 9903.568232 
967.0 310.0 0.0447376000009 9955.2624 
49.0 383.0 0.0383057599997 9961.69424 
111.0 351.0 0.226969792003 9773.030208 
166.0 364.0 0.182722208003 9817.277792 
225.0 356.0 0.132439860003 9867.56014 
284.0 379.0 0.0800936000019 9919.9064 
370.0 368.0 0.0164400000004 9983.56 
435.0 382.0 0.0393562480008 9960.643752 
512.0 351.0 0.0170800000004 9982.92 
556.0 364.0 0.0331506800007 9966.84932 
646.0 382.0 0.0401200000011 9959.88 
684.0 369.0 0.0551034800009 9944.89652 
763.0 367.0 0.00800000000021 9992.0 
831.0 355.0 0.0483488000007 9951.6512 
906.0 352.0 0.0483488000007 9951.6512 
953.0 351.0 0.0460597800006 9953.94022 
23.0 430.0 0.00836000000022 9991.64 
96.0 420.0 0.0389679200006 9961.03208 
156.0 417.0 0.0714889400014 9928.51106 
238.0 424.0 0.0495221760011 9950.477824 
314.0 430.0 0.0310136720002 9968.986328 
383.0 442.0 0.108500000003 9891.5 
443.0 421.0 0.0274764600006 9972.52354 
516.0 429.0 0.0274764600006 9972.52354 
552.0 419.0 0.0313608160006 9968.639184 
644.0 428.0 0.0514259200014 9948.57408 
705.0 432.0 0.0766786560013 9923.321344 
780.0 449.0 0.0766786560013 9923.321344 
848.0 447.0 0.0335200000009 9966.48 
910.0 432.0 0.0150182640002 9984.981736 
982.0 439.0 0.0150182640002 9984.981736 
33.0 497.0 0.0160328079997 9983.967192 
109.0 491.0 0.0168400000004 9983.16 
159.0 515.0 0.0354599680004 9964.540032 
229.0 511.0 0.0316400000008 9968.36 
311.0 491.0 0.0165200000004 9983.48 
376.0 505.0 0.107415700003 9892.5843 
418.0 509.0 0.341047600007 9658.95239999 
503.0 486.0 0.00724000000019 9992.76 
573.0 513.0 0.00826000000022 9991.74 
622.0 511.0 0.164240000004 9835.76 
716.0 495.0 0.0297149600004 9970.28504 
756.0 494.0 0.0297149600004 9970.28504 
847.0 504.0 0.0507600000013 9949.24 
889.0 491.0 0.0683586160003 9931.641384 
952.0 498.0 0.0640201200016 9935.97988 
29.0 574.0 0.147920000004 9852.08 
97.0 582.0 0.358199968005 9641.80003199 
159.0 566.0 0.061036852001 9938.963148 
228.0 575.0 0.097545816002 9902.454184 
284.0 555.0 0.0473993000011 9952.6007 
371.0 566.0 0.0998400000026 9900.16 
433.0 577.0 0.329530984004 9670.469016 
505.0 555.0 0.0141397199997 9985.86028 
580.0 573.0 0.0382881480005 9961.711852 
628.0 577.0 0.209641600004 9790.3584 
708.0 551.0 0.298547316004 9701.452684 
766.0 582.0 0.250285200004 9749.7148 
831.0 570.0 0.172363880001 9827.63612 
884.0 555.0 0.0398790400004 9960.12096 
973.0 554.0 0.0315553640005 9968.444636 
27.0 620.0 0.154190240004 9845.80976 
88.0 649.0 0.470750680011 9529.24931999 
158.0 620.0 0.470750680011 9529.24931999 
229.0 644.0 0.0938118800019 9906.18812 
310.0 635.0 0.0602000000016 9939.8 
368.0 644.0 0.0328917800004 9967.10822 
443.0 634.0 0.273966704006 9726.03329599 
507.0 639.0 0.229002276003 9770.997724 
578.0 621.0 0.0240000000006 9976.0 
649.0 618.0 0.249172176006 9750.82782399 
693.0 624.0 0.332009508003 9667.990492 
753.0 629.0 0.146297500003 9853.7025 
849.0 617.0 0.119114796001 9880.885204 
898.0 630.0 0.0895128000021 9910.4872 
952.0 643.0 0.0618541000006 9938.1459 
40.0 686.0 0.112353300002 9887.6467 
98.0 691.0 0.193799680005 9806.20032 
155.0 713.0 0.104396980001 9895.60302 
239.0 704.0 0.0591060000003 9940.894 
313.0 696.0 0.132129480001 9867.87052 
360.0 711.0 0.148370056003 9851.629944 
449.0 695.0 0.138907236003 9861.092764 
500.0 700.0 0.193056480002 9806.94352 
555.0 690.0 0.193056480002 9806.94352 
645.0 710.0 0.0329200000009 9967.08 
694.0 693.0 0.154193008003 9845.806992 
754.0 716.0 0.109959068002 9890.040932 
807.0 688.0 0.0320716080004 9967.928392 
876.0 703.0 0.00794000000021 9992.06 
954.0 687.0 0.037287840001 9962.71216 
29.0 778.0 0.00822000000022 9991.78 
99.0 768.0 0.227708988002 9772.291012 
154.0 773.0 0.126731280003 9873.26872 
219.0 760.0 0.0455137280006 9954.486272 
300.0 780.0 0.0163800000004 9983.62 
365.0 753.0 0.113936576002 9886.063424 
421.0 765.0 0.0934617600016 9906.53824 
513.0 754.0 0.146674460002 9853.32554 
562.0 780.0 0.116812804002 9883.187196 
634.0 770.0 0.0646800000017 9935.32 
692.0 775.0 0.165200104002 9834.799896 
781.0 771.0 0.150403088003 9849.596912 
842.0 775.0 0.046134356001 9953.865644 
886.0 774.0 0.0422800000011 9957.72 
953.0 782.0 0.0395392039998 9960.460796 
41.0 824.0 0.0615754400012 9938.42456 
91.0 834.0 0.201361760002 9798.63824 
165.0 818.0 0.0282623600002 9971.73764 
246.0 841.0 0.0125574800002 9987.44252 
295.0 825.0 0.0580800000015 9941.92 
354.0 823.0 0.0402101399995 9959.78986 
427.0 825.0 0.0643987360008 9935.601264 
510.0 842.0 0.0565400000015 9943.46 
578.0 845.0 0.110355584002 9889.644416 
635.0 849.0 0.0594255400008 9940.57446 
701.0 846.0 0.094237504002 9905.762496 
769.0 826.0 0.160227040004 9839.77296 
835.0 829.0 0.078760700001 9921.2393 
904.0 841.0 0.0683698440013 9931.630156 
980.0 840.0 0.0314707520006 9968.529248 
46.0 896.0 0.0314707520006 9968.529248 
109.0 886.0 0.150242528004 9849.757472 
161.0 892.0 0.0983372800017 9901.66272 
223.0 914.0 0.0661683200013 9933.83168 
306.0 885.0 0.0228015120004 9977.198488 
351.0 888.0 0.0650606960014 9934.939304 
424.0 887.0 0.0331737520001 9966.826248 
504.0 894.0 0.0335181600003 9966.48184 
560.0 883.0 0.0612119600006 9938.78804 
648.0 888.0 0.0354456800009 9964.55432 
712.0 914.0 0.0398679200005 9960.13208 
763.0 886.0 0.0469812160008 9953.018784 
839.0 890.0 0.0305082640005 9969.491736 
915.0 898.0 0.063848040001 9936.15196 
966.0 912.0 0.039735592001 9960.264408 
43.0 973.0 0.00869668799991 9991.303312 
117.0 955.0 0.0576000000013 9942.4 
183.0 982.0 0.0576000000013 9942.4 
232.0 951.0 0.0452488000007 9954.7512 
297.0 951.0 0.0720958400009 9927.90416 
365.0 966.0 0.0335826960004 9966.417304 
420.0 963.0 0.0335826960004 9966.417304 
505.0 951.0 0.0376650000005 9962.335 
546.0 951.0 0.039376320001 9960.62368 
635.0 945.0 0.00900000000023 9991.0 
697.0 969.0 0.0169559999998 9983.044 
775.0 966.0 0.0333000000009 9966.7 
834.0 983.0 0.0836682 9916.3318 
906.0 953.0 0.0632039200009 9936.79608 
970.0 969.0 0.0422872960008 9957.712704 
131.0 18.0 0.155620000004 9844.38 
641.0 422.0 0.0636780000009 9936.322 
45.0 965.0 0.00858000000022 9991.42 
140.0 221.0 0.197980736005 9802.019264 
750.0 650.0 0.193315700005 9806.6843 
399.0 456.0 0.200570848 9799.429152 
722.0 274.0 0.125670308002 9874.329692 
920.0 709.0 0.0197515360005 9980.248464 
933.0 203.0 0.0591966800014 9940.80332 
14.0 631.0 0.036644504001 9963.355496 
771.0 592.0 0.0910410000023 9908.959 
297.0 889.0 0.070774800002 9929.2252 
83.0 713.0 0.336150168006 9663.84983199 
361.0 580.0 0.0265721919996 9973.427808 
661.0 569.0 0.449034480003 9550.96552 
114.0 661.0 0.254447440005 9745.55256 
107.0 565.0 0.00826000000022 9991.74 
471.0 96.0 0.134673192002 9865.326808 
717.0 782.0 0.193800464003 9806.199536 
673.0 613.0 0.251086884006 9748.91311599 
7.0 335.0 0.0166000000004 9983.4 
189.0 98.0 0.155536504004 9844.463496 
850.0 971.0 0.0778408000014 9922.1592 
850.0 245.0 0.00795959999991 9992.0404 
323.0 291.0 0.0303534720004 9969.646528 
