0.0 0.0
40.0 23.0 0.0724850760012 9927.514924 
78.0 23.0 0.0820346560019 9917.965344 
131.0 32.0 0.0596023200006 9940.39768 
179.0 21.0 0.0291219 9970.8781 
279.0 20.0 0.0492400000013 9950.76 
329.0 21.0 0.114849848002 9885.150152 
386.0 31.0 0.150688404004 9849.311596 
442.0 36.0 0.0545925480014 9945.407452 
504.0 42.0 0.0545925480014 9945.407452 
553.0 17.0 0.0545925480014 9945.407452 
630.0 22.0 0.0330200000009 9966.98 
673.0 53.0 0.0768972400014 9923.10276 
734.0 36.0 0.0768972400014 9923.10276 
781.0 17.0 0.0735000000019 9926.5 
823.0 41.0 0.181618000004 9818.382 
886.0 44.0 0.0478400000013 9952.16 
941.0 59.0 0.0128699999998 9987.13 
28.0 74.0 0.198740000005 9801.25999999 
78.0 89.0 0.471057300003 9528.9427 
134.0 95.0 0.587057360002 9412.94264 
185.0 86.0 0.587057360002 9412.94264 
273.0 95.0 0.107660000003 9892.34 
316.0 91.0 0.107660000003 9892.34 
381.0 82.0 0.102881936002 9897.118064 
433.0 100.0 0.0669343840019 9933.065616 
503.0 89.0 0.0328000000009 9967.2 
555.0 94.0 0.0332019599999 9966.79804 
613.0 83.0 0.0300475200001 9969.95248 
690.0 75.0 0.0792144720004 9920.785528 
730.0 101.0 0.123960192002 9876.039808 
787.0 88.0 0.162217944004 9837.782056 
828.0 82.0 0.217499416005 9782.500584 
886.0 89.0 0.172971304003 9827.028696 
934.0 122.0 0.126605208002 9873.394792 
42.0 130.0 0.234795520005 9765.20447999 
87.0 148.0 0.234863624005 9765.13637599 
161.0 136.0 0.517943760011 9482.05623999 
211.0 153.0 0.487572720002 9512.42728 
250.0 138.0 0.404786248006 9595.21375199 
336.0 153.0 0.339158236008 9660.84176399 
387.0 134.0 0.152610288004 9847.389712 
448.0 151.0 0.0290059440005 9970.994056 
507.0 146.0 0.0359998000001 9964.0002 
554.0 143.0 0.0289572160008 9971.042784 
631.0 148.0 0.223697564004 9776.302436 
687.0 143.0 0.303732572008 9696.26742799 
732.0 136.0 0.248156216005 9751.84378399 
787.0 145.0 0.216164456006 9783.83554399 
839.0 135.0 0.0995524400027 9900.44756 
895.0 135.0 0.102105408002 9897.894592 
961.0 161.0 0.0834880000017 9916.512 
43.0 185.0 0.0388847200006 9961.11528 
75.0 189.0 0.0361622000006 9963.8378 
153.0 205.0 0.0245800000006 9975.42 
209.0 210.0 0.162710480004 9837.28952 
251.0 195.0 0.270624240006 9729.37575999 
337.0 198.0 0.289466248008 9710.53375199 
393.0 198.0 0.270186048003 9729.813952 
445.0 195.0 0.0875138040019 9912.486196 
510.0 212.0 0.0892200000023 9910.78 
560.0 213.0 0.215347844003 9784.652156 
612.0 194.0 0.0980200000026 9901.98 
659.0 191.0 0.182988496005 9817.011504 
720.0 185.0 0.0932907960023 9906.709204 
792.0 203.0 0.181154204003 9818.845796 
842.0 204.0 0.151498252003 9848.501748 
889.0 213.0 0.113480720002 9886.51928 
953.0 206.0 0.0704698680019 9929.530132 
58.0 265.0 0.0506200000013 9949.38 
109.0 262.0 0.0988745600014 9901.12544 
151.0 258.0 0.0123132880003 9987.686712 
218.0 270.0 0.0338200000009 9966.18 
259.0 273.0 0.0705111600018 9929.48884 
313.0 268.0 0.0684170640005 9931.582936 
386.0 254.0 0.218567780005 9781.43221999 
442.0 268.0 0.181326832002 9818.673168 
494.0 274.0 0.086260720002 9913.73928 
567.0 270.0 0.297637400007 9702.36259999 
627.0 266.0 0.297637400007 9702.36259999 
669.0 261.0 0.0330200000009 9966.98 
722.0 273.0 0.0214764759999 9978.523524 
785.0 254.0 0.0075800000002 9992.42 
837.0 251.0 0.052952908001 9947.047092 
911.0 253.0 0.131604912002 9868.395088 
964.0 259.0 0.0726050200015 9927.39498 
52.0 319.0 0.0471658560008 9952.834144 
106.0 315.0 0.129426392002 9870.573608 
159.0 325.0 0.0910795400011 9908.92046 
216.0 334.0 0.0704754400015 9929.52456 
257.0 324.0 0.0806935400014 9919.30646 
313.0 321.0 0.0383166480009 9961.683352 
392.0 326.0 0.0163600000004 9983.64 
455.0 317.0 0.123561440003 9876.43856 
500.0 333.0 0.092576536002 9907.423464 
568.0 325.0 0.264116432004 9735.883568 
622.0 335.0 0.214063040006 9785.93695999 
666.0 317.0 0.125421120002 9874.57888 
737.0 328.0 0.0362731600006 9963.72684 
805.0 319.0 0.0658000000017 9934.2 
845.0 330.0 0.145448360004 9854.55164 
900.0 310.0 0.212919500004 9787.0805 
951.0 329.0 0.0866634480021 9913.336552 
43.0 375.0 0.0576000000015 9942.4 
88.0 376.0 0.0724313040019 9927.568696 
169.0 389.0 0.139420000004 9860.58 
201.0 395.0 0.308457040008 9691.54295999 
254.0 376.0 0.178756608005 9821.243392 
325.0 392.0 0.0163600000004 9983.64 
378.0 371.0 0.0350139999998 9964.986 
430.0 380.0 0.02884714 9971.15286 
505.0 386.0 0.0575968160007 9942.403184 
560.0 379.0 0.0939560800019 9906.04392 
623.0 394.0 0.0711104800017 9928.88952 
664.0 373.0 0.133287904003 9866.712096 
720.0 386.0 0.0465456200006 9953.45438 
803.0 385.0 0.0465456200006 9953.45438 
842.0 376.0 0.0776275000019 9922.3725 
905.0 369.0 0.125788040003 9874.21196 
948.0 377.0 0.070640384002 9929.359616 
42.0 443.0 0.116986344003 9883.013656 
83.0 445.0 0.0827369400003 9917.26306 
160.0 449.0 0.131100000003 9868.9 
206.0 452.0 0.479204280003 9520.79572 
254.0 437.0 0.430172472006 9569.82752799 
312.0 435.0 0.157744960003 9842.25504 
369.0 439.0 0.0292578800004 9970.74212 
445.0 441.0 0.123200000003 9876.8 
498.0 446.0 0.132654872003 9867.345128 
550.0 432.0 0.0376824000008 9962.3176 
619.0 439.0 0.0245200000006 9975.48 
668.0 455.0 0.0538899280011 9946.110072 
741.0 452.0 0.0649200000017 9935.08 
780.0 454.0 0.123029099999 9876.9709 
841.0 455.0 0.0695544000013 9930.4456 
898.0 427.0 0.0440166320009 9955.983368 
966.0 429.0 0.0287169120008 9971.283088 
23.0 508.0 0.00820000000022 9991.8 
82.0 499.0 0.0588061000004 9941.1939 
145.0 511.0 0.0504400000013 9949.56 
202.0 505.0 0.134171320002 9865.82868 
251.0 495.0 0.393550800009 9606.44919999 
314.0 508.0 0.393550800009 9606.44919999 
376.0 502.0 0.269734628005 9730.265372 
447.0 496.0 0.269734628005 9730.265372 
505.0 500.0 0.378498960009 9621.50103999 
549.0 501.0 0.305614472006 9694.38552799 
604.0 509.0 0.296457820002 9703.54218 
674.0 489.0 0.0530554560004 9946.944544 
722.0 498.0 0.0285991000002 9971.4009 
804.0 486.0 0.162644800004 9837.3552 
845.0 500.0 0.0849807400017 9915.01926 
898.0 492.0 0.00824000000022 9991.76 
948.0 517.0 0.0216299999999 9978.37 
21.0 552.0 0.0113816000003 9988.6184 
84.0 548.0 0.0284368600002 9971.56314 
155.0 560.0 0.075766736001 9924.233264 
192.0 559.0 0.0302268800009 9969.77312 
268.0 550.0 0.329165952008 9670.83404799 
310.0 557.0 0.158871524003 9841.128476 
368.0 548.0 0.0903853800008 9909.61462 
425.0 563.0 0.0602547200016 9939.74528 
473.0 561.0 0.0602547200016 9939.74528 
572.0 558.0 0.246456432006 9753.54356799 
625.0 545.0 0.246456432006 9753.54356799 
663.0 549.0 0.215141760004 9784.85824 
754.0 554.0 0.0163200000004 9983.68 
813.0 541.0 0.105418792003 9894.581208 
849.0 554.0 0.062015900001 9937.9841 
913.0 571.0 0.0323200000009 9967.68 
937.0 560.0 0.041708656001 9958.291344 
19.0 612.0 0.0330800000009 9966.92 
78.0 619.0 0.0139550800001 9986.04492 
155.0 606.0 0.0860415680026 9913.958432 
205.0 623.0 0.0998502320013 9900.149768 
246.0 627.0 0.152472000003 9847.528 
302.0 631.0 0.119126688001 9880.873312 
378.0 629.0 0.0159000000004 9984.1 
425.0 608.0 0.0276962000002 9972.3038 
486.0 622.0 0.0160000000004 9984.0 
522.0 624.0 0.00977760000002 9990.2224 
618.0 617.0 0.00800000000021 9992.0 
664.0 604.0 0.205709024003 9794.290976 
750.0 602.0 0.0319524800007 9968.04752 
808.0 598.0 0.0298285600007 9970.17144 
850.0 593.0 0.0269699920006 9973.030008 
923.0 603.0 0.061973184001 9938.026816 
959.0 627.0 0.0545377920006 9945.462208 
29.0 662.0 0.0541879999999 9945.812 
85.0 682.0 0.0604956480003 9939.504352 
143.0 668.0 0.0243800000006 9975.62 
190.0 669.0 0.0282443280004 9971.755672 
269.0 689.0 0.0390408600003 9960.95914 
322.0 663.0 0.0810287360018 9918.971264 
379.0 688.0 0.0133337040002 9986.666296 
434.0 680.0 0.0160200000004 9983.98 
480.0 674.0 0.0127555200001 9987.24448 
550.0 685.0 0.0413600000011 9958.64 
617.0 670.0 0.0612360000015 9938.764 
666.0 657.0 0.181881124005 9818.118876 
723.0 674.0 0.150488560003 9849.51144 
770.0 667.0 0.111820872002 9888.179128 
867.0 664.0 0.00806000000021 9991.94 
908.0 651.0 0.035122200001 9964.8778 
979.0 669.0 0.0279576160005 9972.042384 
34.0 740.0 0.0233800000006 9976.62 
81.0 737.0 0.0369431400008 9963.05686 
133.0 736.0 0.00854000000022 9991.46 
188.0 742.0 0.0137681879999 9986.231812 
242.0 738.0 0.00840000000022 9991.6 
321.0 721.0 0.0382709200008 9961.72908 
377.0 744.0 0.0325000000009 9967.5 
434.0 721.0 0.0103956359998 9989.604364 
501.0 741.0 0.0498200000013 9950.18 
543.0 723.0 0.0870900959999 9912.909904 
600.0 737.0 0.122918820001 9877.08118 
659.0 732.0 0.0694316320014 9930.568368 
735.0 735.0 0.0241600000006 9975.84 
778.0 721.0 0.0869393600007 9913.06064 
835.0 733.0 0.0589304560009 9941.069544 
917.0 737.0 0.0589304560009 9941.069544 
950.0 728.0 0.00794000000021 9992.06 
43.0 780.0 0.0258813280002 9974.118672 
78.0 779.0 0.0287176080002 9971.282392 
145.0 797.0 0.0326000000009 9967.4 
191.0 802.0 0.0207110840003 9979.288916 
242.0 785.0 0.02073112 9979.26888 
326.0 792.0 0.0325000000009 9967.5 
381.0 797.0 0.0750225000012 9924.9775 
418.0 807.0 0.0803982080009 9919.601792 
485.0 779.0 0.0113363999998 9988.6636 
563.0 808.0 0.00882000000023 9991.18 
607.0 786.0 0.0547418000011 9945.2582 
663.0 787.0 0.0383994040008 9961.600596 
732.0 786.0 0.0077000000002 9992.3 
784.0 795.0 0.0199688999998 9980.0311 
840.0 788.0 0.0365078000005 9963.4922 
889.0 780.0 0.0365078000005 9963.4922 
966.0 779.0 0.0124769160001 9987.523084 
7.0 855.0 0.0163400000004 9983.66 
80.0 854.0 0.0246400000006 9975.36 
133.0 845.0 0.0516006079998 9948.399392 
189.0 852.0 0.0372069600009 9962.79304 
251.0 867.0 0.0322000000008 9967.8 
324.0 860.0 0.00824000000022 9991.76 
372.0 844.0 0.01245888 9987.54112 
436.0 847.0 0.0555830720002 9944.416928 
490.0 844.0 0.00842000000022 9991.58 
550.0 838.0 0.0250000000007 9975.0 
610.0 864.0 0.0493400000013 9950.66 
662.0 847.0 0.0773778840016 9922.622116 
727.0 847.0 0.00844000000022 9991.56 
770.0 855.0 0.0116691440004 9988.330856 
844.0 850.0 0.0569800000015 9943.02 
890.0 850.0 0.0897196000029 9910.2804 
964.0 846.0 0.0897196000029 9910.2804 
32.0 903.0 0.0584719720003 9941.528028 
78.0 910.0 0.0722539200004 9927.74608 
141.0 898.0 0.0362618800006 9963.73812 
211.0 911.0 0.0322000000008 9967.8 
267.0 911.0 0.0702164800005 9929.78352 
318.0 914.0 0.0529126000012 9947.0874 
367.0 911.0 0.00816000000021 9991.84 
444.0 901.0 0.0384344800004 9961.56552 
498.0 901.0 0.0473790920005 9952.620908 
556.0 897.0 0.0674050000018 9932.595 
594.0 920.0 0.0559714400009 9944.02856 
669.0 896.0 0.0865128000014 9913.4872 
712.0 911.0 0.0565837520012 9943.416248 
765.0 897.0 0.0246600000006 9975.34 
823.0 899.0 0.0220708799998 9977.92912 
888.0 903.0 0.114728208003 9885.271792 
945.0 891.0 0.0459788080009 9954.021192 
20.0 951.0 0.0281376320002 9971.862368 
89.0 948.0 0.0531054000012 9946.8946 
134.0 969.0 0.0273275040005 9972.672496 
208.0 956.0 0.0075200000002 9992.48 
264.0 958.0 0.0511358720014 9948.864128 
300.0 958.0 0.0614295680015 9938.570432 
378.0 966.0 0.0132942720002 9986.705728 
442.0 960.0 0.00816000000021 9991.84 
476.0 976.0 0.0104643840002 9989.535616 
562.0 967.0 0.00810000000021 9991.9 
599.0 959.0 0.0270045200005 9972.99548 
659.0 949.0 0.0270045200005 9972.99548 
720.0 952.0 0.0441348200011 9955.86518 
770.0 952.0 0.0426996000003 9957.3004 
828.0 960.0 0.0541482080013 9945.851792 
884.0 954.0 0.072080188002 9927.919812 
943.0 958.0 0.0289393680001 9971.060632 
970.0 224.0 0.0249060880001 9975.093912 
251.0 587.0 0.196101664002 9803.898336 
690.0 337.0 0.0767066240014 9923.293376 
304.0 120.0 0.392223680009 9607.77631999 
89.0 418.0 0.0273040200005 9972.69598 
193.0 168.0 0.168779680004 9831.22032 
970.0 305.0 0.0356999040008 9964.300096 
31.0 393.0 0.0948118879998 9905.188112 
544.0 428.0 0.0457354200006 9954.26458 
34.0 762.0 0.0318756960002 9968.124304 
828.0 904.0 0.0298493920001 9970.150608 
