0.0 0.0
23.0 26.0 0.118665420003 9881.33458 
82.0 29.0 0.179723200004 9820.2768 
129.0 23.0 0.108678460001 9891.32154 
185.0 17.0 0.0601164160002 9939.883584 
239.0 33.0 0.0715562720012 9928.443728 
310.0 34.0 0.0913977800021 9908.60222 
353.0 30.0 0.0562789400004 9943.72106 
430.0 22.0 0.00778000000021 9992.22 
463.0 30.0 0.00957406799969 9990.425932 
516.0 29.0 0.0577000000015 9942.3 
584.0 38.0 0.144305120002 9855.69488 
629.0 49.0 0.112600504001 9887.399496 
703.0 27.0 0.192240648004 9807.759352 
752.0 30.0 0.221763320005 9778.23668 
810.0 41.0 0.187763960001 9812.23604 
870.0 35.0 0.0412400000011 9958.76 
920.0 40.0 0.0489780000007 9951.022 
971.0 15.0 0.0286628880003 9971.337112 
37.0 90.0 0.0286628880003 9971.337112 
92.0 76.0 0.0804242840016 9919.575716 
136.0 79.0 0.0521431200012 9947.85688 
201.0 75.0 0.0412200000011 9958.78 
256.0 86.0 0.184115624004 9815.884376 
295.0 90.0 0.176118052005 9823.881948 
362.0 79.0 0.087679976002 9912.320024 
408.0 77.0 0.087679976002 9912.320024 
476.0 94.0 0.143803283999 9856.196716 
526.0 81.0 0.203820260004 9796.17974 
568.0 86.0 0.165899540003 9834.10046 
640.0 96.0 0.0849595200007 9915.04048 
696.0 84.0 0.075380000002 9924.62 
736.0 75.0 0.147867368004 9852.132632 
817.0 79.0 0.129026148001 9870.973852 
873.0 90.0 0.102401896001 9897.598104 
925.0 73.0 0.0778114160018 9922.188584 
979.0 75.0 0.0310240000004 9968.976 
41.0 150.0 0.0490400000013 9950.96 
94.0 151.0 0.0791301600016 9920.86984 
152.0 139.0 0.123960000003 9876.04 
201.0 145.0 0.239771348006 9760.22865199 
249.0 126.0 0.308014800006 9691.98519999 
303.0 131.0 0.273218816002 9726.781184 
362.0 136.0 0.224324104004 9775.675896 
403.0 150.0 0.168264888001 9831.735112 
461.0 130.0 0.0660200000017 9933.98 
529.0 149.0 0.0660200000017 9933.98 
589.0 149.0 0.011823648 9988.176352 
647.0 132.0 0.0350496600004 9964.95034 
686.0 131.0 0.0379988720009 9962.001128 
755.0 136.0 0.0379988720009 9962.001128 
813.0 125.0 0.0077000000002 9992.3 
862.0 152.0 0.0284002000007 9971.5998 
917.0 133.0 0.0249600000007 9975.04 
962.0 133.0 0.0324811999998 9967.5188 
35.0 206.0 0.0379751400005 9962.02486 
86.0 184.0 0.096897832002 9903.102168 
130.0 193.0 0.122526640003 9877.47336 
182.0 193.0 0.155651896004 9844.348104 
257.0 189.0 0.260060000007 9739.93999999 
314.0 197.0 0.684495755995 9315.504244 
366.0 207.0 0.516655184013 9483.34481599 
424.0 201.0 0.149144264002 9850.855736 
476.0 206.0 0.0703627360014 9929.637264 
519.0 204.0 0.0407200000011 9959.28 
573.0 193.0 0.00822000000022 9991.78 
633.0 199.0 0.0249400000007 9975.06 
681.0 196.0 0.0208028480004 9979.197152 
756.0 201.0 0.0160600000004 9983.94 
823.0 193.0 0.0235800000006 9976.42 
871.0 183.0 0.0391351040001 9960.864896 
924.0 187.0 0.0282748000005 9971.7252 
977.0 183.0 0.0302343000004 9969.7657 
28.0 242.0 0.0302343000004 9969.7657 
88.0 239.0 0.044896776001 9955.103224 
130.0 243.0 0.036150000001 9963.85 
192.0 249.0 0.0278998880005 9972.100112 
252.0 252.0 0.00856000000022 9991.44 
300.0 256.0 0.256671840007 9743.32815999 
353.0 237.0 0.909212188007 9090.78781199 
421.0 253.0 0.0964073320014 9903.592668 
461.0 254.0 0.0631945320012 9936.805468 
535.0 254.0 0.0961448640006 9903.855136 
592.0 259.0 0.120075304001 9879.924696 
636.0 237.0 0.0658066400009 9934.19336 
686.0 248.0 0.037743280001 9962.25672 
767.0 252.0 0.0326630639997 9967.336936 
825.0 254.0 0.0292144960001 9970.785504 
865.0 251.0 0.00806000000021 9991.94 
917.0 252.0 0.0445204600008 9955.47954 
976.0 251.0 0.0445204600008 9955.47954 
19.0 307.0 0.0979800000026 9902.02 
77.0 317.0 0.102101664 9897.898336 
132.0 310.0 0.0251800000007 9974.82 
207.0 311.0 0.0164400000004 9983.56 
248.0 299.0 0.0311006 9968.8994 
299.0 297.0 0.0296118600001 9970.38814 
359.0 293.0 0.857409152002 9142.590848 
406.0 297.0 0.783901900004 9216.0981 
467.0 295.0 0.035865164001 9964.134836 
524.0 315.0 0.0653000000017 9934.7 
588.0 297.0 0.00832000000022 9991.68 
626.0 297.0 0.0456264000007 9954.3736 
703.0 308.0 0.0250600000007 9974.94 
759.0 313.0 0.0223622080006 9977.637792 
819.0 292.0 0.0405600000011 9959.44 
874.0 311.0 0.108607232001 9891.392768 
929.0 309.0 0.124746180003 9875.25382 
971.0 294.0 0.124746180003 9875.25382 
24.0 351.0 0.128374620002 9871.62538 
85.0 350.0 0.0503802320008 9949.619768 
127.0 349.0 0.100666864001 9899.333136 
180.0 350.0 0.0599753200012 9940.02468 
245.0 374.0 0.00840000000022 9991.6 
297.0 363.0 0.0838000000022 9916.2 
358.0 361.0 0.160579520003 9839.42048 
410.0 349.0 0.777184800013 9222.81519999 
463.0 353.0 0.443409600011 9556.59039999 
538.0 359.0 0.138248352004 9861.751648 
594.0 374.0 0.179209916004 9820.790084 
648.0 366.0 0.134327600001 9865.6724 
705.0 360.0 0.0770079400009 9922.99206 
756.0 372.0 0.0378547400004 9962.14526 
798.0 367.0 0.0168000000004 9983.2 
849.0 364.0 0.0534665600012 9946.53344 
923.0 356.0 0.117576420001 9882.42358 
978.0 374.0 0.0605786800014 9939.42132 
21.0 408.0 0.178110208001 9821.889792 
73.0 410.0 0.143495648003 9856.504352 
130.0 417.0 0.0541874480013 9945.812552 
188.0 404.0 0.0303621600002 9969.63784 
251.0 409.0 0.0343584800006 9965.64152 
309.0 411.0 0.102452064001 9897.547936 
359.0 416.0 0.178463080003 9821.53692 
416.0 423.0 0.296647456007 9703.35254399 
464.0 418.0 0.701164992016 9298.83500798 
521.0 416.0 0.577930488009 9422.06951199 
577.0 422.0 0.449263744002 9550.736256 
630.0 404.0 0.314312112008 9685.68788799 
691.0 407.0 0.0639186400014 9936.08136 
755.0 410.0 0.00832000000022 9991.68 
805.0 422.0 0.0376196160004 9962.380384 
868.0 427.0 0.0332600000009 9966.74 
912.0 414.0 0.0966024600021 9903.39754 
984.0 404.0 0.0264300160004 9973.569984 
21.0 482.0 0.0166400000004 9983.36 
90.0 467.0 0.0975014640019 9902.498536 
136.0 481.0 0.0555984000013 9944.4016 
206.0 474.0 0.0888400000023 9911.16 
244.0 474.0 0.122447376003 9877.552624 
300.0 465.0 0.0651746160014 9934.825384 
351.0 473.0 0.0729713680012 9927.028632 
406.0 472.0 0.058673316001 9941.326684 
478.0 465.0 0.285648360005 9714.35164 
539.0 458.0 0.199218016004 9800.781984 
571.0 464.0 0.159517360004 9840.48264 
629.0 485.0 0.332015040008 9667.98495999 
690.0 484.0 0.0168000000004 9983.2 
756.0 473.0 0.0501200000013 9949.88 
806.0 477.0 0.0623696800013 9937.63032 
851.0 463.0 0.0451890920007 9954.810908 
924.0 468.0 0.0898731200019 9910.12688 
965.0 475.0 0.0552982000011 9944.7018 
34.0 538.0 0.117839040002 9882.16096 
77.0 526.0 0.106500000003 9893.5 
128.0 533.0 0.0285220160003 9971.477984 
204.0 531.0 0.0767420920006 9923.257908 
263.0 517.0 0.176160320005 9823.83968 
307.0 518.0 0.0766070240016 9923.392976 
368.0 541.0 0.0495400000013 9950.46 
422.0 528.0 0.0307456960007 9969.254304 
462.0 522.0 0.11775798 9882.24202 
535.0 534.0 0.11775798 9882.24202 
574.0 522.0 0.0304447360007 9969.555264 
637.0 536.0 0.316674160005 9683.32583999 
704.0 537.0 0.0626925400015 9937.30746 
737.0 521.0 0.0396708560006 9960.329144 
795.0 516.0 0.0453910400005 9954.60896 
867.0 540.0 0.0798200000021 9920.18 
909.0 528.0 0.096328656001 9903.671344 
972.0 520.0 0.043823288001 9956.176712 
33.0 577.0 0.0275969600006 9972.40304 
71.0 576.0 0.213948960003 9786.05104 
127.0 581.0 0.154726832004 9845.273168 
207.0 570.0 0.107674560003 9892.32544 
263.0 574.0 0.157336820003 9842.66318 
317.0 590.0 0.137935920002 9862.06408 
361.0 569.0 0.104907260003 9895.09274 
408.0 592.0 0.124524616 9875.475384 
480.0 570.0 0.0845292800003 9915.47072 
533.0 595.0 0.106493632002 9893.506368 
596.0 594.0 0.0892400000023 9910.76 
648.0 581.0 0.279319712002 9720.680288 
697.0 593.0 0.191446840003 9808.55316 
763.0 590.0 0.00874000000023 9991.26 
803.0 570.0 0.0309090400002 9969.09096 
867.0 569.0 0.0585545440012 9941.445456 
903.0 584.0 0.150995488003 9849.004512 
975.0 581.0 0.0263816400005 9973.61836 
32.0 650.0 0.141430460003 9858.56954 
75.0 634.0 0.205954960005 9794.04503999 
148.0 628.0 0.0582014000007 9941.7986 
204.0 632.0 0.0475688320007 9952.431168 
245.0 627.0 0.0722191440012 9927.780856 
308.0 625.0 0.0527766640016 9947.223336 
367.0 633.0 0.0874461800022 9912.55382 
423.0 644.0 0.0969429880007 9903.057012 
472.0 633.0 0.0474200000013 9952.58 
522.0 641.0 0.134656976001 9865.343024 
580.0 632.0 0.0771789280017 9922.821072 
648.0 630.0 0.154251352001 9845.748648 
682.0 634.0 0.0827286240017 9917.271376 
756.0 650.0 0.0852257760008 9914.774224 
792.0 652.0 0.157464800004 9842.5352 
874.0 635.0 0.0936272000018 9906.3728 
908.0 627.0 0.124008560003 9875.99144 
968.0 633.0 0.0425906600011 9957.40934 
34.0 693.0 0.112195804001 9887.804196 
71.0 696.0 0.0724092960013 9927.590704 
141.0 700.0 0.165140000004 9834.86 
195.0 701.0 0.0344327719998 9965.567228 
240.0 696.0 0.00788000000021 9992.12 
300.0 699.0 0.0580600000015 9941.94 
355.0 700.0 0.108435800001 9891.5642 
403.0 692.0 0.0590870720012 9940.912928 
461.0 692.0 0.0306907840001 9969.309216 
528.0 689.0 0.135258400003 9864.7416 
583.0 694.0 0.128256800002 9871.7432 
626.0 704.0 0.103707440002 9896.29256 
695.0 706.0 0.122280000003 9877.72 
737.0 704.0 0.113380000003 9886.62 
792.0 707.0 0.289016912003 9710.983088 
849.0 694.0 0.289016912003 9710.983088 
912.0 692.0 0.0164000000004 9983.6 
973.0 688.0 0.0507056000009 9949.2944 
28.0 762.0 0.00856000000022 9991.44 
88.0 752.0 0.189133500005 9810.8665 
143.0 753.0 0.38197985601 9618.02014399 
185.0 743.0 0.0278095040004 9972.190496 
253.0 747.0 0.0205055200005 9979.49448 
311.0 736.0 0.0936614800025 9906.33852 
357.0 753.0 0.136040856004 9863.959144 
429.0 751.0 0.0490600000013 9950.94 
480.0 760.0 0.116315784001 9883.684216 
540.0 760.0 0.0161200000004 9983.88 
583.0 760.0 0.0111501719999 9988.849828 
629.0 739.0 0.0545805200013 9945.41948 
700.0 756.0 0.290644100004 9709.3559 
750.0 752.0 0.224003884006 9775.99611599 
807.0 754.0 0.352439368007 9647.56063199 
857.0 760.0 0.269078400005 9730.9216 
926.0 736.0 0.0313729600008 9968.62704 
983.0 738.0 0.0370917880006 9962.908212 
32.0 806.0 0.0119018240003 9988.098176 
92.0 815.0 0.390053232009 9609.94676799 
144.0 798.0 0.478147848012 9521.85215199 
188.0 810.0 0.211503200003 9788.4968 
240.0 806.0 0.0656580800012 9934.34192 
307.0 803.0 0.0164800000004 9983.52 
362.0 805.0 0.0726430400014 9927.35696 
419.0 797.0 0.0791093000014 9920.8907 
467.0 804.0 0.148555740003 9851.44426 
525.0 810.0 0.0714160000018 9928.584 
581.0 802.0 0.0134782199998 9986.52178 
650.0 817.0 0.106060000003 9893.94 
700.0 793.0 0.329905256008 9670.09474399 
758.0 805.0 0.144645056003 9855.354944 
809.0 812.0 0.203578432004 9796.421568 
868.0 810.0 0.242326060006 9757.67393999 
920.0 799.0 0.0643200000017 9935.68 
964.0 803.0 0.0466503680011 9953.349632 
15.0 872.0 0.172532880005 9827.46712 
74.0 866.0 0.325833100003 9674.1669 
148.0 870.0 0.325833100003 9674.1669 
196.0 865.0 0.0458688920007 9954.131108 
263.0 855.0 0.036307360001 9963.69264 
294.0 848.0 0.0188099839999 9981.190016 
354.0 857.0 0.0188099839999 9981.190016 
421.0 872.0 0.0402600000011 9959.74 
476.0 851.0 0.0774374400017 9922.56256 
516.0 861.0 0.0377031200011 9962.29688 
595.0 867.0 0.0322000000008 9967.8 
639.0 867.0 0.0121021480003 9987.897852 
704.0 852.0 0.311576692001 9688.423308 
760.0 862.0 0.103484656003 9896.515344 
809.0 860.0 0.0276311040008 9972.368896 
870.0 855.0 0.123868140003 9876.13186 
902.0 850.0 0.187062480003 9812.93752 
958.0 855.0 0.105385304003 9894.614696 
27.0 920.0 0.136838752002 9863.161248 
85.0 918.0 0.234927500005 9765.0725 
135.0 924.0 0.125170912002 9874.829088 
182.0 920.0 0.0458003000006 9954.1997 
247.0 921.0 0.0332600000009 9966.74 
305.0 915.0 0.080216800002 9919.7832 
347.0 922.0 0.0825256840011 9917.474316 
420.0 919.0 0.0641800000017 9935.82 
467.0 907.0 0.099601732002 9900.398268 
541.0 916.0 0.0831405280016 9916.859472 
573.0 911.0 0.0609618400004 9939.03816 
625.0 930.0 0.058676420001 9941.32358 
701.0 910.0 0.249742172005 9750.25782799 
754.0 905.0 0.140986344002 9859.013656 
797.0 922.0 0.0832337120011 9916.766288 
846.0 918.0 0.0832337120011 9916.766288 
905.0 907.0 0.105705744001 9894.294256 
965.0 892.0 0.0332840160005 9966.715984 
39.0 961.0 0.0446606000008 9955.3394 
79.0 967.0 0.078148948002 9921.851052 
143.0 967.0 0.0646094200018 9935.39058 
201.0 982.0 0.0305454680004 9969.454532 
237.0 968.0 0.00806000000021 9991.94 
304.0 963.0 0.00806000000021 9991.94 
365.0 959.0 0.0350755720004 9964.924428 
424.0 977.0 0.043047840001 9956.95216 
478.0 972.0 0.0292126440001 9970.787356 
527.0 961.0 0.073891160002 9926.10884 
585.0 972.0 0.0296814600001 9970.31854 
626.0 966.0 0.0264907640003 9973.509236 
707.0 966.0 0.0870952000016 9912.9048 
749.0 968.0 0.0510988000013 9948.9012 
794.0 970.0 0.0638633720013 9936.136628 
842.0 972.0 0.0276497120007 9972.350288 
912.0 957.0 0.0459634960008 9954.036504 
947.0 945.0 0.0544796160014 9945.520384 
977.0 859.0 0.0458585000006 9954.1415 
342.0 343.0 0.140760599999 9859.2394 
701.0 776.0 0.232493184006 9767.50681599 
375.0 780.0 0.0713654440017 9928.634556 
430.0 384.0 0.691731000011 9308.26899999 
391.0 947.0 0.052398576001 9947.601424 
481.0 822.0 0.0838568000022 9916.1432 
162.0 144.0 0.140033000003 9859.967 
601.0 451.0 0.373982424007 9626.01757599 
857.0 465.0 0.0461096400006 9953.89036 
344.0 719.0 0.045737760001 9954.26224 
937.0 661.0 0.0813937080011 9918.606292 
715.0 621.0 0.104599728002 9895.400272 
675.0 730.0 0.162354084004 9837.645916 
849.0 40.0 0.121352608003 9878.647392 
507.0 912.0 0.107663000002 9892.337 
870.0 531.0 0.00824000000022 9991.76 
217.0 611.0 0.0547033360014 9945.296664 
942.0 555.0 0.0610357920007 9938.964208 
809.0 707.0 0.230583096006 9769.41690399 
60.0 939.0 0.0438212000007 9956.1788 
531.0 323.0 0.0654948120018 9934.505188 
626.0 680.0 0.122229792002 9877.770208 
42.0 733.0 0.0703690240015 9929.630976 
728.0 941.0 0.0964448800025 9903.55512 
180.0 573.0 0.0966632800024 9903.33672 
