0.0 0.0
22.0 13.0 0.253490740006 9746.50925999 
81.0 31.0 0.319980000008 9680.01999999 
115.0 25.0 0.287300000008 9712.69999999 
186.0 14.0 0.0498800000013 9950.12 
222.0 34.0 0.108159296 9891.840704 
268.0 36.0 0.0865968000023 9913.4032 
332.0 34.0 0.0333600000009 9966.64 
378.0 19.0 0.448419152011 9551.58084799 
431.0 21.0 0.0889987560024 9911.001244 
474.0 21.0 0.291954304007 9708.04569599 
519.0 34.0 0.0279040720001 9972.095928 
577.0 25.0 0.243928060005 9756.07194 
621.0 18.0 0.0439951000008 9956.0049 
684.0 27.0 0.0439951000008 9956.0049 
732.0 17.0 0.0489400000013 9951.06 
781.0 18.0 0.0455696720012 9954.430328 
819.0 13.0 0.0329600000009 9967.04 
871.0 31.0 0.0543464800015 9945.65352 
933.0 22.0 0.0345280319995 9965.471968 
984.0 25.0 0.0363342400007 9963.66576 
32.0 66.0 0.410819372005 9589.180628 
85.0 78.0 0.191200808002 9808.799192 
121.0 68.0 0.737178739993 9262.82126001 
179.0 83.0 1.03834718402 8961.65281598 
226.0 77.0 0.374968680008 9625.03131999 
275.0 85.0 0.0956447200021 9904.35528 
329.0 67.0 0.37438000001 9625.61999999 
381.0 73.0 0.979140240013 9020.85975999 
416.0 84.0 1.17862129603 8821.37870397 
466.0 75.0 0.968979356009 9031.02064399 
517.0 75.0 0.802547216005 9197.45278399 
564.0 81.0 0.678289940004 9321.71006 
617.0 66.0 0.192670228005 9807.329772 
677.0 67.0 0.179260000005 9820.74 
735.0 63.0 0.190713760005 9809.28624 
775.0 68.0 0.198514500004 9801.4855 
824.0 68.0 0.0946217320005 9905.378268 
864.0 70.0 0.0627082880016 9937.291712 
927.0 78.0 0.0242800000006 9975.72 
984.0 71.0 0.0211968000004 9978.8032 
35.0 125.0 0.305953880007 9694.04611999 
78.0 119.0 0.0819592800016 9918.04072 
130.0 135.0 0.0579275200004 9942.07248 
171.0 127.0 0.929820000018 9070.17999998 
213.0 133.0 0.896687200021 9103.31279998 
268.0 124.0 0.274110160007 9725.88983999 
321.0 120.0 0.0391529720009 9960.847028 
386.0 120.0 0.38647524801 9613.52475199 
426.0 113.0 0.59812704801 9401.87295199 
463.0 131.0 0.547116204014 9452.88379599 
518.0 116.0 0.295772632008 9704.22736799 
579.0 128.0 0.563827960011 9436.17203999 
621.0 120.0 0.501555456009 9498.44454399 
679.0 119.0 0.50885050001 9491.14949999 
721.0 121.0 0.38906918401 9610.93081599 
769.0 115.0 0.313351440008 9686.64855999 
828.0 133.0 0.123649808003 9876.350192 
878.0 128.0 0.0862756800023 9913.72432 
915.0 134.0 0.101600128002 9898.399872 
974.0 117.0 0.0163400000004 9983.66 
33.0 177.0 0.232841456004 9767.158544 
62.0 181.0 0.124625480003 9875.37452 
137.0 172.0 0.305738048008 9694.26195199 
184.0 167.0 0.290514376008 9709.48562399 
220.0 166.0 0.264463560007 9735.53643999 
264.0 164.0 0.90005695201 9099.94304799 
320.0 184.0 0.337400704006 9662.59929599 
368.0 180.0 0.0900332800022 9909.96672 
427.0 169.0 0.368887992002 9631.112008 
475.0 170.0 0.316404320006 9683.59567999 
535.0 172.0 0.162547700003 9837.4523 
574.0 162.0 0.0240000000006 9976.0 
618.0 185.0 0.0114363800002 9988.56362 
680.0 172.0 0.236849280005 9763.15071999 
730.0 180.0 0.152053152004 9847.946848 
785.0 164.0 0.256111524006 9743.88847599 
819.0 172.0 0.209259440006 9790.74055999 
870.0 173.0 0.193872056005 9806.127944 
928.0 174.0 0.133122160003 9866.87784 
970.0 168.0 0.0207651560006 9979.234844 
22.0 217.0 0.0493600000013 9950.64 
62.0 225.0 0.195447440001 9804.55256 
113.0 219.0 0.123940912003 9876.059088 
175.0 222.0 0.0241200000006 9975.88 
222.0 234.0 0.209914216005 9790.08578399 
269.0 221.0 0.741594848005 9258.40515199 
328.0 232.0 0.0514909120012 9948.509088 
380.0 213.0 0.050651348001 9949.348652 
419.0 232.0 0.042527944001 9957.472056 
467.0 215.0 0.276613444007 9723.38655599 
524.0 227.0 0.292160648005 9707.839352 
574.0 216.0 0.0604174760005 9939.582524 
616.0 219.0 0.0276644560005 9972.335544 
677.0 229.0 0.123586648001 9876.413352 
722.0 234.0 0.0537030000013 9946.297 
778.0 231.0 0.0803400000021 9919.66 
812.0 221.0 0.0417400000011 9958.26 
862.0 221.0 0.075630000002 9924.37 
937.0 222.0 0.099183980001 9900.81602 
984.0 217.0 0.0515412080013 9948.458792 
34.0 283.0 0.37230000001 9627.69999999 
70.0 282.0 0.42735958001 9572.64041999 
132.0 271.0 0.104112680002 9895.88732 
180.0 265.0 0.0700668480018 9929.933152 
230.0 268.0 0.217164148006 9782.83585199 
268.0 275.0 0.665735416005 9334.264584 
314.0 275.0 0.551314624017 9448.68537598 
380.0 280.0 0.0904800000024 9909.52 
413.0 268.0 0.110123968002 9889.876032 
465.0 281.0 0.169265752004 9830.734248 
532.0 271.0 0.220224000004 9779.776 
574.0 278.0 0.199404688003 9800.595312 
630.0 278.0 0.176984992002 9823.015008 
682.0 285.0 0.152391724002 9847.608276 
713.0 270.0 0.0709894520019 9929.010548 
783.0 270.0 0.159159896003 9840.840104 
818.0 263.0 0.0121374079998 9987.862592 
880.0 271.0 0.0891774080003 9910.822592 
934.0 278.0 0.0828696200008 9917.13038 
974.0 265.0 0.0446200800007 9955.37992 
36.0 313.0 0.37376448001 9626.23551999 
67.0 321.0 0.921103720004 9078.89628 
125.0 334.0 0.37795519601 9622.04480399 
169.0 314.0 0.0748134480009 9925.186552 
228.0 319.0 0.227919720006 9772.08027999 
270.0 331.0 0.372740160009 9627.25983999 
314.0 318.0 0.515002480005 9484.99751999 
362.0 325.0 0.545869776009 9454.13022399 
420.0 318.0 0.340611200008 9659.38879999 
478.0 328.0 0.251664800003 9748.3352 
520.0 334.0 0.193835200005 9806.1648 
566.0 323.0 0.159104472004 9840.895528 
629.0 321.0 0.0160600000004 9983.94 
670.0 317.0 0.123924652002 9876.075348 
712.0 330.0 0.0746321000009 9925.3679 
771.0 313.0 0.218569840004 9781.43016 
819.0 335.0 0.240832512002 9759.167488 
872.0 314.0 0.173807000001 9826.193 
923.0 323.0 0.146656152002 9853.343848 
965.0 327.0 0.0922333360021 9907.766664 
28.0 378.0 0.430640000011 9569.35999999 
79.0 375.0 1.26495928003 8735.04071997 
112.0 369.0 1.02384550001 8976.15449999 
186.0 377.0 0.0416600000011 9958.34 
221.0 380.0 0.0660880560007 9933.911944 
270.0 374.0 0.0284728840003 9971.527116 
324.0 367.0 0.414651764011 9585.34823599 
380.0 377.0 0.451864016013 9548.13598399 
417.0 375.0 0.253458104007 9746.54189599 
467.0 382.0 0.172842160002 9827.15784 
532.0 370.0 0.176324960005 9823.67504 
569.0 376.0 0.115450020002 9884.54998 
622.0 376.0 0.087447696002 9912.552304 
685.0 372.0 0.0377970000004 9962.203 
715.0 362.0 0.0262265160006 9973.773484 
782.0 376.0 0.124160000003 9875.84 
825.0 380.0 0.154417120001 9845.58288 
868.0 387.0 0.108727056003 9891.272944 
931.0 382.0 0.131454660003 9868.54534 
971.0 384.0 0.0844304800021 9915.56952 
18.0 414.0 0.212649840006 9787.35015999 
71.0 427.0 0.804041280019 9195.95871998 
130.0 426.0 1.15167115202 8848.32884798 
173.0 416.0 0.625245120016 9374.75487998 
221.0 429.0 0.0937864840005 9906.213516 
269.0 434.0 0.0556634840009 9944.336516 
322.0 428.0 0.0574400000015 9942.56 
383.0 432.0 0.251638152005 9748.361848 
418.0 414.0 0.267188344007 9732.81165599 
484.0 415.0 0.135287792002 9864.712208 
528.0 427.0 0.155166080002 9844.83392 
577.0 436.0 0.0889976240013 9911.002376 
628.0 432.0 0.0770168480006 9922.983152 
679.0 427.0 0.0371676480008 9962.832352 
721.0 425.0 0.0904800000024 9909.52 
782.0 435.0 0.207704116 9792.295884 
823.0 419.0 0.0803692400018 9919.63076 
865.0 415.0 0.0957425000023 9904.2575 
918.0 417.0 0.100095200003 9899.9048 
983.0 430.0 0.0526580800006 9947.34192 
36.0 468.0 0.295934880007 9704.06511999 
79.0 468.0 0.155090900004 9844.9091 
119.0 468.0 0.343070400009 9656.92959999 
170.0 466.0 1.08245520003 8917.54479997 
216.0 480.0 0.954840352022 9045.15964798 
276.0 466.0 0.0829181720019 9917.081828 
313.0 478.0 0.144290528 9855.709472 
373.0 481.0 0.107093324002 9892.906676 
412.0 469.0 0.125983920003 9874.01608 
484.0 476.0 0.00794000000021 9992.06 
524.0 465.0 0.0980200000026 9901.98 
570.0 485.0 0.0296965600007 9970.30344 
614.0 472.0 0.125938260003 9874.06174 
667.0 486.0 0.0548361800013 9945.16382 
729.0 469.0 0.209312000003 9790.688 
783.0 479.0 0.199244224005 9800.75577599 
819.0 475.0 0.236309528 9763.690472 
878.0 478.0 0.212212720005 9787.78728 
919.0 472.0 0.0387684080006 9961.231592 
975.0 470.0 0.0253292160003 9974.670784 
19.0 524.0 0.244188100004 9755.8119 
71.0 536.0 0.214625408006 9785.37459199 
122.0 518.0 0.0850235720021 9914.976428 
169.0 516.0 0.589833236015 9410.16676399 
229.0 528.0 0.90276528802 9097.23471198 
266.0 533.0 0.744647896015 9255.35210399 
333.0 529.0 0.185957876005 9814.042124 
382.0 530.0 0.119600264003 9880.399736 
435.0 513.0 0.0567074400012 9943.29256 
466.0 519.0 0.0586632360015 9941.336764 
536.0 520.0 0.227984536004 9772.015464 
564.0 513.0 0.188283376005 9811.71662399 
620.0 524.0 0.166534372002 9833.465628 
671.0 513.0 0.103028688001 9896.971312 
715.0 522.0 0.0550744000004 9944.9256 
762.0 512.0 0.262049632006 9737.95036799 
813.0 529.0 0.163205600004 9836.7944 
883.0 522.0 0.166511516003 9833.488484 
926.0 525.0 0.0688688720019 9931.131128 
962.0 514.0 0.00808000000021 9991.92 
30.0 585.0 0.00808000000021 9991.92 
77.0 576.0 0.165661104003 9834.338896 
125.0 583.0 0.143658136002 9856.341864 
179.0 566.0 0.0877880000018 9912.212 
233.0 576.0 0.77746176002 9222.53823998 
274.0 578.0 0.683788772018 9316.21122798 
316.0 587.0 0.576410900004 9423.5891 
376.0 567.0 0.159100664001 9840.899336 
434.0 568.0 0.129409380003 9870.59062 
484.0 584.0 0.128455904002 9871.544096 
532.0 571.0 0.187329736005 9812.67026399 
575.0 584.0 0.0972779680008 9902.722032 
633.0 579.0 0.0775770880018 9922.422912 
679.0 574.0 0.133140000003 9866.86 
734.0 574.0 0.0290653000005 9970.9347 
773.0 569.0 0.221417640004 9778.58236 
818.0 583.0 0.111502352002 9888.497648 
877.0 568.0 0.119525216002 9880.474784 
923.0 572.0 0.0832588800022 9916.74112 
986.0 568.0 0.0220430720002 9977.956928 
21.0 616.0 0.0168400000004 9983.16 
76.0 632.0 0.0365304079999 9963.469592 
126.0 625.0 0.0989543600019 9901.04564 
175.0 612.0 0.080026520002 9919.97348 
233.0 632.0 0.191801056002 9808.198944 
277.0 627.0 0.569619880015 9430.38011999 
317.0 629.0 0.53777282001 9462.22717999 
365.0 629.0 0.35601955201 9643.98044799 
413.0 633.0 0.219673280005 9780.32671999 
462.0 635.0 0.120257620003 9879.74238 
524.0 613.0 0.0579431760014 9942.056824 
579.0 617.0 0.0695072400016 9930.49276 
616.0 626.0 0.0665386400007 9933.46136 
681.0 628.0 0.314523360002 9685.47664 
728.0 635.0 0.342643328007 9657.35667199 
782.0 616.0 0.150877080002 9849.12292 
835.0 629.0 0.127371416002 9872.628584 
887.0 630.0 0.054395220001 9945.60478 
920.0 612.0 0.042935784001 9957.064216 
965.0 612.0 0.0540776960007 9945.922304 
36.0 682.0 0.132200000003 9867.8 
78.0 683.0 0.0545014400007 9945.49856 
129.0 669.0 0.0546862400011 9945.31376 
178.0 681.0 0.0708930800014 9929.10692 
215.0 677.0 0.154897104003 9845.102896 
271.0 681.0 0.188645344003 9811.354656 
318.0 676.0 0.344199400009 9655.80059999 
379.0 686.0 0.120951660002 9879.04834 
415.0 666.0 0.143129944002 9856.870056 
470.0 687.0 0.117408408003 9882.591592 
519.0 684.0 0.255260000007 9744.73999999 
567.0 677.0 0.420367920004 9579.63208 
632.0 679.0 0.210105920005 9789.89407999 
681.0 686.0 0.197562864003 9802.437136 
729.0 674.0 0.135023904003 9864.976096 
775.0 665.0 0.282740004002 9717.259996 
832.0 663.0 0.0514566200007 9948.54338 
864.0 667.0 0.0618919200016 9938.10808 
927.0 678.0 0.0250800000007 9974.92 
984.0 672.0 0.0170200000004 9982.98 
12.0 722.0 0.232602208003 9767.397792 
82.0 716.0 0.0654658880008 9934.534112 
133.0 734.0 0.0583721000005 9941.6279 
173.0 718.0 0.0841600000022 9915.84 
213.0 736.0 0.199904767999 9800.095232 
284.0 733.0 0.148554396003 9851.445604 
329.0 720.0 0.230141324001 9769.858676 
375.0 718.0 0.0931872000025 9906.8128 
429.0 720.0 0.105753056002 9894.246944 
474.0 736.0 0.0663031120006 9933.696888 
537.0 730.0 0.196105279999 9803.89472 
585.0 716.0 0.614888540005 9385.11146 
618.0 737.0 0.536099920013 9463.90007999 
681.0 720.0 0.0419279840007 9958.072016 
734.0 713.0 0.121644192003 9878.355808 
776.0 713.0 0.241537360005 9758.46264 
814.0 730.0 0.214673944006 9785.32605599 
884.0 735.0 0.0505200000013 9949.48 
932.0 715.0 0.0490923040007 9950.907696 
983.0 720.0 0.0599589040012 9940.041096 
25.0 776.0 0.327293820003 9672.70618 
73.0 782.0 0.264410320006 9735.58967999 
118.0 782.0 0.150800500003 9849.1995 
170.0 767.0 0.195852128005 9804.147872 
228.0 776.0 0.278977200004 9721.0228 
286.0 781.0 0.134687216003 9865.312784 
335.0 778.0 0.181792000005 9818.208 
373.0 767.0 0.0921600000024 9907.84 
418.0 783.0 0.156290656003 9843.709344 
478.0 783.0 0.0285001000001 9971.4999 
524.0 775.0 0.171865096003 9828.134904 
564.0 772.0 0.399789388008 9600.21061199 
619.0 787.0 0.377448000009 9622.55199999 
668.0 766.0 0.554281524012 9445.71847599 
721.0 781.0 0.506202584008 9493.79741599 
775.0 773.0 0.349546960008 9650.45303999 
815.0 771.0 0.168441288004 9831.558712 
867.0 785.0 0.150947600003 9849.0524 
930.0 766.0 0.01340782 9986.59218 
980.0 765.0 0.0295686560008 9970.431344 
37.0 812.0 0.108913120003 9891.08688 
71.0 817.0 0.0998470720025 9900.152928 
114.0 815.0 0.201007040005 9798.99295999 
182.0 835.0 0.0667200000017 9933.28 
224.0 835.0 0.246803968001 9753.196032 
284.0 813.0 0.0438739520004 9956.126048 
329.0 837.0 0.110335924003 9889.664076 
364.0 820.0 0.104890880001 9895.10912 
430.0 814.0 0.189516900003 9810.4831 
475.0 823.0 0.172343264002 9827.656736 
537.0 814.0 0.0689668000018 9931.0332 
567.0 826.0 0.163808400002 9836.1916 
618.0 818.0 0.0241200000006 9975.88 
675.0 827.0 0.0430026400008 9956.99736 
736.0 812.0 0.395358080009 9604.64191999 
765.0 819.0 0.37563616001 9624.36383999 
814.0 815.0 0.0308805400002 9969.11946 
875.0 828.0 0.0945780400026 9905.42196 
913.0 819.0 0.0561500480012 9943.849952 
985.0 836.0 0.0561500480012 9943.849952 
20.0 871.0 0.150573616002 9849.426384 
69.0 870.0 0.170333824003 9829.666176 
125.0 869.0 0.150573616002 9849.426384 
179.0 875.0 0.170333824003 9829.666176 
233.0 882.0 0.214155120004 9785.84488 
273.0 865.0 0.0887917000016 9911.2083 
327.0 870.0 0.0511000560011 9948.899944 
363.0 878.0 0.0857679200019 9914.23208 
412.0 872.0 0.0163400000004 9983.66 
484.0 865.0 0.140221840001 9859.77816 
523.0 874.0 0.109354752001 9890.645248 
585.0 882.0 0.120425360002 9879.57464 
636.0 868.0 0.0453635840005 9954.636416 
684.0 881.0 0.135155080003 9864.84492 
732.0 863.0 0.36161132801 9638.38867199 
763.0 882.0 0.300611392008 9699.38860799 
825.0 881.0 0.0649400000017 9935.06 
881.0 866.0 0.104623040002 9895.37696 
920.0 879.0 0.0936200400024 9906.37996 
980.0 885.0 0.0936200400024 9906.37996 
35.0 930.0 0.0241800000006 9975.82 
67.0 930.0 0.0258634560001 9974.136544 
133.0 934.0 0.00794000000021 9992.06 
175.0 932.0 0.100618440001 9899.38156 
227.0 924.0 0.0384059520006 9961.594048 
269.0 915.0 0.144295500001 9855.7045 
314.0 935.0 0.0953547000003 9904.6453 
385.0 923.0 0.045634688001 9954.365312 
422.0 925.0 0.0425466120003 9957.453388 
471.0 913.0 0.0329000000009 9967.1 
528.0 931.0 0.113834984001 9886.165016 
586.0 928.0 0.0959612520023 9904.038748 
614.0 912.0 0.0599927360016 9940.007264 
682.0 929.0 0.0162200000004 9983.78 
734.0 923.0 0.183462640005 9816.53736 
764.0 921.0 0.276832928006 9723.16707199 
822.0 914.0 0.246888044004 9753.111956 
875.0 916.0 0.206693580006 9793.30641999 
927.0 930.0 0.091488000002 9908.512 
972.0 914.0 0.0369829560008 9963.017044 
18.0 966.0 0.0159600000004 9984.04 
73.0 973.0 0.0428912560001 9957.108744 
125.0 979.0 0.0286536000005 9971.3464 
179.0 965.0 0.0469862760009 9953.013724 
218.0 963.0 0.0553181600013 9944.68184 
269.0 968.0 0.079905412002 9920.094588 
326.0 969.0 0.0628620000011 9937.138 
364.0 986.0 0.0280922360007 9971.907764 
430.0 969.0 0.0282960000006 9971.704 
482.0 966.0 0.0377755200011 9962.22448 
512.0 965.0 0.0345057760008 9965.494224 
577.0 964.0 0.0625911200016 9937.40888 
612.0 968.0 0.0441960800006 9955.80392 
675.0 967.0 0.0104407439998 9989.559256 
735.0 985.0 0.00822000000022 9991.78 
785.0 967.0 0.101743708002 9898.256292 
828.0 970.0 0.0865620800016 9913.43792 
875.0 967.0 0.100091972001 9899.908028 
918.0 967.0 0.0532992960006 9946.700704 
974.0 969.0 0.0372170400005 9962.78296 
