0.0 0.0
28.0 34.0 1.03753656003 8962.46343997 
82.0 11.0 0.870880940022 9129.11905998 
120.0 28.0 0.0361405280009 9963.859472 
155.0 27.0 0.173800000005 9826.2 
206.0 18.0 0.173800000005 9826.2 
266.0 34.0 0.39486000001 9605.13999999 
302.0 12.0 0.719991920017 9280.00807998 
358.0 23.0 0.86742566801 9132.57433199 
397.0 33.0 0.770186640015 9229.81335999 
462.0 13.0 0.462962160012 9537.03783999 
495.0 22.0 0.241342720006 9758.65727999 
551.0 28.0 0.210247456005 9789.752544 
583.0 18.0 0.194032000005 9805.968 
643.0 24.0 0.153200000004 9846.8 
682.0 35.0 0.166807240003 9833.19276 
735.0 12.0 0.00844000000022 9991.56 
775.0 33.0 0.0201252079999 9979.874792 
840.0 25.0 0.151287968003 9848.712032 
884.0 18.0 0.121903280002 9878.09672 
933.0 16.0 0.0564610600004 9943.53894 
985.0 12.0 0.0288281600005 9971.17184 
16.0 77.0 0.866149208022 9133.85079198 
69.0 61.0 1.44787716003 8552.12283997 
116.0 70.0 0.757270400019 9242.72959998 
177.0 61.0 0.396206400008 9603.79359999 
223.0 82.0 1.50256556003 8497.43443997 
257.0 61.0 0.521691352011 9478.30864799 
312.0 65.0 0.783066128016 9216.93387198 
353.0 83.0 0.478492480007 9521.50751999 
409.0 76.0 0.720416000019 9279.58399998 
443.0 60.0 0.797303140016 9202.69685998 
490.0 60.0 0.714520676007 9285.47932399 
548.0 63.0 0.671820220014 9328.17977999 
605.0 78.0 0.613942784016 9386.05721598 
647.0 75.0 0.0288660920008 9971.133908 
684.0 66.0 0.517808080005 9482.19191999 
733.0 83.0 0.721401160013 9278.59883999 
786.0 80.0 0.246524064006 9753.47593599 
833.0 72.0 0.309972600005 9690.02739999 
889.0 73.0 0.199136820002 9800.86318 
920.0 72.0 0.0473000000013 9952.7 
964.0 69.0 0.0583800000015 9941.62 
14.0 111.0 0.114040000003 9885.96 
73.0 114.0 0.81161820002 9188.38179998 
129.0 127.0 1.26694490401 8733.05509599 
176.0 126.0 0.936660000025 9063.33999998 
214.0 129.0 2.28382602003 7716.17397997 
271.0 123.0 3.30120382002 6698.79617998 
312.0 127.0 2.92272044002 7077.27955998 
357.0 108.0 1.26237884803 8737.62115197 
405.0 121.0 0.415080468009 9584.91953199 
449.0 124.0 0.374669800008 9625.33019999 
505.0 122.0 0.349020160004 9650.97984 
553.0 128.0 0.288863120007 9711.13687999 
600.0 117.0 0.0668400000018 9933.16 
642.0 108.0 0.665491608015 9334.50839198 
698.0 125.0 0.678737200012 9321.26279999 
747.0 109.0 0.723898320017 9276.10167998 
774.0 123.0 0.774674156014 9225.32584399 
822.0 129.0 0.432688400011 9567.31159999 
874.0 112.0 0.280252604007 9719.74739599 
934.0 109.0 0.163616768002 9836.383232 
973.0 128.0 0.0678513920015 9932.148608 
23.0 162.0 0.186161032001 9813.838968 
83.0 170.0 0.098311728002 9901.688272 
129.0 170.0 0.714754548018 9285.24545198 
156.0 164.0 1.13448492002 8865.51507998 
203.0 161.0 1.29748636803 8702.51363197 
251.0 165.0 1.89622378005 8103.77621995 
308.0 163.0 1.80048981205 8199.51018795 
358.0 160.0 3.28129270006 6718.70729994 
396.0 158.0 0.892557216023 9107.44278398 
447.0 175.0 0.144017760003 9855.98224 
490.0 158.0 0.212709984005 9787.29001599 
554.0 164.0 0.284924824007 9715.07517599 
603.0 159.0 0.262666648003 9737.333352 
631.0 171.0 0.185853056004 9814.146944 
686.0 161.0 0.294397500007 9705.60249999 
749.0 164.0 0.575758060012 9424.24193999 
780.0 165.0 0.477255256013 9522.74474399 
831.0 164.0 0.444647560011 9555.35243999 
879.0 157.0 0.324163424005 9675.836576 
919.0 155.0 0.227808272006 9772.19172799 
981.0 156.0 0.0243327040001 9975.667296 
13.0 216.0 0.234612128007 9765.38787199 
74.0 213.0 0.616580000016 9383.41999998 
117.0 218.0 0.983557840025 9016.44215997 
170.0 221.0 1.18439002001 8815.60997999 
225.0 204.0 0.38111549201 9618.88450799 
264.0 222.0 0.117573304002 9882.426696 
303.0 207.0 0.0355926480006 9964.407352 
365.0 204.0 2.87236936004 7127.63063996 
412.0 221.0 1.71522673604 8284.77326396 
449.0 207.0 0.0683601800017 9931.63982 
509.0 220.0 0.149760000004 9850.24 
546.0 217.0 0.300232832004 9699.767168 
585.0 216.0 0.227695124005 9772.30487599 
649.0 204.0 0.154365720003 9845.63428 
695.0 213.0 0.124725056001 9875.274944 
743.0 204.0 0.105063500001 9894.9365 
784.0 207.0 0.296429248007 9703.57075199 
829.0 214.0 0.0354320320008 9964.567968 
882.0 210.0 0.169286040003 9830.71396 
923.0 206.0 0.160049104004 9839.950896 
979.0 207.0 0.0777344880014 9922.265512 
23.0 256.0 0.781226400017 9218.77359998 
80.0 253.0 1.44100939202 8558.99060798 
111.0 251.0 0.621474620016 9378.52537998 
160.0 258.0 0.345672196009 9654.32780399 
207.0 264.0 1.12381904001 8876.18095999 
266.0 272.0 0.482477620012 9517.52237999 
313.0 272.0 0.143603060001 9856.39694 
368.0 260.0 2.96871420003 7031.28579997 
407.0 250.0 1.61107579204 8388.92420796 
440.0 258.0 0.245882976006 9754.11702399 
497.0 254.0 0.0476680400008 9952.33196 
538.0 270.0 0.168891752004 9831.108248 
601.0 258.0 0.340181952009 9659.81804799 
648.0 267.0 0.282581000004 9717.419 
684.0 262.0 0.150760020003 9849.23998 
748.0 265.0 0.0672400000018 9932.76 
776.0 253.0 0.0636252000015 9936.3748 
825.0 265.0 0.113627220002 9886.37278 
886.0 257.0 0.0876980000017 9912.302 
938.0 250.0 0.124615512002 9875.384488 
969.0 260.0 0.0544396000015 9945.5604 
32.0 299.0 0.154042840003 9845.95716 
72.0 316.0 0.109675384 9890.324616 
127.0 309.0 1.85092288003 8149.07711997 
163.0 318.0 1.14368320003 8856.31679997 
216.0 310.0 0.90272089601 9097.27910399 
255.0 318.0 0.572516160015 9427.48383999 
318.0 308.0 0.0772298480015 9922.770152 
345.0 311.0 0.103853740001 9896.14626 
399.0 309.0 2.91074849605 7089.25150395 
455.0 308.0 1.83537398403 8164.62601597 
497.0 314.0 0.522283200012 9477.71679999 
559.0 311.0 0.0280400800005 9971.95992 
602.0 310.0 0.113092600003 9886.9074 
637.0 297.0 0.252933396007 9747.06660399 
685.0 313.0 0.311681760003 9688.31824 
737.0 311.0 0.241333344005 9758.666656 
796.0 311.0 0.163072552001 9836.927448 
845.0 304.0 0.125245200002 9874.7548 
888.0 304.0 0.0925184360011 9907.481564 
937.0 303.0 0.0738331600016 9926.16684 
968.0 317.0 0.0342219440003 9965.778056 
13.0 362.0 0.435660000011 9564.33999999 
81.0 346.0 0.652539812015 9347.46018798 
125.0 361.0 0.0560562160007 9943.943784 
161.0 358.0 2.29643112805 7703.56887195 
220.0 350.0 1.33665472003 8663.34527997 
269.0 356.0 0.488335360012 9511.66463999 
314.0 357.0 0.0730478800019 9926.95212 
364.0 351.0 0.856533640022 9143.46635998 
409.0 345.0 2.34259872006 7657.40127994 
454.0 365.0 2.10395210001 7896.04789999 
493.0 361.0 0.561520000015 9438.47999999 
545.0 345.0 0.535951440007 9464.04855999 
595.0 360.0 0.490079000006 9509.92099999 
645.0 358.0 0.373465024009 9626.53497599 
694.0 362.0 0.376702516005 9623.297484 
739.0 345.0 0.273552088004 9726.447912 
787.0 363.0 0.207751008001 9792.248992 
834.0 360.0 0.148978576004 9851.021424 
882.0 368.0 0.114491968002 9885.508032 
921.0 348.0 0.0927272000022 9907.2728 
972.0 362.0 0.0627294560016 9937.270544 
31.0 394.0 0.981173936005 9018.82606399 
77.0 393.0 1.43314442003 8566.85557997 
121.0 403.0 1.07981888003 8920.18111997 
166.0 409.0 1.94845310404 8051.54689596 
215.0 412.0 0.704313880018 9295.68611998 
256.0 393.0 0.746871640004 9253.12836 
309.0 404.0 0.683781920019 9316.21807998 
360.0 393.0 0.0816667520021 9918.333248 
397.0 399.0 0.684390948018 9315.60905198 
462.0 398.0 1.92382997201 8076.17002799 
500.0 406.0 1.54259606402 8457.40393598 
556.0 410.0 1.47640150401 8523.59849599 
605.0 394.0 0.637978560017 9362.02143998 
648.0 394.0 0.290951692005 9709.04830799 
688.0 413.0 0.171545368004 9828.454632 
741.0 406.0 0.0321800000008 9967.82 
781.0 413.0 0.0992790360023 9900.720964 
826.0 396.0 0.0764324800018 9923.56752 
890.0 402.0 0.0806107200024 9919.38928 
939.0 394.0 0.0833125400019 9916.68746 
970.0 414.0 0.0440537000012 9955.9463 
22.0 461.0 0.645479008017 9354.52099198 
71.0 452.0 1.34880335604 8651.19664396 
110.0 442.0 1.44479356004 8555.20643996 
162.0 452.0 1.76279958001 8237.20041999 
224.0 447.0 0.186177952006 9813.82204799 
269.0 464.0 0.308877200006 9691.12279999 
310.0 459.0 0.62815906401 9371.84093599 
348.0 441.0 0.431980960009 9568.01903999 
404.0 457.0 0.134003392003 9865.996608 
463.0 453.0 1.03565019202 8964.34980798 
497.0 455.0 0.348268000008 9651.73199999 
545.0 463.0 0.315776128008 9684.22387199 
587.0 449.0 1.44149655202 8558.50344798 
650.0 448.0 0.0779054400017 9922.09456 
688.0 445.0 0.0341265920003 9965.873408 
731.0 442.0 0.0446255200008 9955.37448 
780.0 441.0 0.0416229440012 9958.377056 
828.0 456.0 0.0455494160008 9954.450584 
881.0 449.0 0.0248800000007 9975.12 
938.0 461.0 0.0365211960003 9963.478804 
976.0 445.0 0.0445748000007 9955.4252 
27.0 491.0 0.632259092016 9367.74090798 
60.0 503.0 1.07799699201 8922.00300799 
121.0 500.0 0.303047940001 9696.95206 
161.0 492.0 1.55411517603 8445.88482397 
216.0 492.0 1.69049580004 8309.50419996 
272.0 498.0 0.720884540016 9279.11545998 
309.0 503.0 0.250198568006 9749.80143199 
347.0 499.0 0.523515956001 9476.484044 
414.0 490.0 0.0836552400023 9916.34476 
457.0 507.0 0.231234584005 9768.76541599 
509.0 490.0 0.603867500003 9396.1325 
553.0 508.0 0.489034560005 9510.96543999 
595.0 506.0 1.43628026 8563.71974 
648.0 508.0 1.14638484803 8853.61515197 
682.0 506.0 0.775538720015 9224.46127999 
741.0 503.0 0.491837920012 9508.16207999 
776.0 505.0 0.164309580004 9835.69042 
829.0 493.0 0.100805840001 9899.19416 
877.0 506.0 0.0450466920011 9954.953308 
934.0 503.0 0.0576600000015 9942.34 
987.0 503.0 0.0296467600007 9970.35324 
24.0 541.0 0.591145920015 9408.85407998 
61.0 554.0 1.00516280802 8994.83719198 
111.0 551.0 0.261140328004 9738.859672 
161.0 554.0 0.208783464004 9791.216536 
224.0 545.0 1.62315920002 8376.84079998 
262.0 537.0 0.519062824013 9480.93717599 
303.0 545.0 0.0834502800018 9916.54972 
366.0 554.0 0.454454832006 9545.54516799 
393.0 542.0 0.195184340005 9804.81566 
450.0 553.0 0.107106040002 9892.89396 
488.0 547.0 0.0305263840004 9969.473616 
554.0 558.0 0.445774572008 9554.22542799 
596.0 540.0 0.845493816022 9154.50618398 
634.0 541.0 0.692607536019 9307.39246398 
696.0 542.0 0.999366640017 9000.63335998 
727.0 542.0 0.610387328015 9389.61267198 
777.0 536.0 0.385563200007 9614.43679999 
829.0 551.0 0.143398264001 9856.601736 
885.0 558.0 0.0764524200019 9923.54758 
933.0 556.0 0.126756520002 9873.24348 
975.0 558.0 0.0693280320018 9930.671968 
28.0 601.0 0.814395104021 9185.60489598 
64.0 596.0 0.902553124018 9097.44687598 
130.0 599.0 0.135061260003 9864.93874 
176.0 596.0 0.174920596002 9825.079404 
217.0 584.0 1.47040064003 8529.59935997 
255.0 607.0 1.48700938002 8512.99061998 
303.0 594.0 0.464272096012 9535.72790399 
368.0 596.0 0.242172672006 9757.82732799 
395.0 604.0 0.321827076007 9678.17292399 
455.0 605.0 0.0573291360006 9942.670864 
503.0 606.0 0.0766678600018 9923.33214 
536.0 598.0 0.260199984006 9739.80001599 
589.0 594.0 0.466390088009 9533.60991199 
641.0 597.0 0.368360060009 9631.63993999 
693.0 605.0 0.149858080002 9850.14192 
727.0 587.0 0.702157704014 9297.84229599 
774.0 594.0 0.680569896015 9319.43010399 
827.0 589.0 0.237011080006 9762.98891999 
869.0 589.0 0.0624199840016 9937.580016 
923.0 604.0 0.120932960003 9879.06704 
973.0 598.0 0.137087840001 9862.91216 
27.0 648.0 0.670212448013 9329.78755199 
78.0 632.0 0.851778784015 9148.22121598 
117.0 647.0 0.442553440009 9557.44655999 
177.0 649.0 0.153530760003 9846.46924 
220.0 649.0 0.554234136015 9445.76586399 
257.0 649.0 0.530459584014 9469.54041599 
300.0 643.0 1.43726478801 8562.73521199 
357.0 631.0 0.40222881601 9597.77118399 
402.0 648.0 0.152201840004 9847.79816 
442.0 639.0 0.237019904002 9762.980096 
498.0 654.0 0.160717620004 9839.28238 
558.0 641.0 0.215916768005 9784.08323199 
594.0 649.0 0.364208600005 9635.7914 
638.0 654.0 0.242834928004 9757.165072 
699.0 648.0 0.0965054200011 9903.49458 
741.0 636.0 0.436463180011 9563.53681999 
787.0 631.0 0.55882157601 9441.17842399 
844.0 653.0 0.0409800000011 9959.02 
884.0 653.0 0.0295448000008 9970.4552 
921.0 645.0 0.0432415840008 9956.758416 
987.0 647.0 0.0695941240011 9930.405876 
21.0 698.0 0.522755552009 9477.24444799 
63.0 685.0 0.41205714001 9587.94285999 
110.0 690.0 0.268715384006 9731.28461599 
172.0 683.0 0.075459048002 9924.540952 
213.0 685.0 0.143341536003 9856.658464 
263.0 699.0 0.137542560003 9862.45744 
304.0 688.0 1.24312800801 8756.87199199 
348.0 683.0 0.39318501601 9606.81498399 
398.0 679.0 0.103025856003 9896.974144 
451.0 688.0 0.140597648003 9859.402352 
509.0 684.0 0.0753193640019 9924.680636 
538.0 691.0 0.0730982880004 9926.901712 
605.0 685.0 0.247779536005 9752.220464 
632.0 682.0 0.126264516003 9873.735484 
679.0 692.0 0.121970000001 9878.03 
730.0 697.0 0.221361608005 9778.63839199 
774.0 687.0 0.595515960005 9404.48404 
822.0 692.0 0.437269544008 9562.73045599 
883.0 694.0 0.0902475360011 9909.752464 
936.0 701.0 0.100291400002 9899.7086 
987.0 680.0 0.0423166400011 9957.68336 
29.0 740.0 0.450345216008 9549.65478399 
70.0 744.0 0.161792720004 9838.20728 
122.0 730.0 0.221755680002 9778.24432 
174.0 744.0 0.122323200003 9877.6768 
210.0 740.0 0.100097152002 9899.902848 
255.0 744.0 0.0988770640026 9901.122936 
319.0 743.0 1.24793800001 8752.06199999 
349.0 746.0 0.988362188018 9011.63781198 
406.0 747.0 0.990532000008 9009.46799999 
444.0 749.0 0.767017952017 9232.98204798 
493.0 730.0 0.376029280009 9623.97071999 
552.0 742.0 0.0273931240007 9972.606876 
591.0 730.0 0.222975276002 9777.024724 
634.0 742.0 0.207613068004 9792.386932 
689.0 736.0 0.111130048002 9888.869952 
740.0 732.0 0.227874860006 9772.12513999 
780.0 735.0 0.239886960006 9760.11303999 
840.0 733.0 0.367239880005 9632.76011999 
888.0 734.0 0.288393000007 9711.60699999 
929.0 744.0 0.0823411480017 9917.658852 
981.0 733.0 0.053609144001 9946.390856 
22.0 784.0 0.303094380006 9696.90561999 
63.0 784.0 0.379624576006 9620.37542399 
123.0 781.0 0.141223608003 9858.776392 
166.0 779.0 0.0473047920007 9952.695208 
211.0 791.0 0.0866018960015 9913.398104 
271.0 794.0 0.0566232960007 9943.376704 
306.0 792.0 0.0994800000026 9900.52 
346.0 775.0 0.724950556018 9275.04944398 
412.0 780.0 0.636099000012 9363.90099999 
455.0 796.0 0.308552280008 9691.44771999 
492.0 782.0 0.61962468801 9380.37531199 
539.0 775.0 0.215975168005 9784.02483199 
594.0 793.0 0.0597179280014 9940.282072 
631.0 788.0 0.164879500004 9835.1205 
679.0 793.0 0.118459280002 9881.54072 
736.0 792.0 0.0643600000017 9935.64 
784.0 794.0 0.131247084001 9868.752916 
826.0 792.0 0.0827000000022 9917.3 
869.0 780.0 0.306116200004 9693.8838 
940.0 774.0 0.0602794520015 9939.720548 
987.0 795.0 0.0284836000004 9971.5164 
32.0 838.0 0.190859872005 9809.14012799 
71.0 838.0 0.348272080004 9651.72792 
130.0 832.0 0.161847600003 9838.1524 
161.0 838.0 0.0534939680014 9946.506032 
224.0 834.0 0.0782130160015 9921.786984 
265.0 834.0 0.13469536 9865.30464 
304.0 829.0 0.0854498400018 9914.55016 
351.0 830.0 0.156478400002 9843.5216 
413.0 829.0 0.208700072006 9791.29992799 
444.0 823.0 0.215347108004 9784.652892 
504.0 836.0 0.498895600011 9501.10439999 
545.0 835.0 0.074480000002 9925.52 
591.0 822.0 0.0256264000004 9974.3736 
651.0 834.0 0.0846165600021 9915.38344 
685.0 840.0 0.0908360000007 9909.164 
749.0 839.0 0.1151462 9884.8538 
783.0 838.0 0.1151462 9884.8538 
826.0 831.0 0.118221048002 9881.778952 
877.0 831.0 0.230153900004 9769.8461 
931.0 844.0 0.145813760002 9854.18624 
977.0 828.0 0.0256000000007 9974.4 
32.0 881.0 0.180986140003 9819.01386 
64.0 889.0 0.193519200004 9806.4808 
119.0 870.0 0.200409344002 9799.590656 
178.0 889.0 0.0301645600003 9969.83544 
206.0 885.0 0.0163800000004 9983.62 
267.0 890.0 0.133123280002 9866.87672 
298.0 876.0 0.117486312003 9882.513688 
352.0 875.0 0.137990040004 9862.00996 
395.0 879.0 0.124488320001 9875.51168 
461.0 878.0 0.169312400004 9830.6876 
494.0 881.0 0.273889000007 9726.11099999 
549.0 872.0 0.321069616002 9678.930384 
605.0 891.0 0.244034508001 9755.965492 
634.0 889.0 0.182751300005 9817.2487 
701.0 889.0 0.0647474240015 9935.252576 
737.0 890.0 0.0760739600014 9923.92604 
776.0 889.0 0.0952533680016 9904.746632 
838.0 872.0 0.0944117000021 9905.5883 
889.0 881.0 0.0792938560015 9920.706144 
917.0 875.0 0.105408320002 9894.59168 
982.0 869.0 0.0928571200009 9907.14288 
25.0 930.0 0.0816038000016 9918.3962 
82.0 918.0 0.102177900001 9897.8221 
116.0 919.0 0.131474200003 9868.5258 
157.0 938.0 0.072770432002 9927.229568 
222.0 938.0 0.059720940001 9940.27906 
260.0 922.0 0.0705282000013 9929.4718 
303.0 917.0 0.0775314880019 9922.468512 
351.0 933.0 0.098583100002 9901.4169 
396.0 922.0 0.0578196000016 9942.1804 
457.0 932.0 0.128970992002 9871.029008 
504.0 920.0 0.167019324003 9832.980676 
546.0 923.0 0.107471028002 9892.528972 
588.0 937.0 0.119304960003 9880.69504 
644.0 938.0 0.188649896003 9811.350104 
692.0 935.0 0.109909212002 9890.090788 
734.0 936.0 0.0948104160024 9905.189584 
790.0 937.0 0.0726600000019 9927.34 
835.0 932.0 0.0321800000008 9967.82 
869.0 929.0 0.0534560799996 9946.54392 
927.0 936.0 0.0665641240012 9933.435876 
982.0 922.0 0.0613290280014 9938.670972 
12.0 966.0 0.0353563600006 9964.64364 
70.0 969.0 0.0617982800011 9938.20172 
128.0 965.0 0.0775568000016 9922.4432 
160.0 964.0 0.042104220001 9957.89578 
205.0 978.0 0.0355450680003 9964.454932 
257.0 973.0 0.045921280001 9954.07872 
318.0 979.0 0.046160820001 9953.83918 
359.0 971.0 0.052043280001 9947.95672 
414.0 966.0 0.0460710400007 9953.92896 
448.0 975.0 0.0529515200011 9947.04848 
495.0 971.0 0.0862551600016 9913.74484 
556.0 964.0 0.0663712360016 9933.628764 
591.0 977.0 0.0418971680009 9958.102832 
634.0 978.0 0.0761732000015 9923.8268 
684.0 981.0 0.0713839520015 9928.616048 
731.0 972.0 0.0667338800008 9933.26612 
783.0 975.0 0.053478468001 9946.521532 
827.0 979.0 0.0460629280006 9953.937072 
879.0 969.0 0.061565620001 9938.43438 
916.0 968.0 0.0254491000002 9974.5509 
976.0 977.0 0.0310992120004 9968.900788 
14.0 281.0 0.107098072003 9892.901928 
15.0 428.0 0.465233024012 9534.76697599 
920.0 237.0 0.139578664003 9860.421336 
717.0 69.0 0.563841984014 9436.15801599 
86.0 92.0 1.17076000002 8829.23999998 
20.0 115.0 0.100486960002 9899.51304 
568.0 248.0 0.383880980005 9616.11901999 
981.0 648.0 0.0735176160011 9926.482384 
108.0 286.0 1.97569186402 8024.30813598 
