0.0 0.0
26.0 29.0 2.55857862001 7441.42137999 
66.0 23.0 0.434320000011 9565.67999999 
122.0 19.0 0.43658291201 9563.41708799 
157.0 23.0 0.642625600017 9357.37439998 
225.0 26.0 0.205280000005 9794.71999999 
264.0 23.0 0.197380000005 9802.61999999 
315.0 20.0 0.811880000021 9188.11999998 
349.0 28.0 1.98188584006 8018.11415994 
402.0 24.0 2.81276290005 7187.23709995 
456.0 33.0 2.80214886405 7197.85113595 
506.0 29.0 1.86394113604 8136.05886396 
559.0 25.0 1.12997560003 8870.02439997 
595.0 23.0 1.24796566401 8752.03433599 
646.0 24.0 1.18405215203 8815.94784797 
694.0 20.0 0.0416480000009 9958.352 
730.0 27.0 0.145115200003 9854.8848 
781.0 24.0 0.340087824001 9659.912176 
827.0 30.0 0.207907264005 9792.092736 
873.0 32.0 0.161144160004 9838.85584 
922.0 14.0 0.0842870000014 9915.713 
971.0 26.0 0.0455359600007 9954.46404 
17.0 71.0 3.73512780005 6264.87219995 
78.0 76.0 1.07441442399 8925.58557601 
120.0 69.0 1.39185970402 8608.14029598 
172.0 70.0 0.946247120014 9053.75287999 
222.0 69.0 0.478942048014 9521.05795199 
270.0 71.0 0.707810608018 9292.18939198 
320.0 80.0 1.46102828002 8538.97171998 
356.0 59.0 0.830999608021 9169.00039198 
411.0 78.0 0.817466584021 9182.53341598 
459.0 62.0 2.44198420004 7558.01579996 
510.0 77.0 1.23588855203 8764.11144797 
542.0 66.0 0.504262100012 9495.73789999 
584.0 61.0 0.0530196480011 9946.980352 
642.0 82.0 0.957210480024 9042.78951998 
686.0 66.0 0.872065792014 9127.93420799 
741.0 66.0 0.421352900009 9578.64709999 
784.0 60.0 0.198201380003 9801.79862 
829.0 65.0 0.234074400006 9765.92559999 
885.0 66.0 0.145679104001 9854.320896 
940.0 61.0 0.105784600001 9894.2154 
978.0 64.0 0.061987720001 9938.01228 
30.0 113.0 3.71838999606 6281.61000394 
75.0 123.0 3.91242850008 6087.57149992 
126.0 117.0 1.93556128005 8064.43871995 
163.0 112.0 0.649671980005 9350.32801999 
210.0 116.0 0.468054240012 9531.94575999 
269.0 110.0 0.287691776008 9712.30822399 
311.0 119.0 0.224928680005 9775.07131999 
354.0 129.0 0.681084468015 9318.91553199 
401.0 124.0 0.341745888009 9658.25411199 
464.0 120.0 1.67966984003 8320.33015997 
490.0 117.0 0.342520000009 9657.47999999 
556.0 120.0 0.135192832003 9864.807168 
594.0 126.0 0.0608812800014 9939.11872 
646.0 124.0 0.571178560014 9428.82143999 
680.0 112.0 0.686351616017 9313.64838398 
729.0 123.0 0.353206568006 9646.79343199 
777.0 121.0 0.213139440005 9786.86055999 
833.0 123.0 0.192135120003 9807.86488 
878.0 121.0 0.120165844002 9879.834156 
920.0 121.0 0.0273270720007 9972.672928 
986.0 112.0 0.0276646080005 9972.335392 
35.0 177.0 2.14825600006 7851.74399994 
65.0 167.0 3.85734824006 6142.65175994 
122.0 176.0 1.88357263203 8116.42736797 
175.0 165.0 0.765817052007 9234.18294799 
219.0 177.0 0.676132000008 9323.86799999 
254.0 164.0 0.148740000004 9851.26 
301.0 158.0 0.194591360005 9805.40864 
364.0 160.0 0.53806875601 9461.93124399 
415.0 175.0 0.54547046401 9454.52953599 
454.0 157.0 0.334260000009 9665.73999999 
495.0 158.0 1.16409906001 8835.90093999 
535.0 170.0 0.986224064022 9013.77593598 
592.0 159.0 0.203788520004 9796.21148 
640.0 176.0 0.352919792007 9647.08020799 
686.0 173.0 0.347490456008 9652.50954399 
736.0 173.0 0.36914000001 9630.85999999 
785.0 173.0 0.290902320002 9709.09768 
835.0 158.0 0.226554500004 9773.4455 
882.0 162.0 0.124120300001 9875.8797 
918.0 168.0 0.0775210080011 9922.478992 
972.0 159.0 0.00778000000021 9992.22 
34.0 205.0 2.15082116006 7849.17883994 
68.0 219.0 3.94028712405 6059.71287595 
119.0 225.0 1.62747304004 8372.52695996 
173.0 209.0 0.636471200006 9363.52879999 
217.0 214.0 0.311614052008 9688.38594799 
265.0 203.0 0.537256416005 9462.74358399 
312.0 221.0 0.492566376005 9507.43362399 
357.0 210.0 0.0506366560014 9949.363344 
405.0 203.0 0.327326840008 9672.67315999 
441.0 219.0 0.501610032004 9498.389968 
502.0 204.0 1.02646784002 8973.53215998 
558.0 224.0 0.981717152007 9018.28284799 
599.0 212.0 0.331686200008 9668.31379999 
646.0 202.0 0.359304704009 9640.69529599 
686.0 213.0 0.296272980007 9703.72701999 
727.0 212.0 0.235198520005 9764.80147999 
793.0 211.0 0.137159136002 9862.840864 
837.0 206.0 0.113437112002 9886.562888 
888.0 209.0 0.0972824400021 9902.71756 
926.0 212.0 0.0427971080008 9957.202892 
964.0 205.0 0.0386032800003 9961.39672 
14.0 270.0 1.14373240003 8856.26759997 
62.0 259.0 3.52059104007 6479.40895993 
119.0 266.0 1.28059408403 8719.40591597 
174.0 255.0 0.352278604008 9647.72139599 
203.0 262.0 0.293686600004 9706.3134 
254.0 257.0 0.120199112003 9879.800888 
309.0 256.0 0.371057624007 9628.94237599 
363.0 250.0 0.300199616006 9699.80038399 
400.0 272.0 0.0351922120004 9964.807788 
455.0 261.0 0.446862080011 9553.13791999 
491.0 257.0 0.511628000014 9488.37199999 
559.0 255.0 0.510556080014 9489.44391999 
606.0 256.0 0.837689088008 9162.31091199 
646.0 260.0 0.667993664016 9332.00633598 
684.0 255.0 0.619195532007 9380.80446799 
733.0 252.0 0.173903776004 9826.096224 
775.0 271.0 0.501881472005 9498.118528 
841.0 268.0 0.0993600000026 9900.64 
876.0 263.0 0.110585000001 9889.415 
928.0 273.0 0.146603472001 9853.396528 
980.0 259.0 0.0628520000014 9937.148 
20.0 317.0 0.115456600001 9884.5434 
63.0 314.0 3.63966170405 6360.33829595 
122.0 310.0 0.0837949800017 9916.20502 
167.0 313.0 0.137632200004 9862.3678 
204.0 317.0 0.318108008005 9681.891992 
261.0 319.0 0.266867776004 9733.132224 
314.0 314.0 0.366524240007 9633.47575999 
354.0 318.0 0.243539264006 9756.46073599 
410.0 318.0 0.0949325120021 9905.067488 
455.0 299.0 0.413809040009 9586.19095999 
494.0 311.0 0.391008280004 9608.99172 
535.0 319.0 0.372723800009 9627.27619999 
587.0 304.0 0.38466474001 9615.33525999 
635.0 315.0 0.223979400005 9776.02059999 
694.0 301.0 0.260661056005 9739.33894399 
749.0 305.0 0.200769928005 9799.23007199 
789.0 302.0 0.422219188001 9577.780812 
842.0 305.0 0.191787352005 9808.212648 
870.0 304.0 0.0950017600009 9904.99824 
935.0 307.0 0.0882941400021 9911.70586 
980.0 320.0 0.0564402000002 9943.5598 
12.0 354.0 1.07196805203 8928.03194797 
69.0 354.0 3.31758476806 6682.41523194 
108.0 354.0 3.22407786003 6775.92213997 
158.0 367.0 1.97658108405 8023.41891595 
208.0 355.0 0.145113340003 9854.88666 
269.0 355.0 0.170856480003 9829.14352 
310.0 346.0 0.306122560008 9693.87743999 
362.0 355.0 0.234533080004 9765.46692 
401.0 366.0 0.253161824005 9746.83817599 
452.0 366.0 0.173345052001 9826.654948 
492.0 353.0 0.122160000003 9877.84 
558.0 363.0 0.311654180007 9688.34581999 
584.0 352.0 0.231441960006 9768.55803999 
631.0 353.0 0.077320200002 9922.6798 
697.0 348.0 0.0657258640018 9934.274136 
732.0 352.0 0.0357047360008 9964.295264 
795.0 360.0 0.430172800011 9569.82719999 
843.0 366.0 0.147458160004 9852.54184 
889.0 360.0 0.134635312001 9865.364688 
933.0 364.0 0.0714930560018 9928.506944 
988.0 350.0 0.0262332480004 9973.766752 
14.0 398.0 0.0642318400016 9935.76816 
69.0 406.0 1.95831068805 8041.68931195 
126.0 406.0 3.44755244807 6552.44755193 
167.0 403.0 0.887109296023 9112.89070398 
203.0 397.0 0.0546038000009 9945.3962 
261.0 414.0 0.0461487200011 9953.85128 
302.0 400.0 0.0989595360027 9901.040464 
355.0 399.0 0.126479800003 9873.5202 
400.0 395.0 0.123706032003 9876.293968 
462.0 409.0 0.116808388002 9883.191612 
502.0 394.0 0.126242528003 9873.757472 
539.0 415.0 0.118356640003 9881.64336 
587.0 396.0 0.266613120004 9733.38688 
643.0 407.0 0.229722468003 9770.277532 
678.0 395.0 0.104332460003 9895.66754 
731.0 405.0 0.0384354840006 9961.564516 
782.0 398.0 0.324134000006 9675.86599999 
837.0 415.0 0.307084480008 9692.91551999 
890.0 402.0 0.237538100006 9762.46189999 
929.0 404.0 0.121891680002 9878.10832 
977.0 406.0 0.037898992001 9962.101008 
17.0 455.0 0.0298928000001 9970.1072 
63.0 449.0 0.00874000000023 9991.26 
124.0 454.0 1.99347468805 8006.52531195 
159.0 455.0 3.32059172006 6679.40827994 
214.0 458.0 2.97069124004 7029.30875996 
257.0 463.0 2.58161588806 7418.38411194 
312.0 463.0 1.47659140004 8523.40859996 
354.0 443.0 0.0367901440008 9963.209856 
402.0 446.0 0.0367271600003 9963.27284 
461.0 444.0 0.38720000001 9612.79999999 
492.0 451.0 0.437809728011 9562.19027199 
551.0 452.0 0.39381226401 9606.18773599 
606.0 445.0 0.156522024004 9843.477976 
645.0 446.0 0.191756056005 9808.243944 
683.0 441.0 0.130053072002 9869.946928 
729.0 460.0 0.133681248003 9866.318752 
785.0 448.0 0.187422240005 9812.57776 
838.0 440.0 0.229597160006 9770.40283999 
892.0 459.0 0.247101808003 9752.898192 
938.0 454.0 0.154636240003 9845.36376 
985.0 461.0 0.0540134400013 9945.98656 
13.0 494.0 0.290760000008 9709.23999999 
81.0 493.0 0.0768104800015 9923.18952 
114.0 498.0 0.260269664005 9739.730336 
154.0 500.0 1.17604486403 8823.95513597 
204.0 503.0 1.01063450003 8989.36549997 
266.0 497.0 1.54643036404 8453.56963596 
308.0 490.0 2.63468948005 7365.31051995 
361.0 505.0 2.48239325604 7517.60674396 
407.0 510.0 1.93685919204 8063.14080796 
441.0 499.0 1.00337140001 8996.62859999 
500.0 491.0 1.36161356003 8638.38643997 
555.0 504.0 1.29827961602 8701.72038398 
594.0 510.0 1.16380632803 8836.19367197 
641.0 503.0 0.568449152013 9431.55084799 
685.0 501.0 0.501330000013 9498.66999999 
732.0 507.0 0.306301520003 9693.69848 
787.0 488.0 0.252143552003 9747.856448 
832.0 509.0 0.202484512004 9797.515488 
875.0 498.0 0.122322480002 9877.67752 
939.0 501.0 0.0686425200018 9931.35748 
964.0 490.0 0.0526692960013 9947.330704 
29.0 549.0 0.763856712002 9236.143288 
75.0 553.0 0.37879529601 9621.20470399 
120.0 544.0 0.233305440005 9766.69455999 
157.0 559.0 0.0859323200022 9914.06768 
225.0 535.0 0.238383040004 9761.61696 
270.0 546.0 0.164441120003 9835.55888 
314.0 553.0 0.191267160005 9808.73284 
354.0 544.0 1.06591060002 8934.08939998 
415.0 559.0 1.81902956004 8180.97043996 
442.0 551.0 1.89927680805 8100.72319195 
496.0 546.0 0.0292997120001 9970.700288 
538.0 542.0 0.0166600000004 9983.34 
596.0 551.0 0.630278740015 9369.72125998 
637.0 548.0 1.01264204801 8987.35795199 
694.0 541.0 0.91192055202 9088.07944798 
738.0 537.0 0.365747040009 9634.25295999 
776.0 557.0 0.0818692160012 9918.130784 
843.0 558.0 0.153402160002 9846.59784 
876.0 537.0 0.143615520003 9856.38448 
918.0 537.0 0.0747705200013 9925.22948 
975.0 546.0 0.0454414400011 9954.55856 
31.0 589.0 0.899383728022 9100.61627198 
62.0 602.0 0.821914840025 9178.08515997 
111.0 603.0 0.583063976013 9416.93602399 
155.0 585.0 0.0958542400014 9904.14576 
216.0 590.0 0.0958542400014 9904.14576 
250.0 589.0 0.199112620005 9800.88738 
302.0 597.0 0.288315232006 9711.68476799 
360.0 594.0 0.57671715201 9423.28284799 
412.0 606.0 1.29109286403 8708.90713597 
457.0 584.0 1.76572720802 8234.27279198 
495.0 603.0 1.65651824002 8343.48175998 
557.0 604.0 1.27696766402 8723.03233598 
597.0 605.0 0.729232196019 9270.76780398 
641.0 601.0 0.809667600021 9190.33239998 
694.0 591.0 0.427650000011 9572.34999999 
740.0 603.0 0.349895440009 9650.10455999 
797.0 598.0 0.203361912005 9796.638088 
832.0 585.0 0.0587867600014 9941.21324 
881.0 590.0 0.130909056001 9869.090944 
924.0 600.0 0.0725130480014 9927.486952 
969.0 587.0 0.0290185760001 9970.981424 
23.0 639.0 0.782480320019 9217.51967998 
80.0 636.0 0.800748800016 9199.25119998 
124.0 643.0 0.296712428007 9703.28757199 
165.0 642.0 0.0277568960007 9972.243104 
208.0 638.0 0.187640000005 9812.36 
267.0 631.0 0.118121224002 9881.878776 
320.0 644.0 0.127162096002 9872.837904 
366.0 652.0 0.308687200008 9691.31279999 
398.0 635.0 0.366232500006 9633.76749999 
455.0 640.0 0.820544880021 9179.45511998 
502.0 647.0 1.14250026003 8857.49973997 
551.0 648.0 0.562179760015 9437.82023999 
597.0 640.0 1.23338108803 8766.61891197 
654.0 633.0 0.837097824019 9162.90217598 
688.0 638.0 0.723679480019 9276.32051998 
743.0 633.0 0.549994480008 9450.00551999 
789.0 643.0 0.683910656011 9316.08934399 
831.0 653.0 0.618520128011 9381.47987199 
869.0 646.0 0.266740184007 9733.25981599 
917.0 632.0 0.120216880003 9879.78312 
985.0 653.0 0.0169000000004 9983.1 
26.0 687.0 0.283710184007 9716.28981599 
81.0 692.0 0.793704732004 9206.295268 
110.0 688.0 0.453791620011 9546.20837999 
164.0 691.0 0.0295408000002 9970.4592 
213.0 686.0 0.454302712006 9545.69728799 
263.0 700.0 0.217860448005 9782.13955199 
315.0 690.0 0.090428172002 9909.571828 
359.0 696.0 0.141581480003 9858.41852 
414.0 690.0 0.224327936003 9775.672064 
451.0 693.0 0.229829400005 9770.1706 
509.0 681.0 0.630197300016 9369.80269998 
543.0 681.0 0.317855892006 9682.14410799 
605.0 683.0 0.682873144019 9317.12685598 
642.0 702.0 0.641520000014 9358.47999999 
682.0 684.0 0.784621000017 9215.37899998 
735.0 682.0 0.587053976016 9412.94602398 
793.0 694.0 0.868490560013 9131.50943999 
824.0 684.0 0.458851824011 9541.14817599 
880.0 680.0 0.435423000011 9564.57699999 
939.0 683.0 0.271217960006 9728.78203999 
986.0 689.0 0.0945340400019 9905.46596 
27.0 728.0 0.0452784800011 9954.72152 
82.0 744.0 0.567705380014 9432.29461999 
111.0 729.0 0.691294116016 9308.70588398 
156.0 742.0 0.412708576008 9587.29142399 
205.0 738.0 0.614129152008 9385.87084799 
261.0 736.0 0.546422880006 9453.57711999 
309.0 744.0 0.378563392008 9621.43660799 
351.0 737.0 0.063774580001 9936.22542 
403.0 743.0 0.112445200003 9887.5548 
441.0 730.0 0.142225260003 9857.77474 
492.0 730.0 0.251876600004 9748.1234 
548.0 734.0 0.312950568005 9687.049432 
599.0 747.0 0.145164960004 9854.83504 
645.0 738.0 0.366081060006 9633.91893999 
678.0 738.0 0.339153312007 9660.84668799 
741.0 743.0 0.0568600000015 9943.14 
777.0 726.0 0.506410400009 9493.58959999 
832.0 744.0 0.294052360008 9705.94763999 
874.0 738.0 0.247632000006 9752.36799999 
935.0 745.0 0.0451784800012 9954.82152 
968.0 744.0 0.115823200003 9884.1768 
12.0 788.0 0.0404000000011 9959.6 
63.0 796.0 0.0725666600009 9927.43334 
125.0 774.0 0.612861380006 9387.13861999 
173.0 789.0 0.251970096005 9748.02990399 
220.0 792.0 0.278660944006 9721.33905599 
260.0 792.0 0.359626524006 9640.37347599 
319.0 792.0 0.372886736005 9627.11326399 
351.0 781.0 0.298122672007 9701.87732799 
403.0 775.0 0.0623966640009 9937.603336 
442.0 789.0 0.101176672002 9898.823328 
500.0 786.0 0.199845600006 9800.15439999 
553.0 784.0 0.268480500005 9731.5195 
598.0 784.0 0.242865700003 9757.1343 
654.0 790.0 0.360241260003 9639.75874 
689.0 791.0 0.296179000008 9703.82099999 
734.0 789.0 0.113954880001 9886.04512 
797.0 780.0 0.537915872005 9462.08412799 
829.0 786.0 0.308562080008 9691.43791999 
886.0 787.0 0.159945000004 9840.055 
934.0 789.0 0.143655800004 9856.3442 
981.0 796.0 0.086592928002 9913.407072 
34.0 827.0 0.0352203800006 9964.77962 
73.0 841.0 0.221319000006 9778.68099999 
127.0 830.0 0.509639120005 9490.36088 
161.0 825.0 0.0435179200011 9956.48208 
210.0 825.0 0.103055780002 9896.94422 
266.0 824.0 0.102560720002 9897.43928 
300.0 836.0 0.210702016003 9789.297984 
350.0 835.0 0.292664680006 9707.33531999 
402.0 838.0 0.155720868003 9844.279132 
456.0 822.0 0.115387400003 9884.6126 
495.0 822.0 0.0667871800013 9933.21282 
546.0 823.0 0.175682320003 9824.31768 
601.0 825.0 0.143701040004 9856.29896 
654.0 830.0 0.234238448006 9765.76155199 
686.0 837.0 0.286834864005 9713.165136 
748.0 840.0 0.0545711400014 9945.42886 
792.0 824.0 0.299030948008 9700.96905199 
832.0 828.0 0.459001116012 9540.99888399 
889.0 843.0 0.293687232008 9706.31276799 
937.0 826.0 0.139683072003 9860.316928 
975.0 841.0 0.0692772440013 9930.722756 
19.0 875.0 0.0250200000007 9974.98 
73.0 874.0 0.181660256004 9818.339744 
116.0 878.0 0.499330900002 9500.6691 
163.0 886.0 0.354574048009 9645.42595199 
208.0 892.0 0.261296996002 9738.703004 
256.0 885.0 0.165866360003 9834.13364 
319.0 886.0 0.192995904004 9807.004096 
354.0 889.0 0.173704912003 9826.295088 
407.0 879.0 0.0842983120021 9915.701688 
444.0 879.0 0.109474720002 9890.52528 
508.0 882.0 0.0914800000024 9908.52 
540.0 882.0 0.0886916080023 9911.308392 
602.0 882.0 0.109296000002 9890.704 
633.0 888.0 0.0253314520007 9974.668548 
698.0 875.0 0.0936107840026 9906.389216 
731.0 873.0 0.190479212002 9809.520788 
786.0 889.0 0.103639776002 9896.360224 
840.0 869.0 0.348124560009 9651.87543999 
883.0 874.0 0.237408352006 9762.59164799 
940.0 878.0 0.216049180003 9783.95082 
972.0 875.0 0.112943680003 9887.05632 
25.0 924.0 0.0539547480014 9946.045252 
79.0 921.0 0.0340956600004 9965.90434 
115.0 918.0 0.274002388007 9725.99761199 
167.0 931.0 0.177576224004 9822.423776 
217.0 926.0 0.162579844003 9837.420156 
265.0 926.0 0.141349752002 9858.650248 
308.0 938.0 0.0865855720017 9913.414428 
345.0 934.0 0.0744909600009 9925.50904 
406.0 917.0 0.123813056002 9876.186944 
455.0 930.0 0.0954947360019 9904.505264 
491.0 918.0 0.0578840200012 9942.11598 
547.0 917.0 0.148538360004 9851.46164 
587.0 927.0 0.161190000002 9838.81 
632.0 937.0 0.0662565000015 9933.7435 
698.0 920.0 0.0586585000011 9941.3415 
737.0 921.0 0.127456000003 9872.544 
779.0 938.0 0.0810501600003 9918.94984 
845.0 928.0 0.180135456004 9819.864544 
885.0 940.0 0.0827162880006 9917.283712 
927.0 933.0 0.103294048002 9896.705952 
982.0 928.0 0.0757015200011 9924.29848 
25.0 974.0 0.0584900000015 9941.51 
64.0 983.0 0.0359785440005 9964.021456 
121.0 979.0 0.0362371600004 9963.76284 
159.0 964.0 0.065343760001 9934.65624 
221.0 977.0 0.0463803040013 9953.619696 
264.0 974.0 0.0371419200008 9962.85808 
302.0 970.0 0.0615205400011 9938.47946 
362.0 976.0 0.0278269200001 9972.17308 
414.0 973.0 0.0678704000019 9932.1296 
453.0 975.0 0.0268522 9973.1478 
502.0 972.0 0.0760656560013 9923.934344 
558.0 973.0 0.146354508003 9853.645492 
598.0 981.0 0.0634285320013 9936.571468 
649.0 986.0 0.0383252800006 9961.67472 
686.0 964.0 0.00884000000023 9991.16 
728.0 984.0 0.0126659520001 9987.334048 
781.0 968.0 0.0500694080011 9949.930592 
833.0 981.0 0.0281363560004 9971.863644 
875.0 980.0 0.0440220000007 9955.978 
923.0 976.0 0.0456607200009 9954.33928 
987.0 965.0 0.0356704000007 9964.3296 
719.0 595.0 0.692953000017 9307.04699998 
948.0 694.0 0.124995424002 9875.004576 
990.0 711.0 0.129572380003 9870.42762 
512.0 730.0 0.140912840004 9859.08716 
700.0 201.0 0.341632920009 9658.36707999 
0.0 60.0 1.12061360003 8879.38639997 
570.0 164.0 0.171229164003 9828.770836 
841.0 145.0 0.0982121440025 9901.787856 
545.0 1.0 1.28002208002 8719.97791998 
363.0 738.0 0.0803296000019 9919.6704 
793.0 754.0 0.331981900008 9668.01809999 
43.0 695.0 0.282496960007 9717.50303999 
551.0 67.0 0.483579392012 9516.42060799 
515.0 983.0 0.0331028400007 9966.89716 
964.0 863.0 0.119972328003 9880.027672 
604.0 832.0 0.136423120004 9863.57688 
508.0 629.0 1.37612652004 8623.87347996 
694.0 0.0 0.39146352001 9608.53647999 
107.0 571.0 0.0749907200016 9925.00928 
364.0 339.0 0.296320000003 9703.68 
723.0 261.0 0.527376152014 9472.62384799 
977.0 941.0 0.0386357120006 9961.364288 
893.0 776.0 0.146839840002 9853.16016 
115.0 114.0 1.01166574403 8988.33425597 
668.0 160.0 0.503159360012 9496.84063999 
191.0 473.0 0.953685952024 9046.31404798 
332.0 211.0 0.183514000005 9816.48599999 
240.0 964.0 0.0849472880019 9915.052712 
551.0 252.0 0.483536084013 9516.46391599 
143.0 922.0 0.203526320005 9796.47368 
195.0 528.0 0.168357764004 9831.642236 
766.0 836.0 0.119309792002 9880.690208 
596.0 168.0 0.107953632003 9892.046368 
552.0 941.0 0.125847276003 9874.152724 
