0.0 0.0
16.0 17.0 0.516057020004 9483.94298 
64.0 19.0 0.585837856015 9414.16214399 
106.0 28.0 0.399982980008 9600.01701999 
156.0 20.0 0.168410784003 9831.589216 
199.0 25.0 0.146186784004 9853.813216 
256.0 31.0 0.308356000008 9691.64399999 
297.0 29.0 1.27946160001 8720.53839999 
350.0 26.0 1.34746588802 8652.53411198 
394.0 23.0 0.959614276004 9040.385724 
426.0 22.0 1.14990030003 8850.09969997 
482.0 22.0 0.899017952011 9100.98204799 
530.0 33.0 0.714846100017 9285.15389998 
577.0 16.0 0.448443688011 9551.55631199 
603.0 12.0 0.213158272006 9786.84172799 
668.0 30.0 0.191282300004 9808.7177 
694.0 21.0 0.155180000004 9844.82 
752.0 27.0 0.0429416000011 9957.0584 
784.0 17.0 0.00814000000021 9991.86 
852.0 28.0 0.0245000000006 9975.5 
891.0 32.0 0.0192360880005 9980.763912 
937.0 18.0 0.0337600000009 9966.24 
980.0 33.0 0.0125634240002 9987.436576 
11.0 64.0 0.485240000012 9514.75999999 
60.0 59.0 0.39598889601 9604.01110399 
108.0 61.0 0.348941008009 9651.05899199 
159.0 63.0 0.333576780002 9666.42322 
198.0 76.0 0.177493560005 9822.50644 
250.0 58.0 0.673580000018 9326.41999998 
295.0 62.0 1.05777596401 8942.22403599 
349.0 59.0 1.33896550002 8661.03449998 
382.0 59.0 1.53537212404 8464.62787596 
436.0 68.0 1.53137792003 8468.62207997 
484.0 76.0 0.915102464024 9084.89753598 
515.0 58.0 0.788958240007 9211.04175999 
571.0 64.0 0.792082544003 9207.917456 
614.0 60.0 0.674571140005 9325.42885999 
664.0 77.0 0.640056256003 9359.943744 
709.0 78.0 0.522187112014 9477.81288799 
746.0 73.0 0.174070656004 9825.929344 
788.0 67.0 0.0540346880013 9945.965312 
850.0 74.0 0.0449148800012 9955.08512 
888.0 75.0 0.0469397600006 9953.06024 
941.0 71.0 0.0508242000009 9949.1758 
976.0 61.0 0.0469268000009 9953.0732 
28.0 114.0 0.293835724004 9706.164276 
61.0 119.0 0.211382624005 9788.61737599 
103.0 122.0 0.0530753760012 9946.924624 
169.0 115.0 0.145940544002 9854.059456 
199.0 107.0 0.197336544002 9802.663456 
250.0 120.0 0.120205200003 9879.7948 
305.0 123.0 0.298710488007 9701.28951199 
342.0 120.0 0.0172400000004 9982.76 
392.0 104.0 0.75738500002 9242.61499998 
422.0 116.0 0.38907596801 9610.92403199 
473.0 108.0 1.1684729 8831.5271 
531.0 119.0 1.10593358 8894.06642 
578.0 103.0 0.973300080025 9026.69991997 
607.0 104.0 0.481110528012 9518.88947199 
669.0 113.0 0.206864960005 9793.13504 
714.0 103.0 0.492662944012 9507.33705599 
752.0 116.0 0.503582944005 9496.417056 
797.0 116.0 0.281009300006 9718.99069999 
851.0 122.0 0.116755104002 9883.244896 
893.0 117.0 0.0682912080015 9931.708792 
943.0 105.0 0.0788920000019 9921.108 
977.0 113.0 0.0629542400015 9937.04576 
32.0 160.0 0.174688288005 9825.311712 
76.0 153.0 0.0520214120013 9947.978588 
108.0 149.0 0.0632744000011 9936.7256 
168.0 158.0 0.263180000007 9736.81999999 
195.0 154.0 0.302463428007 9697.53657199 
243.0 151.0 0.266460524007 9733.53947599 
304.0 169.0 0.852499200021 9147.50079998 
350.0 151.0 0.466505432012 9533.49456799 
383.0 170.0 0.227295200005 9772.70479999 
426.0 158.0 0.176214800005 9823.7852 
485.0 152.0 0.471123680011 9528.87631999 
518.0 168.0 0.704784700017 9295.21529998 
561.0 154.0 0.963430000022 9036.56999998 
605.0 162.0 0.891968000018 9108.03199998 
665.0 149.0 0.36511592001 9634.88407999 
699.0 169.0 0.537110400008 9462.88959999 
745.0 166.0 0.106320000003 9893.68 
786.0 154.0 0.370133600004 9629.8664 
834.0 162.0 0.40703270401 9592.96729599 
880.0 150.0 0.180975600003 9819.0244 
924.0 158.0 0.158248000003 9841.752 
977.0 162.0 0.0746921000016 9925.3079 
20.0 202.0 0.0884221920012 9911.577808 
57.0 207.0 0.100111552002 9899.888448 
118.0 210.0 1.85882000005 8141.17999995 
165.0 212.0 2.12085049601 7879.14950399 
198.0 205.0 2.16239280804 7837.60719196 
254.0 199.0 1.60963148802 8390.36851198 
305.0 193.0 0.698465684018 9301.53431598 
349.0 205.0 0.793530120004 9206.46988 
382.0 206.0 0.546760880006 9453.23911999 
431.0 211.0 0.526600720013 9473.39927999 
486.0 196.0 0.470259000006 9529.74099999 
526.0 202.0 0.329469312006 9670.53068799 
558.0 206.0 0.237661696006 9762.33830399 
619.0 199.0 0.588024320015 9411.97567998 
652.0 198.0 0.981655940006 9018.34405999 
694.0 211.0 0.484539292011 9515.46070799 
747.0 198.0 0.402095280002 9597.90472 
804.0 213.0 0.451765336012 9548.23466399 
844.0 206.0 0.267541496005 9732.45850399 
883.0 201.0 0.168984088004 9831.015912 
924.0 214.0 0.110156400003 9889.8436 
979.0 210.0 0.0282958880007 9971.704112 
24.0 238.0 0.0518329600011 9948.16704 
73.0 241.0 1.10492864003 8895.07135997 
108.0 254.0 2.57434339203 7425.65660797 
150.0 252.0 1.89260200005 8107.39799995 
196.0 246.0 2.81082192006 7189.17807994 
250.0 247.0 2.87062878403 7129.37121597 
306.0 238.0 0.877940448023 9122.05955198 
345.0 248.0 0.807398988021 9192.60101198 
377.0 249.0 0.862645600022 9137.35439998 
427.0 250.0 0.0850448800015 9914.95512 
471.0 248.0 0.370175164006 9629.82483599 
525.0 249.0 0.209342208003 9790.657792 
570.0 239.0 0.363479940004 9636.52006 
623.0 245.0 0.524308460012 9475.69153999 
657.0 261.0 0.153567904004 9846.432096 
715.0 251.0 0.335733832002 9664.266168 
756.0 241.0 0.235855928006 9764.14407199 
806.0 253.0 0.216724224005 9783.27577599 
841.0 260.0 0.423506200007 9576.49379999 
897.0 239.0 0.165612560004 9834.38744 
935.0 252.0 0.107439512003 9892.560488 
967.0 254.0 0.052541092001 9947.458908 
20.0 284.0 0.00812000000021 9991.88 
70.0 304.0 1.07376960003 8926.23039997 
116.0 289.0 3.52131033204 6478.68966796 
167.0 304.0 1.15649428803 8843.50571197 
203.0 298.0 0.79401022002 9205.98977998 
255.0 287.0 0.955374000022 9044.62599998 
295.0 286.0 2.42962222404 7570.37777596 
331.0 300.0 2.02210068804 7977.89931196 
390.0 306.0 2.21187303205 7788.12696795 
441.0 287.0 0.675480520018 9324.51947998 
474.0 297.0 0.607025328016 9392.97467198 
516.0 293.0 0.0768801520015 9923.119848 
566.0 291.0 0.176945820004 9823.05418 
623.0 301.0 0.189106884005 9810.893116 
660.0 285.0 0.237575472001 9762.424528 
711.0 300.0 0.181922592003 9818.077408 
747.0 296.0 0.325581280005 9674.41871999 
798.0 297.0 0.337908648008 9662.09135199 
844.0 300.0 0.252189000006 9747.81099999 
883.0 300.0 0.280225088002 9719.774912 
936.0 296.0 0.211307600004 9788.6924 
981.0 292.0 0.0951548720013 9904.845128 
31.0 344.0 0.357860000009 9642.13999999 
67.0 349.0 0.360100416009 9639.89958399 
124.0 348.0 3.91287520006 6087.12479994 
168.0 329.0 1.09376914403 8906.23085597 
210.0 341.0 0.144777104003 9855.222896 
253.0 341.0 0.334932480004 9665.06752 
299.0 352.0 0.205885792002 9794.114208 
347.0 336.0 0.645859280016 9354.14071998 
397.0 349.0 0.644765132017 9355.23486798 
422.0 347.0 2.03128318002 7968.71681998 
474.0 345.0 1.94816896004 8051.83103996 
527.0 333.0 1.07624785603 8923.75214397 
558.0 350.0 0.955490000025 9044.50999998 
609.0 337.0 0.821701948021 9178.29805198 
665.0 351.0 0.349191264009 9650.80873599 
713.0 338.0 0.198812128005 9801.187872 
754.0 330.0 0.259323492006 9740.67650799 
793.0 342.0 0.103223760002 9896.77624 
836.0 342.0 0.176620916002 9823.379084 
877.0 331.0 0.0933994000024 9906.6006 
939.0 341.0 0.127924400003 9872.0756 
984.0 335.0 0.0270699600008 9972.93004 
32.0 395.0 0.679764632018 9320.23536798 
57.0 389.0 0.864028408008 9135.97159199 
123.0 383.0 1.48144000004 8518.55999996 
159.0 385.0 3.67529622406 6324.70377594 
199.0 395.0 3.47209600003 6527.90399997 
245.0 396.0 1.87388384005 8126.11615995 
288.0 391.0 0.75138000002 9248.61999998 
346.0 387.0 0.155129224001 9844.870776 
390.0 388.0 0.147712860003 9852.28714 
436.0 396.0 0.670869180016 9329.13081998 
480.0 382.0 1.73003568003 8269.96431997 
517.0 389.0 1.04574404003 8954.25595997 
576.0 377.0 1.54128731201 8458.71268799 
615.0 380.0 1.33108360003 8668.91639997 
663.0 395.0 1.09473099201 8905.26900799 
713.0 387.0 0.392604608009 9607.39539199 
747.0 376.0 0.109918400002 9890.0816 
784.0 392.0 0.0529825000011 9947.0175 
836.0 385.0 0.111255172001 9888.744828 
875.0 396.0 0.0694260160012 9930.573984 
940.0 382.0 0.082168344002 9917.831656 
983.0 397.0 0.044440912001 9955.559088 
17.0 437.0 0.00856000000022 9991.44 
64.0 436.0 1.56915515204 8430.84484796 
110.0 437.0 1.46144432001 8538.55567999 
166.0 431.0 2.81855542007 7181.44457993 
205.0 440.0 2.90544344806 7094.55655194 
245.0 430.0 3.54187018007 6458.12981993 
292.0 427.0 1.76890620005 8231.09379995 
340.0 441.0 0.0573200000015 9942.68 
395.0 436.0 0.0840147560016 9915.985244 
424.0 435.0 0.115209320003 9884.79068 
467.0 436.0 0.584052764015 9415.94723599 
519.0 425.0 0.612684120015 9387.31587999 
569.0 429.0 0.0447062400011 9955.29376 
608.0 427.0 1.08702499202 8912.97500798 
669.0 437.0 0.610533600016 9389.46639998 
704.0 429.0 1.00649091602 8993.50908398 
758.0 434.0 0.447843240011 9552.15675999 
802.0 432.0 0.162306752004 9837.693248 
849.0 424.0 0.0723984000019 9927.6016 
887.0 439.0 0.0364306520004 9963.569348 
936.0 425.0 0.0421000000011 9957.9 
977.0 421.0 0.0541871200009 9945.81288 
22.0 486.0 0.632093312017 9367.90668798 
58.0 481.0 1.09260067201 8907.39932799 
112.0 474.0 0.899897864024 9100.10213598 
157.0 473.0 1.87428032002 8125.71967998 
211.0 470.0 0.356185232009 9643.81476799 
254.0 467.0 2.54105856006 7458.94143994 
292.0 467.0 2.85626615204 7143.73384796 
334.0 487.0 2.29344771205 7706.55228795 
380.0 467.0 0.697410848018 9302.58915198 
441.0 467.0 0.683197052018 9316.80294798 
488.0 469.0 0.0839586000021 9916.0414 
521.0 480.0 0.090292800002 9909.7072 
559.0 484.0 0.0504685600011 9949.53144 
621.0 472.0 0.156516736003 9843.483264 
650.0 467.0 0.351799360002 9648.20064 
715.0 487.0 1.03087982001 8969.12017999 
754.0 466.0 0.54771102401 9452.28897599 
804.0 475.0 0.410715224003 9589.284776 
834.0 484.0 0.200015020004 9799.98498 
882.0 485.0 0.134115380003 9865.88462 
943.0 480.0 0.0908511760008 9909.148824 
984.0 471.0 0.053790640001 9946.20936 
30.0 529.0 1.11568051202 8884.31948798 
75.0 528.0 0.867696816022 9132.30318398 
116.0 532.0 0.310557760008 9689.44223999 
169.0 522.0 1.37788984001 8622.11015999 
195.0 525.0 0.76864504002 9231.35495998 
259.0 520.0 1.10781941601 8892.18058399 
290.0 530.0 0.531246088014 9468.75391199 
336.0 516.0 0.685174820018 9314.82517998 
385.0 514.0 2.40704528004 7592.95471996 
423.0 519.0 2.11932742002 7880.67257998 
467.0 530.0 2.06355224401 7936.44775599 
519.0 526.0 0.652211360017 9347.78863998 
558.0 532.0 0.0513187440014 9948.681256 
621.0 519.0 0.111685088002 9888.314912 
665.0 519.0 0.559798560009 9440.20143999 
696.0 518.0 0.487625040013 9512.37495999 
757.0 527.0 0.380969952009 9619.03004799 
806.0 525.0 0.195565824005 9804.434176 
840.0 519.0 0.305375744007 9694.62425599 
884.0 532.0 0.189176420004 9810.82358 
942.0 525.0 0.152562588003 9847.437412 
986.0 519.0 0.0484490000009 9951.551 
22.0 563.0 0.688778720019 9311.22127998 
69.0 557.0 0.928776820019 9071.22317998 
115.0 579.0 0.716357600006 9283.64239999 
150.0 560.0 0.816516320021 9183.48367998 
196.0 571.0 1.47235688004 8527.64311996 
255.0 578.0 1.12195344003 8878.04655997 
292.0 561.0 0.921277400024 9078.72259998 
349.0 577.0 0.797847560005 9202.15244 
389.0 562.0 1.71524400005 8284.75599995 
440.0 570.0 1.26570004003 8734.29995997 
471.0 575.0 1.97620048001 8023.79951999 
511.0 561.0 1.73643547204 8263.56452796 
562.0 572.0 1.11980414403 8880.19585597 
617.0 578.0 0.0303347240004 9969.665276 
669.0 569.0 0.261178208006 9738.82179199 
712.0 568.0 0.391347536006 9608.65246399 
755.0 572.0 0.363596820003 9636.40318 
794.0 558.0 0.234174400006 9765.82559999 
848.0 557.0 0.216433920004 9783.56608 
893.0 576.0 0.118937936003 9881.062064 
924.0 570.0 0.108511232003 9891.488768 
978.0 568.0 0.0958727600006 9904.12724 
30.0 622.0 0.273399120006 9726.60087999 
78.0 620.0 0.408323400011 9591.67659999 
103.0 615.0 0.683912800017 9316.08719998 
169.0 606.0 0.38590850801 9614.09149199 
204.0 611.0 1.20042102402 8799.57897598 
240.0 604.0 0.816124700021 9183.87529998 
284.0 608.0 0.286635420008 9713.36457999 
346.0 622.0 0.166413040005 9833.58695999 
386.0 615.0 0.708431208019 9291.56879198 
436.0 615.0 0.80417690402 9195.82309598 
467.0 617.0 0.248275840006 9751.72415999 
521.0 603.0 2.01035993603 7989.64006397 
567.0 609.0 1.79670585604 8203.29414396 
611.0 621.0 1.42871680001 8571.28319999 
665.0 620.0 0.170452660005 9829.54734 
708.0 608.0 0.305973912006 9694.02608799 
753.0 618.0 0.285624500007 9714.37549999 
802.0 604.0 0.341679840005 9658.32015999 
829.0 612.0 0.258035432002 9741.964568 
886.0 605.0 0.127545304003 9872.454696 
932.0 619.0 0.0444511200009 9955.54888 
970.0 613.0 0.0550615120015 9944.938488 
11.0 662.0 0.124272432002 9875.727568 
79.0 651.0 0.540430336011 9459.56966399 
105.0 669.0 0.697904960011 9302.09503999 
150.0 652.0 0.233322264005 9766.67773599 
211.0 661.0 1.19270964802 8807.29035198 
257.0 668.0 0.722722240014 9277.27775999 
292.0 666.0 0.287667600007 9712.33239999 
332.0 662.0 0.135491472003 9864.508528 
392.0 652.0 0.258843072007 9741.15692799 
433.0 651.0 0.678301060003 9321.69894 
476.0 652.0 0.231858524005 9768.14147599 
525.0 655.0 0.702922240018 9297.07775998 
558.0 668.0 0.865543880016 9134.45611998 
615.0 654.0 0.924303120019 9075.69687998 
648.0 656.0 1.10279617603 8897.20382397 
696.0 668.0 0.496098260013 9503.90173999 
757.0 661.0 0.287251040006 9712.74895999 
791.0 666.0 0.234476196006 9765.52380399 
849.0 653.0 0.230524684006 9769.47531599 
890.0 658.0 0.0967189840023 9903.281016 
924.0 661.0 0.0844038000016 9915.5962 
986.0 649.0 0.0263659520002 9973.634048 
17.0 710.0 0.0652552000016 9934.7448 
58.0 715.0 0.358713920009 9641.28607999 
102.0 701.0 0.452118704011 9547.88129599 
147.0 700.0 0.224926116006 9775.07388399 
213.0 700.0 0.711825600006 9288.17439999 
242.0 693.0 0.832374500021 9167.62549998 
296.0 708.0 0.557155736004 9442.844264 
349.0 694.0 0.0797074400005 9920.29256 
388.0 712.0 0.224952560005 9775.04744 
432.0 709.0 0.641864980013 9358.13501999 
483.0 713.0 0.315808776009 9684.19122399 
533.0 697.0 0.323874048008 9676.12595199 
564.0 705.0 0.524146740011 9475.85325999 
610.0 712.0 0.626149484012 9373.85051599 
659.0 699.0 0.457243520012 9542.75647999 
693.0 693.0 0.805581360011 9194.41863999 
748.0 701.0 0.761881776007 9238.11822399 
798.0 712.0 0.587597568015 9412.40243198 
834.0 695.0 0.299728320007 9700.27167999 
883.0 698.0 0.234483776005 9765.51622399 
941.0 709.0 0.106316500001 9893.6835 
982.0 711.0 0.0540054800002 9945.99452 
25.0 757.0 0.296173180008 9703.82681999 
72.0 753.0 0.550140380014 9449.85961999 
116.0 757.0 0.228446768005 9771.553232 
169.0 757.0 0.303056648008 9696.94335199 
204.0 748.0 0.536621040004 9463.37896 
260.0 761.0 0.209062960004 9790.93704 
306.0 740.0 0.443605536008 9556.39446399 
329.0 750.0 0.418664452011 9581.33554799 
397.0 742.0 0.129961372003 9870.038628 
439.0 755.0 0.431526640008 9568.47335999 
488.0 758.0 0.260762400007 9739.23759999 
516.0 756.0 0.155423352004 9844.576648 
566.0 754.0 0.430225980004 9569.77402 
615.0 756.0 0.45074673201 9549.25326799 
656.0 747.0 0.43330413201 9566.69586799 
715.0 757.0 0.309788152006 9690.21184799 
750.0 760.0 0.502905220007 9497.09477999 
805.0 742.0 0.482695308012 9517.30469199 
832.0 754.0 0.541658400009 9458.34159999 
890.0 750.0 0.358003280009 9641.99671999 
921.0 754.0 0.181128948004 9818.871052 
985.0 751.0 0.0266937080005 9973.306292 
31.0 794.0 0.342191384007 9657.80861599 
58.0 796.0 0.401594380006 9598.40561999 
107.0 800.0 0.328103080008 9671.89691999 
164.0 788.0 0.311786840008 9688.21315999 
215.0 788.0 0.429539012012 9570.46098799 
257.0 802.0 0.145139840004 9854.86016 
294.0 803.0 0.128533280003 9871.46672 
338.0 784.0 0.453651680003 9546.34832 
380.0 803.0 0.312387500008 9687.61249999 
422.0 797.0 0.219274736005 9780.72526399 
466.0 799.0 0.366376380007 9633.62361999 
524.0 806.0 0.281028048006 9718.97195199 
570.0 802.0 0.348230400008 9651.76959999 
603.0 791.0 0.39797032001 9602.02967999 
649.0 794.0 0.249377600004 9750.6224 
712.0 787.0 0.120834408003 9879.165592 
759.0 793.0 0.318448416008 9681.55158399 
802.0 801.0 0.39614196001 9603.85803999 
845.0 803.0 0.226115600006 9773.88439999 
878.0 803.0 0.109531300003 9890.4687 
921.0 788.0 0.252280940002 9747.71906 
966.0 801.0 0.0857806080016 9914.219392 
19.0 845.0 0.119927280003 9880.07272 
62.0 831.0 0.274198400005 9725.80159999 
105.0 832.0 0.301932040003 9698.06796 
157.0 848.0 0.163481600002 9836.5184 
204.0 839.0 0.255066088003 9744.933912 
248.0 833.0 0.215177080006 9784.82291999 
306.0 850.0 0.138563632003 9861.436368 
332.0 835.0 0.378748516009 9621.25148399 
377.0 849.0 0.185741500005 9814.2585 
423.0 836.0 0.0997143760025 9900.285624 
487.0 848.0 0.315402752005 9684.597248 
532.0 838.0 0.215772992005 9784.22700799 
561.0 845.0 0.168687120004 9831.31288 
605.0 842.0 0.359422900007 9640.57709999 
658.0 837.0 0.250790880005 9749.20911999 
707.0 849.0 0.111494580001 9888.50542 
760.0 835.0 0.156981160003 9843.01884 
794.0 849.0 0.0735156480015 9926.484352 
831.0 840.0 0.175131888001 9824.868112 
882.0 850.0 0.200913424005 9799.086576 
936.0 835.0 0.187025048004 9812.974952 
986.0 839.0 0.0773965600019 9922.60344 
18.0 891.0 0.0460509480009 9953.949052 
76.0 894.0 0.0588624320016 9941.137568 
119.0 884.0 0.198791600005 9801.2084 
149.0 881.0 0.151174400002 9848.8256 
208.0 891.0 0.232462400004 9767.5376 
255.0 879.0 0.186144460004 9813.85554 
288.0 896.0 0.0790599120013 9920.940088 
349.0 887.0 0.228518028005 9771.48197199 
390.0 887.0 0.163734016004 9836.265984 
442.0 876.0 0.0433917280009 9956.608272 
478.0 889.0 0.204338584005 9795.661416 
532.0 879.0 0.192730752005 9807.269248 
574.0 876.0 0.161876960004 9838.12304 
620.0 889.0 0.185762728004 9814.237272 
647.0 879.0 0.234587928004 9765.412072 
695.0 895.0 0.103716160002 9896.28384 
750.0 886.0 0.126313320002 9873.68668 
792.0 878.0 0.140811608003 9859.188392 
845.0 882.0 0.183866240005 9816.13376 
889.0 891.0 0.0870624680013 9912.937532 
938.0 879.0 0.117692400003 9882.3076 
979.0 895.0 0.0676604600016 9932.33954 
15.0 938.0 0.0157200000004 9984.28 
64.0 932.0 0.0318600000008 9968.14 
103.0 932.0 0.0886036800017 9911.39632 
160.0 937.0 0.0740800080011 9925.919992 
203.0 934.0 0.0887866880023 9911.213312 
242.0 926.0 0.135892616002 9864.107384 
305.0 923.0 0.109456880002 9890.54312 
344.0 938.0 0.111739160003 9888.26084 
385.0 923.0 0.173742720003 9826.25728 
437.0 940.0 0.0989935160024 9901.006484 
467.0 937.0 0.0832133000015 9916.7867 
521.0 924.0 0.147518268002 9852.481732 
561.0 920.0 0.0598743200011 9940.12568 
621.0 932.0 0.145363200004 9854.6368 
658.0 942.0 0.0965982120017 9903.401788 
712.0 938.0 0.0810496080014 9918.950392 
752.0 935.0 0.0962856200015 9903.71438 
804.0 923.0 0.118385364002 9881.614636 
836.0 926.0 0.0835878800017 9916.41212 
877.0 926.0 0.0856380800017 9914.36192 
928.0 926.0 0.0528775360015 9947.122464 
967.0 931.0 0.083874900002 9916.1251 
33.0 971.0 0.0195323520002 9980.467648 
65.0 970.0 0.0426435600008 9957.35644 
103.0 986.0 0.0375738720007 9962.426128 
164.0 977.0 0.0512791360013 9948.720864 
196.0 986.0 0.0548670640009 9945.132936 
255.0 984.0 0.0712017840017 9928.798216 
286.0 988.0 0.0275921640001 9972.407836 
337.0 973.0 0.0382370720004 9961.762928 
395.0 977.0 0.0794433920022 9920.556608 
424.0 978.0 0.0611227840011 9938.877216 
475.0 981.0 0.0449350000006 9955.065 
524.0 977.0 0.0848500400014 9915.14996 
576.0 984.0 0.0554743000004 9944.5257 
620.0 974.0 0.0261102880004 9973.889712 
665.0 970.0 0.0892448800023 9910.75512 
703.0 976.0 0.0473604240011 9952.639576 
741.0 978.0 0.0534720600013 9946.52794 
784.0 969.0 0.0356352000006 9964.3648 
832.0 966.0 0.0441485440011 9955.851456 
896.0 987.0 0.00860000000022 9991.4 
921.0 987.0 0.0177549999998 9982.245 
977.0 987.0 0.0380093760008 9961.990624 
225.0 611.0 0.740439140019 9259.56085998 
66.0 858.0 0.173309640003 9826.69036 
21.0 81.0 0.228543160004 9771.45684 
370.0 635.0 0.355061920009 9644.93807999 
227.0 686.0 0.515542552013 9484.45744799 
618.0 168.0 0.78728492002 9212.71507998 
537.0 366.0 1.80833890001 8191.66109999 
398.0 934.0 0.113688152003 9886.311848 
327.0 302.0 1.26251344003 8737.48655997 
498.0 872.0 0.204756968005 9795.243032 
339.0 619.0 0.44523438401 9554.76561599 
813.0 155.0 0.251585120004 9748.41488 
67.0 697.0 0.564509344007 9435.49065599 
667.0 645.0 0.296246784008 9703.75321599 
38.0 361.0 0.350804576009 9649.19542399 
766.0 386.0 0.119492840003 9880.50716 
