1000.0 1000.0
146.0 98.0 0.0319874000007 9680.12599999 
246.0 92.0 0.0427611424008 9572.38857599 
304.0 76.0 0.0389190476006 9610.80952399 
376.0 34.0 0.0293666780003 9706.33322 
427.0 56.0 0.0411619180006 9588.38081999 
550.0 99.0 0.0332681900006 9667.31809999 
658.0 34.0 0.0342698632003 9657.301368 
733.0 51.0 0.0776334720008 9223.66527999 
724.0 129.0 0.105216636002 8947.83363998 
806.0 80.0 0.0330073408001 9669.926592 
876.0 96.0 0.00818400000022 9918.16 
69.0 157.0 0.0319463000006 9680.53699999 
158.0 164.0 0.0534106232003 9465.893768 
220.0 166.0 0.0528619624004 9471.380376 
351.0 116.0 0.0443862808007 9556.13719199 
428.0 128.0 0.0325620000009 9674.37999999 
518.0 158.0 0.00807800000021 9919.22 
600.0 154.0 0.0655497680012 9344.50231999 
676.0 146.0 0.0409340000011 9590.65999999 
751.0 204.0 0.135567500001 8644.32499999 
826.0 204.0 0.165146173602 8348.53826398 
880.0 200.0 0.0411720000011 9588.27999999 
70.0 225.0 0.0665964800015 9334.03519998 
167.0 225.0 0.0327460000009 9672.53999999 
240.0 223.0 0.0163880000004 9836.12 
327.0 189.0 0.0163880000004 9836.12 
416.0 197.0 0.0346836472006 9653.16352799 
491.0 219.0 0.0402767439999 9597.23256 
599.0 226.0 0.0862539960011 9137.46003999 
648.0 243.0 0.128449723201 8715.50276799 
706.0 280.0 0.137596850402 8624.03149598 
839.0 274.0 0.181274855604 8187.25144396 
896.0 284.0 0.229688517201 7703.11482799 
91.0 295.0 0.0881790208011 9118.20979199 
145.0 301.0 0.0874113872008 9125.88612799 
262.0 366.0 0.0506096164009 9493.90383599 
344.0 370.0 0.046490542001 9535.09457999 
411.0 342.0 0.0411831939999 9588.16806 
507.0 286.0 0.0164560000004 9835.44 
584.0 330.0 0.0343570928002 9656.429072 
658.0 350.0 0.102981378002 8970.18621998 
723.0 362.0 0.172898688001 8271.01311999 
802.0 355.0 0.0571320000015 9428.67999998 
925.0 348.0 0.166839425603 8331.60574397 
99.0 475.0 0.0333543736004 9666.456264 
182.0 358.0 0.0326520000009 9673.47999999 
253.0 431.0 0.0473537800011 9526.46219999 
316.0 421.0 0.133743580003 8662.56419997 
451.0 401.0 0.0163700000004 9836.3 
494.0 346.0 0.0163700000004 9836.3 
613.0 406.0 0.0312186368006 9687.81363199 
677.0 410.0 0.0817040000021 9182.95999998 
782.0 420.0 0.0302190616007 9697.80938399 
839.0 427.0 0.070667918 9293.32082 
932.0 405.0 0.0658360000017 9341.63999998 
106.0 548.0 0.0616323092013 9383.67690799 
164.0 571.0 0.091141100001 9088.58899999 
223.0 559.0 0.119984572803 8800.15427197 
347.0 488.0 0.107133680802 8928.66319198 
411.0 489.0 0.0409320000011 9590.67999999 
546.0 487.0 0.0337185700004 9662.8143 
599.0 480.0 0.0257567764005 9742.432236 
672.0 495.0 0.0231149300002 9768.8507 
735.0 481.0 0.00821000000022 9917.9 
851.0 506.0 0.0999226380019 9000.77361998 
917.0 481.0 0.0999226380019 9000.77361998 
57.0 627.0 0.0345800404001 9654.199596 
133.0 642.0 0.0666274960012 9333.72503999 
233.0 616.0 0.138123175601 8618.76824399 
323.0 568.0 0.0325043000006 9674.95699999 
398.0 558.0 0.0325043000006 9674.95699999 
535.0 612.0 0.0842841300014 9157.15869999 
577.0 555.0 0.0655384788012 9344.61521199 
638.0 546.0 0.00806600000021 9919.34 
803.0 598.0 0.0673132544011 9326.86745599 
852.0 578.0 0.107302789601 8926.97210399 
931.0 584.0 0.0329240000009 9670.75999999 
55.0 704.0 0.0137535724 9862.464276 
139.0 714.0 0.0674826059996 9325.17394 
255.0 653.0 0.158109924402 8418.90075598 
324.0 636.0 0.0948942592015 9051.05740799 
473.0 733.0 0.0948942592015 9051.05740799 
522.0 708.0 0.125721145602 8742.78854398 
623.0 727.0 0.125721145602 8742.78854398 
699.0 705.0 0.0492671940007 9507.32805999 
783.0 672.0 0.077821000001 9221.78999999 
861.0 675.0 0.0163960000004 9836.04 
938.0 672.0 0.0163960000004 9836.04 
62.0 762.0 0.00817400000021 9918.26 
140.0 792.0 0.0420252500005 9579.7475 
199.0 723.0 0.0246300000006 9753.69999999 
298.0 711.0 0.0657900000017 9342.09999998 
386.0 775.0 0.0426220800005 9573.77919999 
533.0 787.0 0.0490900000013 9509.09999999 
637.0 821.0 0.0330083008006 9669.91699199 
758.0 747.0 0.124974470802 8750.25529198 
821.0 759.0 0.15612168 8438.7832 
875.0 793.0 0.129327206401 8706.72793599 
937.0 781.0 0.0491640000013 9508.35999999 
91.0 885.0 0.0291429316006 9708.57068399 
161.0 864.0 0.00818600000022 9918.14 
234.0 856.0 0.00818600000022 9918.14 
310.0 850.0 0.0405450000008 9594.54999999 
378.0 851.0 0.105243753201 8947.56246799 
502.0 849.0 0.0159743060002 9840.25694 
663.0 891.0 0.0403770256004 9596.229744 
763.0 867.0 0.0383228956003 9616.771044 
819.0 886.0 0.074483257601 9255.16742399 
872.0 868.0 0.0534664136011 9465.33586399 
957.0 882.0 0.102482024402 8975.17975598 
104.0 935.0 0.0614947200012 9385.05279999 
161.0 956.0 0.07136256 9286.3744 
229.0 917.0 0.0246400000006 9753.59999999 
315.0 917.0 0.00828000000022 9917.2 
418.0 920.0 0.0740428912005 9259.571088 
468.0 927.0 0.0327440000009 9672.55999999 
699.0 952.0 0.0161840000004 9838.16 
752.0 902.0 0.0403124520005 9596.87548 
824.0 958.0 0.0244320000006 9755.67999999 
899.0 910.0 0.0634279072011 9365.72092799 
972.0 956.0 0.0755813600008 9244.18639999 
542.0 658.0 0.117188400002 8828.11599998 
36.0 789.0 0.117188400002 8828.11599998 
747.0 295.0 0.196052036002 8039.47963998 
366.0 323.0 0.0284505416009 9715.49458399 
