1000.0 1000.0
59.0 69.0 0.043709092001 9562.90907999 
135.0 70.0 0.0598290640013 9401.70935999 
197.0 63.0 0.0598290640013 9401.70935999 
281.0 28.0 0.0336653600004 9663.3464 
357.0 26.0 0.069455184001 9305.44815999 
442.0 58.0 0.0562040472012 9437.95952799 
528.0 41.0 0.0179559000002 9820.441 
591.0 66.0 0.00843000000022 9915.7 
663.0 35.0 0.00843000000022 9915.7 
773.0 77.0 0.00812800000021 9918.72 
854.0 100.0 0.0242941120002 9757.05888 
918.0 95.0 0.0240954992001 9759.045008 
70.0 148.0 0.0841431392007 9158.56860799 
144.0 147.0 0.135412700801 8645.87299199 
218.0 148.0 0.169536924001 8304.63075999 
296.0 142.0 0.0161129159997 9838.87084 
373.0 104.0 0.109077054401 8909.22945599 
445.0 126.0 0.113164789999 8868.35210001 
523.0 116.0 0.00843000000022 9915.7 
590.0 113.0 0.00843000000022 9915.7 
688.0 157.0 0.048660712001 9513.39287999 
756.0 134.0 0.0260851200002 9739.1488 
826.0 164.0 0.0164440000004 9835.56 
938.0 161.0 0.00816600000021 9918.34 
64.0 213.0 0.0492868464006 9507.13153599 
165.0 234.0 0.0492868464006 9507.13153599 
241.0 219.0 0.177470048001 8225.29951999 
291.0 241.0 0.176910924804 8230.89075196 
359.0 175.0 0.0324640000009 9675.35999999 
450.0 196.0 0.0406140000011 9593.85999999 
535.0 234.0 0.0505262532013 9494.73746799 
610.0 225.0 0.0486112360008 9513.88763999 
677.0 224.0 0.0680793203996 9319.206796 
768.0 239.0 0.0506704420007 9493.29557999 
845.0 244.0 0.0905951200012 9094.04879999 
917.0 220.0 0.0335497760006 9664.50223999 
63.0 284.0 0.059247714001 9407.52285999 
144.0 322.0 0.0617463100012 9382.53689999 
255.0 308.0 0.0711574344017 9288.42565598 
313.0 311.0 0.0656500000017 9343.49999998 
401.0 324.0 0.0656500000017 9343.49999998 
455.0 295.0 0.0428452160003 9571.54784 
530.0 308.0 0.0534392039998 9465.60796 
579.0 310.0 0.0248840000007 9751.15999999 
676.0 298.0 0.0327780000009 9672.21999999 
799.0 311.0 0.0824196160017 9175.80383998 
871.0 312.0 0.170274920002 8297.25079998 
931.0 319.0 0.116261790003 8837.38209997 
55.0 385.0 0.149443071602 8505.56928398 
126.0 371.0 0.221101731202 7788.98268798 
192.0 386.0 0.0492040000013 9507.95999999 
310.0 372.0 0.0157326156002 9842.673844 
377.0 384.0 0.00816600000021 9918.34 
498.0 433.0 0.039745178001 9602.54821999 
563.0 447.0 0.0744707480012 9255.29251999 
633.0 390.0 0.0328780000009 9671.21999999 
703.0 400.0 0.0672155956005 9327.844044 
803.0 395.0 0.0574740000015 9425.25999998 
878.0 373.0 0.176977733202 8230.22266798 
947.0 363.0 0.00830200000022 9916.98 
31.0 460.0 0.0634133120017 9365.86687998 
122.0 447.0 0.251609129605 7483.90870395 
166.0 429.0 0.271992968004 7280.07031996 
276.0 478.0 0.0983540000026 9016.45999997 
360.0 482.0 0.0306229932002 9693.770068 
505.0 496.0 0.0563345280008 9436.65471999 
568.0 520.0 0.1066668444 8933.331556 
647.0 481.0 0.042099550401 9579.00449599 
723.0 471.0 0.111458668001 8885.41331999 
800.0 472.0 0.122131428403 8778.68571597 
861.0 454.0 0.122131428403 8778.68571597 
929.0 449.0 0.0496902280006 9503.09771999 
51.0 570.0 0.0496902280006 9503.09771999 
77.0 498.0 0.064601146401 9353.98853599 
148.0 493.0 0.367206074006 6327.93925994 
219.0 511.0 0.273823930401 7261.76069599 
377.0 540.0 0.0405247376005 9594.75262399 
431.0 584.0 0.0411940000011 9588.05999999 
566.0 592.0 0.0651940660011 9348.05933999 
639.0 556.0 0.0407740000011 9592.25999999 
732.0 551.0 0.0407740000011 9592.25999999 
787.0 530.0 0.159745940001 8402.54059999 
851.0 547.0 0.149953802 8500.46198 
924.0 573.0 0.0494020000013 9505.97999999 
80.0 638.0 0.133049646401 8669.50353599 
149.0 664.0 0.130320128002 8696.79871998 
226.0 655.0 0.0406640000011 9593.35999999 
293.0 617.0 0.0636342748014 9363.65725199 
358.0 611.0 0.0713816800007 9286.18319999 
436.0 671.0 0.0309081600006 9690.91839999 
539.0 647.0 0.00823400000022 9917.66 
627.0 624.0 0.0690137400011 9309.86259999 
700.0 648.0 0.106104583202 8938.95416798 
769.0 653.0 0.132081580001 8679.18419999 
852.0 658.0 0.0321185760007 9678.81423999 
920.0 664.0 0.112528708002 8874.71291998 
94.0 741.0 0.0247651780005 9752.34821999 
150.0 741.0 0.0626279620011 9373.72037999 
251.0 732.0 0.0389850304006 9610.14969599 
311.0 726.0 0.0745482820015 9254.51717999 
357.0 706.0 0.0745482820015 9254.51717999 
466.0 726.0 0.0668872976006 9331.12702399 
540.0 730.0 0.0929704000014 9070.29599999 
613.0 726.0 0.0647191860016 9352.80813998 
698.0 704.0 0.0587691416012 9412.30858399 
786.0 722.0 0.151756084001 8482.43915999 
839.0 747.0 0.230893696002 7691.06303998 
901.0 727.0 0.305825837205 6941.74162795 
80.0 807.0 0.00827400000022 9917.26 
137.0 797.0 0.0165160000004 9834.84 
241.0 786.0 0.0656500480012 9343.49951999 
310.0 798.0 0.119093993601 8809.06006399 
395.0 811.0 0.0666836772016 9333.16322798 
469.0 796.0 0.0245000000006 9754.99999999 
560.0 790.0 0.127317860801 8726.82139199 
617.0 795.0 0.180131840004 8198.68159996 
718.0 777.0 0.0597614000005 9402.386 
775.0 778.0 0.110430562002 8895.69437998 
909.0 802.0 0.349962252004 6500.37747996 
964.0 773.0 0.0738740000019 9261.25999998 
95.0 898.0 0.0634730720008 9365.26927999 
162.0 899.0 0.0846344800021 9153.65519998 
223.0 860.0 0.0234150000003 9765.85 
310.0 854.0 0.159288212003 8407.11787997 
373.0 875.0 0.213536021604 7864.63978396 
449.0 886.0 0.192148096002 8078.51903998 
545.0 844.0 0.0325960000009 9674.03999999 
625.0 853.0 0.15199216 8480.0784 
687.0 839.0 0.0733760000019 9266.23999998 
772.0 842.0 0.0245220000006 9754.77999999 
894.0 880.0 0.347921859204 6520.78140796 
968.0 876.0 0.0903040000024 9096.95999998 
76.0 965.0 0.0325046800003 9674.9532 
185.0 972.0 0.0243600000006 9756.39999999 
204.0 923.0 0.0764055599998 9235.9444 
258.0 915.0 0.0408300000011 9591.69999999 
311.0 903.0 0.0410660000011 9589.33999999 
468.0 924.0 0.278196696802 7218.03303198 
547.0 933.0 0.308934120005 6910.65879995 
624.0 944.0 0.344069456006 6559.30543994 
702.0 946.0 0.243900776001 7560.99223999 
758.0 916.0 0.0898300000024 9101.69999998 
887.0 945.0 0.379552988406 6204.47011594 
948.0 969.0 0.282843568001 7171.56431999 
37.0 670.0 0.0535182724011 9464.81727599 
283.0 559.0 0.0304318880003 9695.68112 
617.0 308.0 0.0139904624002 9860.095376 
21.0 607.0 0.0559882720011 9440.11727999 
47.0 337.0 0.0856126624017 9143.87337598 
752.0 51.0 0.00994379519977 9900.562048 
