1000.0 1000.0
46.0 79.0 0.0772207680014 9227.79231999 
122.0 75.0 0.0588137776015 9411.86222399 
225.0 96.0 0.0311841240001 9688.15876 
308.0 72.0 0.0512618136008 9487.38186399 
377.0 40.0 0.0492894860009 9507.10513999 
465.0 70.0 0.0295692132004 9704.307868 
519.0 51.0 0.0993119520011 9006.88047999 
592.0 30.0 0.0993119520011 9006.88047999 
667.0 89.0 0.00824600000022 9917.54 
758.0 95.0 0.0146984003997 9853.015996 
863.0 47.0 0.0326379680001 9673.62032 
932.0 49.0 0.0637518720004 9362.48128 
65.0 181.0 0.0195393599999 9804.6064 
153.0 162.0 0.188456904402 8115.43095598 
220.0 159.0 0.0837227760004 9162.77224 
295.0 160.0 0.0163800000004 9836.2 
377.0 111.0 0.100750283202 8992.49716798 
448.0 132.0 0.153735680001 8462.64319999 
525.0 125.0 0.242715588804 7572.84411196 
594.0 117.0 0.0183275596001 9816.724404 
673.0 173.0 0.0169629120001 9830.37088 
745.0 157.0 0.0162780000004 9837.22 
865.0 141.0 0.0430565704003 9569.434296 
942.0 148.0 0.0332120000009 9667.87999999 
41.0 226.0 0.0242815600004 9757.1844 
105.0 199.0 0.0163840000004 9836.16 
198.0 226.0 0.222397380003 7776.02619997 
269.0 228.0 0.0755192400018 9244.80759998 
372.0 231.0 0.0342012700001 9657.9873 
429.0 207.0 0.00823800000022 9917.62 
526.0 204.0 0.208040470001 7919.59529999 
597.0 228.0 0.0992065760023 9007.93423998 
666.0 222.0 0.0992065760023 9007.93423998 
808.0 220.0 0.0589020240012 9410.97975999 
874.0 223.0 0.046844350001 9531.55649999 
924.0 204.0 0.0332438720009 9667.56127999 
37.0 291.0 0.0332438720009 9667.56127999 
140.0 288.0 0.0815992528018 9184.00747198 
209.0 303.0 0.201578540002 7984.21459998 
286.0 314.0 0.0818680000022 9181.31999998 
379.0 307.0 0.059751884401 9402.48115599 
476.0 311.0 0.0162057600003 9837.9424 
539.0 280.0 0.0815100000021 9184.89999998 
629.0 298.0 0.0761662784012 9238.33721599 
693.0 306.0 0.0162360000004 9837.64 
791.0 303.0 0.0498560400008 9501.43959999 
855.0 279.0 0.0734695600017 9265.30439998 
923.0 293.0 0.0492740000013 9507.25999999 
42.0 376.0 0.0345406540005 9654.59346 
116.0 393.0 0.0515508880007 9484.49111999 
188.0 374.0 0.0820060000022 9179.93999998 
276.0 366.0 0.0820060000022 9179.93999998 
388.0 363.0 0.0923690484015 9076.30951598 
448.0 376.0 0.135397500001 8646.02499999 
555.0 359.0 0.0465450600007 9534.54939999 
615.0 374.0 0.134677536002 8653.22463998 
708.0 394.0 0.0720085760015 9279.91423999 
794.0 364.0 0.0248770072004 9751.229928 
865.0 373.0 0.00823800000022 9917.62 
961.0 409.0 0.00823800000022 9917.62 
50.0 495.0 0.0334175920003 9665.82408 
134.0 439.0 0.0293961400006 9706.03859999 
174.0 474.0 0.00815600000021 9918.44 
243.0 455.0 0.00815600000021 9918.44 
394.0 478.0 0.0763171960014 9236.82803999 
448.0 451.0 0.130964616 8690.35384 
521.0 476.0 0.0410200000011 9589.79999999 
639.0 446.0 0.172617947602 8273.82052398 
710.0 460.0 0.1754789784 8245.210216 
788.0 467.0 0.0569240000015 9430.75999999 
870.0 475.0 0.0157879199998 9842.1208 
936.0 483.0 0.00838000000022 9916.2 
63.0 566.0 0.0428845136002 9571.154864 
133.0 542.0 0.0165180000004 9834.82 
222.0 553.0 0.0388279568003 9611.720432 
282.0 562.0 0.0665590528002 9334.409472 
373.0 557.0 0.0665590528002 9334.409472 
449.0 535.0 0.0739076200011 9260.92379999 
533.0 561.0 0.172004898004 8279.95101996 
602.0 565.0 0.134573549999 8654.26450001 
671.0 559.0 0.134573549999 8654.26450001 
777.0 533.0 0.0129349439999 9870.65056 
831.0 535.0 0.00816600000021 9918.34 
925.0 543.0 0.0339006248003 9660.993752 
59.0 635.0 0.0150669540001 9849.33046 
142.0 645.0 0.0174172292 9825.827708 
198.0 627.0 0.0229995320003 9770.00468 
294.0 634.0 0.0634427000009 9365.57299999 
362.0 635.0 0.0244440000006 9755.55999999 
446.0 607.0 0.0666672968017 9333.32703198 
544.0 615.0 0.0574383988012 9425.61601199 
609.0 631.0 0.0580240000015 9419.75999998 
684.0 667.0 0.0660655596012 9339.34440399 
823.0 644.0 0.0660655596012 9339.34440399 
892.0 610.0 0.0625062960007 9374.93703999 
948.0 640.0 0.0925211392014 9074.78860799 
54.0 741.0 0.0256310040001 9743.68996 
138.0 723.0 0.0256310040001 9743.68996 
201.0 691.0 0.0163100000004 9836.9 
288.0 709.0 0.0320514964006 9679.48503599 
355.0 721.0 0.0684355644009 9315.64435599 
453.0 704.0 0.0656088620014 9343.91137999 
524.0 722.0 0.0742123064014 9257.87693599 
627.0 717.0 0.0339236636004 9660.763364 
713.0 733.0 0.0902289560018 9097.71043998 
850.0 734.0 0.0647278020014 9352.72197999 
915.0 718.0 0.182785048003 8172.14951997 
978.0 694.0 0.136319746001 8636.80253999 
49.0 807.0 0.0386831400009 9613.16859999 
121.0 777.0 0.00817200000021 9918.28 
204.0 802.0 0.0321248552003 9678.751448 
286.0 784.0 0.0321248552003 9678.751448 
385.0 792.0 0.103221448001 8967.78551999 
449.0 774.0 0.145462258001 8545.37741999 
558.0 787.0 0.135678472002 8643.21527998 
619.0 790.0 0.0407840000011 9592.15999999 
714.0 791.0 0.0830884528018 9169.11547198 
774.0 809.0 0.0327860000009 9672.13999999 
906.0 799.0 0.0743225200013 9256.77479999 
975.0 782.0 0.0657860000017 9342.13999998 
58.0 869.0 0.0778938816016 9221.06118398 
119.0 883.0 0.0976002119994 9023.99788001 
226.0 867.0 0.0685004352008 9314.99564799 
284.0 855.0 0.0577127664 9422.872336 
390.0 858.0 0.0378144540004 9621.85546 
472.0 848.0 0.1138444188 8861.555812 
521.0 838.0 0.0473137960006 9526.86203999 
620.0 881.0 0.159166451198 8408.33548802 
688.0 883.0 0.0572520000015 9427.47999998 
775.0 891.0 0.0353358320004 9646.64168 
871.0 895.0 0.0401197840005 9598.80216 
965.0 860.0 0.0401197840005 9598.80216 
73.0 937.0 0.0655129920015 9344.87007998 
171.0 942.0 0.0326760000009 9673.23999999 
227.0 941.0 0.0279632224004 9720.367776 
296.0 913.0 0.0243540000006 9756.45999999 
384.0 915.0 0.00802200000021 9919.78 
469.0 918.0 0.0409660000011 9590.33999999 
560.0 967.0 0.0409660000011 9590.33999999 
627.0 940.0 0.0572520000015 9427.47999998 
718.0 967.0 0.0572520000015 9427.47999998 
792.0 945.0 0.0165520000004 9834.48 
876.0 958.0 0.0757323776012 9242.67622399 
954.0 946.0 0.0904319200015 9095.68079998 
19.0 37.0 0.0287804640005 9712.19536 
486.0 845.0 0.0287804640005 9712.19536 
614.0 825.0 0.1779941168 8220.058832 
102.0 101.0 0.139003141601 8609.96858399 
259.0 973.0 0.00829400000022 9917.06 
935.0 913.0 0.0704405400009 9295.59459999 
494.0 552.0 0.109902754401 8900.97245599 
767.0 859.0 0.0265046624006 9734.95337599 
965.0 751.0 0.127112274802 8728.87725198 
920.0 113.0 0.0582634803995 9417.36519601 
935.0 221.0 0.0667001503995 9332.998496 
298.0 247.0 0.0398773404006 9601.22659599 
56.0 699.0 0.00827400000022 9917.26 
615.0 757.0 0.0647878500014 9352.12149999 
772.0 373.0 0.0162580000004 9837.42 
836.0 233.0 0.045451123601 9545.48876399 
