1000.0 1000.0
22.0 36.0 0.0345689312008 9654.31068799 
100.0 38.0 0.0663193692008 9336.80630799 
196.0 41.0 0.0663193692008 9336.80630799 
262.0 30.0 0.0254367000004 9745.633 
331.0 54.0 0.0404197096009 9595.80290399 
428.0 54.0 0.0319840672003 9680.159328 
496.0 42.0 0.0715844224011 9284.15577599 
567.0 48.0 0.0723493932013 9276.50606799 
667.0 51.0 0.0723493932013 9276.50606799 
746.0 38.0 0.0188516160001 9811.48384 
824.0 54.0 0.0164560000004 9835.44 
873.0 40.0 0.03138168 9686.1832 
954.0 66.0 0.0468812320009 9531.18767999 
28.0 97.0 0.00821200000022 9917.88 
114.0 109.0 0.104738928001 8952.61071999 
193.0 116.0 0.121577388002 8784.22611998 
272.0 105.0 0.0490060000013 9509.93999999 
355.0 119.0 0.0451881576002 9548.118424 
409.0 123.0 0.0163880000004 9836.12 
510.0 108.0 0.110344190401 8896.55809599 
587.0 111.0 0.0932171304022 9067.82869598 
636.0 116.0 0.0408020000011 9591.97999999 
748.0 123.0 0.00833000000022 9916.7 
816.0 98.0 0.017074834 9829.25166 
898.0 100.0 0.0708497520015 9291.50247999 
957.0 127.0 0.125284098001 8747.15901999 
41.0 197.0 0.0295200400004 9704.7996 
115.0 185.0 0.0246160000006 9753.83999999 
200.0 175.0 0.171884512002 8281.15487998 
276.0 188.0 0.118391080002 8816.08919998 
329.0 194.0 0.0657080000017 9342.91999998 
420.0 210.0 0.0657080000017 9342.91999998 
495.0 195.0 0.0354732212002 9645.267788 
558.0 187.0 0.0354732212002 9645.267788 
636.0 204.0 0.0762888256013 9237.11174399 
738.0 193.0 0.0348154400007 9651.84559999 
816.0 193.0 0.0765884992014 9234.11500799 
871.0 193.0 0.0998718372024 9001.28162798 
979.0 188.0 0.161357904002 8386.42095998 
47.0 252.0 0.0393721200008 9606.27879999 
108.0 281.0 0.0163000000004 9837.0 
191.0 254.0 0.0484703468008 9515.29653199 
255.0 275.0 0.0560242512005 9439.757488 
352.0 283.0 0.0319852704001 9680.147296 
407.0 260.0 0.00814800000021 9918.52 
519.0 276.0 0.0312657740003 9687.34226 
582.0 278.0 0.0814574000016 9185.42599998 
647.0 258.0 0.165062580404 8349.37419596 
714.0 280.0 0.217842125202 7821.57874798 
800.0 268.0 0.0829946980004 9170.05302 
867.0 272.0 0.142943310003 8570.56689997 
945.0 285.0 0.275299186805 7247.00813195 
22.0 339.0 0.0182510639998 9817.48936 
131.0 359.0 0.0233789896006 9766.21010399 
179.0 329.0 0.0336187640005 9663.81235999 
252.0 330.0 0.0329380000009 9670.61999999 
352.0 351.0 0.0612800408005 9387.199592 
413.0 360.0 0.0911563860005 9088.43613999 
499.0 363.0 0.0963431160024 9036.56883998 
574.0 356.0 0.0284916400007 9715.08359999 
662.0 346.0 0.0835842224022 9164.15777598 
738.0 355.0 0.278538179203 7214.61820797 
809.0 340.0 0.0244660000006 9755.33999999 
899.0 364.0 0.0814980000021 9185.01999998 
949.0 346.0 0.201110070399 7988.89929601 
31.0 418.0 0.00806000000021 9919.4 
124.0 422.0 0.00838600000022 9916.14 
202.0 410.0 0.049740576001 9502.59423999 
251.0 418.0 0.050628346801 9493.71653199 
348.0 410.0 0.050628346801 9493.71653199 
440.0 414.0 0.127572928001 8724.27071999 
484.0 426.0 0.198755356804 8012.44643196 
580.0 404.0 0.0603178760007 9396.82123999 
637.0 417.0 0.101972492001 8980.27507999 
748.0 433.0 0.263492368005 7365.07631995 
799.0 418.0 0.233487647199 7665.12352801 
867.0 415.0 0.0821740000022 9178.25999998 
952.0 428.0 0.0291363576005 9708.636424 
28.0 492.0 0.0266557120004 9733.44288 
106.0 506.0 0.00820200000022 9917.98 
209.0 485.0 0.100124763201 8998.75236799 
283.0 496.0 0.133146152801 8668.53847199 
356.0 511.0 0.110709200002 8892.90799998 
438.0 503.0 0.110709200002 8892.90799998 
484.0 499.0 0.171090001601 8289.09998399 
592.0 514.0 0.0499538880008 9500.46111999 
642.0 493.0 0.1021366792 8978.633208 
732.0 486.0 0.1021366792 8978.633208 
814.0 485.0 0.0821740000022 9178.25999998 
894.0 507.0 0.0163680000004 9836.32 
955.0 481.0 0.0389280191995 9610.719808 
40.0 563.0 0.0394135728006 9605.86427199 
99.0 589.0 0.0530073972007 9469.92602799 
171.0 556.0 0.0162820000004 9837.18 
262.0 593.0 0.0169881984001 9830.118016 
332.0 575.0 0.0488080000013 9511.91999999 
419.0 570.0 0.0251455984001 9748.544016 
493.0 574.0 0.0651940000017 9348.05999998 
585.0 578.0 0.00811200000021 9918.88 
644.0 568.0 0.0408360000011 9591.63999999 
728.0 558.0 0.0408360000011 9591.63999999 
813.0 580.0 0.0332126828004 9667.873172 
883.0 561.0 0.0658046808002 9341.953192 
946.0 594.0 0.0566934832007 9433.06516799 
30.0 668.0 0.053128700001 9468.71299999 
120.0 662.0 0.0793229044018 9206.77095598 
209.0 655.0 0.0286104960008 9713.89503999 
258.0 656.0 0.0630289368007 9369.71063199 
360.0 666.0 0.0630289368007 9369.71063199 
431.0 636.0 0.0382825260004 9617.17474 
485.0 663.0 0.0769497460008 9230.50253999 
563.0 672.0 0.106350140001 8936.49859999 
662.0 659.0 0.106350140001 8936.49859999 
747.0 656.0 0.0333934664004 9666.065336 
820.0 663.0 0.0474464596003 9525.535404 
881.0 672.0 0.0460523000007 9539.47699999 
959.0 649.0 0.0245640000006 9754.35999999 
48.0 739.0 0.110139334402 8898.60665598 
114.0 723.0 0.147746004803 8522.53995197 
186.0 728.0 0.163384678002 8366.15321998 
284.0 715.0 0.0976598992016 9023.40100798 
351.0 732.0 0.126897533602 8731.02466398 
435.0 735.0 0.126897533602 8731.02466398 
495.0 734.0 0.0825957888019 9174.04211198 
566.0 743.0 0.166767218403 8332.32781597 
660.0 730.0 0.0333475684003 9666.524316 
732.0 737.0 0.0663803152007 9336.19684799 
822.0 730.0 0.0163860000004 9836.14 
882.0 729.0 0.0612703792002 9387.296208 
956.0 712.0 0.0612703792002 9387.296208 
50.0 810.0 0.0449026400006 9550.97359999 
98.0 801.0 0.0570440000015 9429.55999999 
184.0 799.0 0.203279238403 7967.20761597 
254.0 797.0 0.174798870399 8252.01129601 
358.0 797.0 0.164868208002 8351.31791998 
416.0 823.0 0.195968376005 8040.31623995 
507.0 804.0 0.084029082002 9159.70917998 
590.0 812.0 0.209292597603 7907.07402397 
647.0 810.0 0.209292597603 7907.07402397 
742.0 809.0 0.116613714002 8833.86285998 
795.0 792.0 0.0515383516009 9484.61648399 
885.0 791.0 0.0970260136011 9029.73986399 
954.0 801.0 0.0951748399995 9048.2516 
81.0 880.0 0.0774122036007 9225.87796399 
158.0 888.0 0.0848547176007 9151.45282399 
223.0 861.0 0.118034930003 8819.65069997 
269.0 868.0 0.0654820000017 9345.17999998 
346.0 867.0 0.0753681208015 9246.31879198 
422.0 886.0 0.147437590403 8525.62409597 
492.0 878.0 0.0822560000022 9177.43999998 
576.0 887.0 0.0794807840018 9205.19215998 
635.0 871.0 0.274077089203 7259.22910797 
717.0 878.0 0.112545269603 8874.54730397 
825.0 874.0 0.193799900004 8062.00099996 
889.0 901.0 0.225775418405 7742.24581595 
947.0 877.0 0.0326960000009 9673.03999999 
73.0 957.0 0.0344545200003 9655.4548 
169.0 933.0 0.1280902704 8719.097296 
230.0 959.0 0.147053301602 8529.46698398 
283.0 964.0 0.182771925601 8172.28074399 
342.0 964.0 0.242581123202 7574.18876798 
418.0 948.0 0.179981240002 8200.18759998 
483.0 940.0 0.0658000000017 9341.99999998 
573.0 953.0 0.0658000000017 9341.99999998 
672.0 939.0 0.199786544402 8002.13455598 
732.0 940.0 0.0816140000021 9183.85999998 
814.0 967.0 0.0177417983999 9822.582016 
889.0 950.0 0.0651560000017 9348.43999998 
944.0 943.0 0.205638681999 7943.61318001 
814.0 828.0 0.140298918801 8597.01081199 
930.0 237.0 0.196034469203 8039.65530797 
79.0 685.0 0.0899258444021 9100.74155598 
465.0 851.0 0.1485229048 8514.770952 
7.0 737.0 0.0352586160003 9647.41384 
189.0 270.0 0.0564673160008 9435.32683999 
