1000.0 1000.0
22.0 52.0 0.0411402544007 9588.59745599 
93.0 41.0 0.0689534388014 9310.46561199 
184.0 52.0 0.0591036844008 9408.96315599 
254.0 25.0 0.0223614511999 9776.385488 
313.0 36.0 0.00822800000022 9917.72 
388.0 24.0 0.0324487800004 9675.5122 
476.0 35.0 0.0299412512005 9700.587488 
526.0 22.0 0.00811200000021 9918.88 
600.0 19.0 0.00811200000021 9918.88 
682.0 32.0 0.0316288184001 9683.711816 
747.0 49.0 0.0754273716016 9245.72628398 
824.0 29.0 0.049083052801 9509.16947199 
892.0 49.0 0.0663861300009 9336.13869999 
969.0 50.0 0.0300996560007 9699.00343999 
34.0 95.0 0.0572491880012 9427.50811999 
103.0 100.0 0.1288646208 8711.353792 
187.0 99.0 0.046881900001 9531.18099999 
245.0 98.0 0.0964659740016 9035.34025998 
308.0 120.0 0.1399956336 8600.043664 
409.0 92.0 0.0816698656016 9183.30134398 
469.0 93.0 0.0816613000005 9183.38699999 
534.0 123.0 0.0540389008003 9459.610992 
592.0 96.0 0.0338234656001 9661.765344 
690.0 113.0 0.0730989388014 9269.01061199 
762.0 123.0 0.103937461201 8960.62538799 
816.0 111.0 0.0553510000015 9446.48999999 
910.0 98.0 0.0565377499996 9434.6225 
965.0 108.0 0.0327360000009 9672.63999999 
21.0 189.0 0.0345219296008 9654.78070399 
105.0 168.0 0.172167172001 8278.32827999 
180.0 187.0 0.174799115201 8252.00884799 
234.0 177.0 0.0739820000019 9260.17999998 
331.0 195.0 0.148561139203 8514.38860797 
400.0 163.0 0.119617482002 8803.82517998 
472.0 181.0 0.0547700660009 9452.29933999 
550.0 173.0 0.0326720000009 9673.27999999 
604.0 168.0 0.072048746401 9279.51253599 
669.0 177.0 0.125764286803 8742.35713197 
763.0 177.0 0.132264976002 8677.35023998 
832.0 173.0 0.0704302144017 9295.69785598 
877.0 190.0 0.0551608800011 9448.39119999 
957.0 185.0 0.012792624 9872.07376 
51.0 262.0 0.0646728800007 9353.27119999 
100.0 237.0 0.0646728800007 9353.27119999 
187.0 239.0 0.235762760004 7642.37239996 
260.0 253.0 0.255309863204 7446.90136796 
326.0 264.0 0.277885989202 7221.14010798 
394.0 240.0 0.139492000004 8605.07999996 
478.0 238.0 0.0663070240013 9336.92975999 
532.0 249.0 0.0164800000004 9835.2 
623.0 267.0 0.114658826002 8853.41173998 
668.0 241.0 0.175732861604 8242.67138396 
757.0 249.0 0.162623000003 8373.76999997 
832.0 237.0 0.0635805960009 9364.19403999 
885.0 250.0 0.0327600000009 9672.39999999 
979.0 234.0 0.00811200000021 9918.88 
32.0 329.0 0.100148432001 8998.51567999 
113.0 326.0 0.0423509032005 9576.490968 
165.0 335.0 0.0472631912011 9527.36808799 
233.0 311.0 0.0234518820004 9765.48118 
331.0 326.0 0.242955032802 7570.44967198 
404.0 321.0 0.0817660000021 9182.33999998 
466.0 308.0 0.104556515202 8954.43484798 
538.0 338.0 0.127881490403 8721.18509597 
622.0 311.0 0.127881490403 8721.18509597 
681.0 306.0 0.231977056004 7680.22943996 
765.0 318.0 0.198071596803 8019.28403197 
835.0 332.0 0.261785315204 7382.14684796 
891.0 333.0 0.151503560803 8484.96439197 
951.0 333.0 0.0968468896022 9031.53110398 
30.0 403.0 0.125877857603 8741.22142397 
121.0 403.0 0.113597168002 8864.02831998 
184.0 399.0 0.0444348007996 9555.651992 
250.0 377.0 0.00805800000021 9919.42 
323.0 410.0 0.0165692999998 9834.307 
375.0 398.0 0.0299242016 9700.757984 
461.0 398.0 0.0889446880019 9110.55311998 
525.0 403.0 0.200143958404 7998.56041596 
604.0 390.0 0.0316324616006 9683.67538399 
693.0 377.0 0.248687352004 7513.12647996 
751.0 401.0 0.268177010002 7318.22989998 
824.0 396.0 0.245151584006 7548.48415994 
891.0 382.0 0.320800184003 6791.99815997 
974.0 393.0 0.00811200000021 9918.88 
44.0 467.0 0.1525121012 8474.878988 
104.0 476.0 0.217659894405 7823.40105595 
163.0 457.0 0.302571672004 6974.28327996 
242.0 454.0 0.0160360000004 9839.64 
324.0 481.0 0.00825000000022 9917.5 
392.0 451.0 0.0746424960008 9253.57503999 
463.0 464.0 0.179307410803 8206.92589197 
541.0 467.0 0.320726734407 6792.73265593 
591.0 455.0 0.240172832006 7598.27167994 
695.0 479.0 0.0144105024002 9855.894976 
753.0 452.0 0.325146270005 6748.53729995 
818.0 462.0 0.317584660008 6824.15339992 
907.0 459.0 0.395543000409 6044.56999591 
955.0 461.0 0.296987338007 7030.12661993 
25.0 544.0 0.0331757936008 9668.24206399 
97.0 542.0 0.191351430404 8086.48569596 
171.0 523.0 0.403392808005 5966.07191995 
240.0 550.0 0.338756884002 6612.43115998 
311.0 542.0 0.106804000003 8931.95999997 
396.0 542.0 0.0304929188002 9695.070812 
464.0 524.0 0.0326780000009 9673.21999999 
547.0 526.0 0.359683652004 6403.16347996 
610.0 527.0 0.303113832406 6968.86167594 
669.0 533.0 0.123572000003 8764.27999997 
765.0 552.0 0.0428908640008 9571.09135999 
808.0 528.0 0.0407339980005 9592.66001999 
894.0 537.0 0.52900412001 4709.9587999 
946.0 539.0 0.414445051606 5855.54948394 
33.0 600.0 0.00818600000022 9918.14 
104.0 591.0 0.0164960000004 9835.04 
195.0 613.0 0.138032878403 8619.67121597 
259.0 608.0 0.193038425205 8069.61574795 
336.0 621.0 0.0614441900015 9385.55809998 
382.0 601.0 0.0687826428005 9312.17357199 
459.0 609.0 0.0923911200007 9076.08879999 
519.0 624.0 0.138790000004 8612.09999996 
600.0 602.0 0.138790000004 8612.09999996 
684.0 616.0 0.016618016 9833.81984 
754.0 602.0 0.0164660000004 9835.34 
831.0 594.0 0.0533791256 9466.208744 
880.0 605.0 0.139404000004 8605.95999996 
975.0 599.0 0.106538000003 8934.61999997 
50.0 699.0 0.0285308000002 9714.692 
123.0 691.0 0.0570038680012 9429.96131999 
192.0 684.0 0.0576793624009 9423.20637599 
241.0 693.0 0.130904896802 8690.95103198 
313.0 667.0 0.141660756401 8583.39243599 
382.0 693.0 0.111480398 8885.19602 
462.0 694.0 0.0729760764015 9270.23923598 
529.0 694.0 0.206793287602 7932.06712398 
597.0 669.0 0.175621960803 8243.78039197 
682.0 684.0 0.042047540001 9579.52459999 
742.0 694.0 0.0665535660015 9334.46433998 
811.0 688.0 0.0148065299998 9851.9347 
909.0 688.0 0.0147509207996 9852.490792 
971.0 683.0 0.00831600000022 9916.84 
40.0 749.0 0.0641592104011 9358.40789599 
107.0 766.0 0.112000736801 8879.99263199 
186.0 757.0 0.144321040004 8556.78959996 
244.0 763.0 0.275098380001 7249.01619999 
329.0 741.0 0.0897840000024 9102.15999998 
399.0 751.0 0.0489640000013 9510.35999999 
472.0 747.0 0.102806024002 8971.93975998 
520.0 762.0 0.0397909300008 9602.09069999 
609.0 746.0 0.0571480000015 9428.51999998 
693.0 757.0 0.0690673544007 9309.32645599 
761.0 756.0 0.0555537040009 9444.46295999 
812.0 750.0 0.0328420000009 9671.57999999 
899.0 749.0 0.0391928960006 9608.07103999 
968.0 763.0 0.0517897672012 9482.10232799 
33.0 831.0 0.0329012540006 9670.98745999 
114.0 833.0 0.0406380000011 9593.61999999 
169.0 812.0 0.0243220000006 9756.77999999 
264.0 838.0 0.271910362003 7280.89637997 
318.0 815.0 0.223543342403 7764.56657597 
382.0 821.0 0.0820660000022 9179.33999998 
467.0 823.0 0.0603195312008 9396.80468799 
536.0 805.0 0.0246360000006 9753.63999999 
624.0 828.0 0.0991413208021 9008.58679198 
668.0 810.0 0.153258116002 8467.41883998 
757.0 818.0 0.0597034592008 9402.96540799 
811.0 832.0 0.0937231360022 9062.76863998 
901.0 811.0 0.0702115420016 9297.88457998 
963.0 804.0 0.0974294663992 9025.70533601 
43.0 901.0 0.00814200000021 9918.58 
90.0 875.0 0.0320938880007 9679.06111999 
169.0 905.0 0.0122734728 9877.265272 
261.0 895.0 0.0337564480001 9662.43552 
333.0 906.0 0.0681926360003 9318.07364 
381.0 890.0 0.0328761064006 9671.23893599 
479.0 901.0 0.100992182802 8990.07817198 
552.0 901.0 0.123242320003 8767.57679997 
607.0 876.0 0.183743939603 8162.56060397 
663.0 887.0 0.2559773068 7440.226932 
767.0 902.0 0.0677229152013 9322.77084799 
821.0 894.0 0.162644383602 8373.55616398 
898.0 892.0 0.179209318403 8207.90681597 
948.0 881.0 0.0738660000019 9261.33999998 
40.0 968.0 0.0155610983997 9844.389016 
107.0 963.0 0.00817800000021 9918.22 
178.0 954.0 0.00820200000022 9917.98 
254.0 952.0 0.0319198932002 9680.801068 
321.0 960.0 0.0548969704012 9451.03029599 
386.0 959.0 0.0412740000011 9587.25999999 
455.0 947.0 0.0375393392008 9624.60660799 
548.0 969.0 0.0341965632004 9658.034368 
624.0 965.0 0.0343371680001 9656.62832 
678.0 963.0 0.0990360000026 9009.63999997 
762.0 980.0 0.0990360000026 9009.63999997 
829.0 952.0 0.144211444003 8557.88555997 
908.0 960.0 0.253540954802 7464.59045198 
972.0 971.0 0.164368800002 8356.31199998 
847.0 479.0 0.520723069608 4792.76930392 
467.0 797.0 0.0493332900011 9506.66709999 
938.0 493.0 0.441079104009 5589.20895991 
807.0 730.0 0.0340781499999 9659.2185 
