500.0 500.0
44.0 28.0 0.0462240800007 9953.77592 
98.0 41.0 0.0478712160006 9952.128784 
161.0 44.0 0.0864381000019 9913.5619 
223.0 46.0 0.0451280000012 9954.872 
293.0 24.0 0.0414980840005 9958.501916 
357.0 45.0 0.0883940360007 9911.605964 
417.0 30.0 0.0394883000005 9960.5117 
504.0 21.0 0.00828000000022 9991.72 
563.0 24.0 0.0305194400007 9969.48056 
620.0 31.0 0.0520577600008 9947.94224 
684.0 24.0 0.0312017400004 9968.79826 
772.0 42.0 0.0890487280014 9910.951272 
836.0 32.0 0.0409067680007 9959.093232 
890.0 23.0 0.0393515880002 9960.648412 
955.0 22.0 0.0123742079999 9987.625792 
18.0 85.0 0.0366069600009 9963.39304 
109.0 84.0 0.0940141360021 9905.985864 
152.0 106.0 0.120804924001 9879.195076 
236.0 105.0 0.0542525280013 9945.747472 
289.0 86.0 0.0542525280013 9945.747472 
382.0 91.0 0.114925920001 9885.07408 
428.0 109.0 0.0828754400001 9917.12456 
483.0 94.0 0.0187047200004 9981.29528 
553.0 91.0 0.0251243159999 9974.875684 
632.0 87.0 0.0164600000004 9983.54 
709.0 91.0 0.0360825600002 9963.91744 
781.0 107.0 0.167936904004 9832.063096 
827.0 89.0 0.101030560001 9898.96944 
885.0 85.0 0.0594641600015 9940.53584 
958.0 116.0 0.0283148000005 9971.6852 
52.0 147.0 0.0245400000006 9975.46 
98.0 143.0 0.00796000000021 9992.04 
177.0 158.0 0.171751196001 9828.248804 
237.0 156.0 0.0808590400019 9919.14096 
285.0 160.0 0.0786750999999 9921.3249 
370.0 182.0 0.00848000000022 9991.52 
424.0 160.0 0.0142464000003 9985.7536 
492.0 179.0 0.0136052800002 9986.39472 
563.0 158.0 0.0168000000004 9983.2 
631.0 161.0 0.0307745800001 9969.22542 
686.0 161.0 0.114165560003 9885.83444 
774.0 152.0 0.220918096003 9779.081904 
825.0 180.0 0.187383180003 9812.61682 
888.0 191.0 0.0315785200004 9968.42148 
962.0 169.0 0.0426631360003 9957.336864 
42.0 219.0 0.0426631360003 9957.336864 
111.0 236.0 0.113314040002 9886.68596 
168.0 218.0 0.267359552003 9732.640448 
240.0 248.0 0.0497852280012 9950.214772 
300.0 220.0 0.0399600000011 9960.04 
369.0 244.0 0.0399600000011 9960.04 
418.0 243.0 0.0301650000001 9969.835 
504.0 233.0 0.0165600000004 9983.44 
565.0 232.0 0.0393283040005 9960.671696 
647.0 218.0 0.106400000003 9893.6 
704.0 219.0 0.225106 9774.894 
768.0 241.0 0.354805520005 9645.19448 
818.0 246.0 0.247753120007 9752.24687999 
894.0 266.0 0.0280208320003 9971.979168 
982.0 221.0 0.0248600000007 9975.14 
28.0 314.0 0.0322035200006 9967.79648 
115.0 284.0 0.112133924002 9887.866076 
162.0 284.0 0.234752204004 9765.247796 
232.0 284.0 0.0482670640005 9951.732936 
294.0 289.0 0.102259840001 9897.74016 
367.0 293.0 0.102259840001 9897.74016 
443.0 293.0 0.096579776002 9903.420224 
508.0 303.0 0.186420300003 9813.5797 
550.0 293.0 0.0839654400013 9916.03456 
617.0 306.0 0.0412958640005 9958.704136 
712.0 309.0 0.190432600003 9809.5674 
772.0 284.0 0.264346700003 9735.6533 
829.0 292.0 0.119805352002 9880.194648 
884.0 312.0 0.087512800001 9912.4872 
950.0 315.0 0.0544101440004 9945.589856 
39.0 381.0 0.0668286800008 9933.17132 
88.0 369.0 0.104830820002 9895.16918 
174.0 351.0 0.0829400000022 9917.06 
244.0 368.0 0.053544564001 9946.455436 
287.0 350.0 0.160848280001 9839.15172 
350.0 369.0 0.188964872 9811.035128 
440.0 358.0 0.142588816003 9857.411184 
502.0 370.0 0.332326280005 9667.67371999 
571.0 376.0 0.121332024003 9878.667976 
611.0 396.0 0.0273280000005 9972.672 
702.0 374.0 0.269383864003 9730.616136 
778.0 351.0 0.194962528004 9805.037472 
836.0 356.0 0.0983118760018 9901.688124 
896.0 351.0 0.0326600000009 9967.34 
972.0 372.0 0.0301834800006 9969.81652 
49.0 433.0 0.0699408000019 9930.0592 
89.0 433.0 0.101903816001 9898.096184 
170.0 429.0 0.0297755000002 9970.2245 
221.0 447.0 0.058901392001 9941.098608 
312.0 442.0 0.0875788000021 9912.4212 
365.0 423.0 0.173082808005 9826.917192 
420.0 449.0 0.0660400000017 9933.96 
509.0 439.0 0.261955872 9738.044128 
560.0 436.0 0.109947320003 9890.05268 
631.0 432.0 0.00812000000021 9991.88 
715.0 417.0 0.370331520001 9629.66848 
777.0 420.0 0.282383264003 9717.616736 
828.0 425.0 0.0784896640019 9921.510336 
907.0 437.0 0.00808000000021 9991.92 
964.0 448.0 0.0218659200003 9978.13408 
41.0 513.0 0.0463864520012 9953.613548 
95.0 488.0 0.074980000002 9925.02 
170.0 504.0 0.074980000002 9925.02 
219.0 499.0 0.0951688200005 9904.83118 
316.0 494.0 0.0355076000005 9964.4924 
356.0 504.0 0.068633760001 9931.36624 
418.0 487.0 0.0244200000006 9975.58 
491.0 514.0 0.0750297920021 9924.970208 
572.0 518.0 0.00892000000023 9991.08 
621.0 503.0 0.0136047840002 9986.395216 
707.0 483.0 0.246560000006 9753.43999999 
775.0 475.0 0.330426528005 9669.57347199 
834.0 505.0 0.415065972002 9584.934028 
906.0 512.0 0.131266540003 9868.73346 
950.0 513.0 0.0530509160012 9946.949084 
42.0 557.0 0.045383440001 9954.61656 
95.0 556.0 0.0651996480004 9934.800352 
151.0 556.0 0.0248400000007 9975.16 
237.0 560.0 0.0745262720018 9925.473728 
286.0 565.0 0.0333600000009 9966.64 
367.0 559.0 0.0295996760006 9970.400324 
417.0 582.0 0.0663600000017 9933.64 
510.0 552.0 0.169737664 9830.262336 
551.0 577.0 0.180107760003 9819.89224 
617.0 580.0 0.0655706600012 9934.42934 
705.0 575.0 0.0240800000006 9975.92 
767.0 568.0 0.0222709400004 9977.72906 
848.0 564.0 0.369985768002 9630.014232 
890.0 577.0 0.308981116007 9691.01888399 
952.0 573.0 0.137652400002 9862.3476 
43.0 641.0 0.0166400000004 9983.36 
94.0 621.0 0.0410777600009 9958.92224 
153.0 666.0 0.0733400000019 9926.66 
242.0 649.0 0.0733400000019 9926.66 
312.0 645.0 0.00872000000023 9991.28 
382.0 648.0 0.143965984001 9856.034016 
418.0 632.0 0.137081628002 9862.918372 
499.0 621.0 0.114473440003 9885.52656 
560.0 642.0 0.113449232002 9886.550768 
644.0 646.0 0.0245000000006 9975.5 
710.0 640.0 0.014952064 9985.047936 
780.0 642.0 0.014952064 9985.047936 
827.0 624.0 0.0989200000026 9901.08 
905.0 638.0 0.231674704003 9768.325296 
958.0 647.0 0.131162840002 9868.83716 
19.0 690.0 0.0349674560009 9965.032544 
96.0 714.0 0.216643312005 9783.356688 
154.0 711.0 0.168217368004 9831.782632 
238.0 695.0 0.00804000000021 9991.96 
304.0 684.0 0.0204842400004 9979.51576 
351.0 711.0 0.0601520000013 9939.848 
417.0 689.0 0.107507096001 9892.492904 
509.0 685.0 0.0399982240006 9960.001776 
566.0 690.0 0.0369112000009 9963.0888 
648.0 696.0 0.0330829280007 9966.917072 
700.0 689.0 0.00822000000022 9991.78 
778.0 693.0 0.100020000003 9899.98 
847.0 695.0 0.100634420001 9899.36558 
891.0 684.0 0.0968732320018 9903.126768 
972.0 686.0 0.0776146720021 9922.385328 
27.0 775.0 0.0161600000004 9983.84 
103.0 778.0 0.184997280002 9815.00272 
178.0 772.0 0.0890333360021 9910.966664 
219.0 751.0 0.0136631759997 9986.336824 
305.0 774.0 0.0136631759997 9986.336824 
351.0 746.0 0.0406722680004 9959.327732 
422.0 752.0 0.0403301600003 9959.66984 
506.0 783.0 0.0578200000015 9942.18 
575.0 770.0 0.0742400000019 9925.76 
631.0 778.0 0.165859200005 9834.1408 
688.0 753.0 0.0327317560004 9967.268244 
782.0 758.0 0.227858816004 9772.141184 
840.0 752.0 0.247550400006 9752.44959999 
885.0 776.0 0.174552324001 9825.447676 
963.0 751.0 0.0410963120009 9958.903688 
20.0 831.0 0.0366903800009 9963.30962 
95.0 835.0 0.14649774 9853.50226 
166.0 845.0 0.0167000000004 9983.3 
236.0 822.0 0.0629993600012 9937.00064 
290.0 828.0 0.133470976003 9866.529024 
354.0 842.0 0.074720000002 9925.28 
440.0 842.0 0.079627292001 9920.372708 
485.0 844.0 0.130887264 9869.112736 
552.0 824.0 0.0142889399998 9985.71106 
638.0 845.0 0.226122648001 9773.877352 
691.0 827.0 0.180307084001 9819.692916 
770.0 823.0 0.121610320002 9878.38968 
837.0 828.0 0.0316224000001 9968.3776 
912.0 818.0 0.143242824002 9856.757176 
982.0 834.0 0.0357219400006 9964.27806 
48.0 885.0 0.118122036002 9881.877964 
93.0 885.0 0.0756562560019 9924.343744 
183.0 891.0 0.0640346400009 9935.96536 
247.0 901.0 0.0880032800015 9911.99672 
299.0 895.0 0.162397480004 9837.60252 
350.0 900.0 0.0918940800023 9908.10592 
437.0 897.0 0.0288193520004 9971.180648 
516.0 906.0 0.114376700002 9885.6233 
568.0 896.0 0.0247000000006 9975.3 
616.0 888.0 0.0247000000006 9975.3 
707.0 892.0 0.161960604003 9838.039396 
762.0 882.0 0.161960604003 9838.039396 
822.0 879.0 0.089021868002 9910.978132 
925.0 886.0 0.089021868002 9910.978132 
969.0 890.0 0.046395544001 9953.604456 
65.0 973.0 0.0258266880007 9974.173312 
135.0 960.0 0.0258266880007 9974.173312 
176.0 954.0 0.0319584560008 9968.041544 
232.0 952.0 0.00846000000022 9991.54 
311.0 966.0 0.0292960560001 9970.703944 
360.0 966.0 0.0738460480002 9926.153952 
429.0 973.0 0.0491818400007 9950.81816 
493.0 955.0 0.0592558800017 9940.74412 
575.0 970.0 0.00872000000023 9991.28 
635.0 974.0 0.0150263040001 9984.973696 
700.0 950.0 0.108910392002 9891.089608 
767.0 966.0 0.0748632000007 9925.1368 
828.0 958.0 0.0316290800004 9968.37092 
917.0 955.0 0.0316290800004 9968.37092 
962.0 937.0 0.0388161200004 9961.18388 
702.0 380.0 0.199245432005 9800.75456799 
910.0 880.0 0.0245000000006 9975.5 
953.0 798.0 0.0716558480018 9928.344152 
50.0 945.0 0.0597472160011 9940.252784 
490.0 107.0 0.0273112000004 9972.6888 
66.0 79.0 0.0726165600017 9927.38344 
945.0 684.0 0.146533856003 9853.466144 
500.0 824.0 0.0578200000015 9942.18 
995.0 177.0 0.0286237400006 9971.37626 
790.0 202.0 0.265081840004 9734.91816 
654.0 77.0 0.0332600000009 9966.74 
7.0 738.0 0.0291824320002 9970.817568 
970.0 66.0 0.00864000000022 9991.36 
410.0 480.0 0.0413718920015 9958.628108 
85.0 218.0 0.0276240000002 9972.376 
974.0 623.0 0.0801489280015 9919.851072 
750.0 547.0 0.0207379960004 9979.262004 
461.0 110.0 0.0585800000015 9941.42 
790.0 391.0 0.108528720003 9891.47128 
672.0 46.0 0.0474626480008 9952.537352 
683.0 202.0 0.108895616002 9891.104384 
732.0 943.0 0.097551952002 9902.448048 
381.0 687.0 0.156132320004 9843.86768 
540.0 596.0 0.111959104003 9888.040896 
969.0 701.0 0.0633135680013 9936.686432 
