500.0 500.0
53.0 34.0 0.0381568440008 9961.843156 
110.0 52.0 0.0545956000014 9945.4044 
174.0 43.0 0.0627831760009 9937.216824 
219.0 59.0 0.0773064000018 9922.6936 
289.0 44.0 0.0371390400007 9962.86096 
344.0 42.0 0.0202864640005 9979.713536 
394.0 44.0 0.00808000000021 9991.92 
450.0 23.0 0.0226566199999 9977.34338 
488.0 34.0 0.0382878200007 9961.71218 
573.0 41.0 0.0115972000003 9988.4028 
604.0 31.0 0.0128379960002 9987.162004 
677.0 61.0 0.0128379960002 9987.162004 
753.0 44.0 0.0238800000006 9976.12 
803.0 54.0 0.0367205440004 9963.279456 
838.0 54.0 0.0342999680007 9965.700032 
911.0 57.0 0.0295788800004 9970.42112 
961.0 55.0 0.0300192120004 9969.980788 
38.0 90.0 0.0372744000006 9962.7256 
113.0 93.0 0.0982034800021 9901.79652 
170.0 102.0 0.157072160002 9842.92784 
226.0 100.0 0.221249744003 9778.750256 
285.0 96.0 0.0932888760017 9906.711124 
342.0 98.0 0.0164600000004 9983.54 
406.0 110.0 0.0286775840004 9971.322416 
452.0 82.0 0.00846000000022 9991.54 
514.0 83.0 0.0340629800005 9965.93702 
567.0 89.0 0.0243200000006 9975.68 
604.0 84.0 0.0161200000004 9983.88 
675.0 102.0 0.0374406720003 9962.559328 
738.0 117.0 0.0201498000004 9979.8502 
804.0 108.0 0.0327800000009 9967.22 
842.0 124.0 0.056407080001 9943.59292 
913.0 111.0 0.058301600001 9941.6984 
955.0 110.0 0.0342519480002 9965.748052 
43.0 143.0 0.0598331200017 9940.16688 
97.0 153.0 0.100023536002 9899.976464 
135.0 153.0 0.133343540002 9866.65646 
217.0 151.0 0.255093944005 9744.90605599 
276.0 156.0 0.254645400002 9745.3546 
321.0 156.0 0.305465180005 9694.53481999 
389.0 161.0 0.0625626800013 9937.43732 
445.0 151.0 0.072038728001 9927.961272 
495.0 155.0 0.0242000000006 9975.8 
554.0 159.0 0.0145808519996 9985.419148 
627.0 183.0 0.0156000000004 9984.4 
672.0 159.0 0.0316351199998 9968.36488 
735.0 161.0 0.0250600000007 9974.94 
785.0 167.0 0.01220832 9987.79168 
861.0 179.0 0.0876582159993 9912.341784 
909.0 163.0 0.0951659200015 9904.83408 
968.0 162.0 0.0163800000004 9983.62 
42.0 207.0 0.0363293600005 9963.67064 
89.0 196.0 0.119246376002 9880.753624 
144.0 199.0 0.211264384003 9788.735616 
205.0 195.0 0.0806793920018 9919.320608 
257.0 197.0 0.00912000000024 9990.88 
316.0 214.0 0.346237184001 9653.762816 
386.0 213.0 0.0611542080015 9938.845792 
434.0 200.0 0.149507684002 9850.492316 
488.0 206.0 0.052940040001 9947.05996 
568.0 232.0 0.052940040001 9947.05996 
611.0 220.0 0.00812000000021 9991.88 
663.0 240.0 0.0289265120001 9971.073488 
718.0 233.0 0.0294920800003 9970.50792 
784.0 236.0 0.0142543799997 9985.74562 
861.0 218.0 0.0496800000013 9950.32 
900.0 234.0 0.01111428 9988.88572 
964.0 221.0 0.01111428 9988.88572 
44.0 263.0 0.0178321280003 9982.167872 
80.0 263.0 0.00784000000021 9992.16 
152.0 252.0 0.163519428 9836.480572 
204.0 259.0 0.0673800000018 9932.62 
282.0 272.0 0.120349548003 9879.650452 
335.0 270.0 0.387232352005 9612.767648 
389.0 276.0 0.430148352005 9569.851648 
441.0 250.0 0.228981900002 9771.0181 
489.0 261.0 0.0562400000015 9943.76 
547.0 302.0 0.0360192600002 9963.98074 
599.0 284.0 0.0207849600001 9979.21504 
686.0 287.0 0.0408058880001 9959.194112 
723.0 300.0 0.096590328002 9903.409672 
800.0 293.0 0.0157800000004 9984.22 
843.0 284.0 0.0266764000004 9973.3236 
909.0 291.0 0.0162000000004 9983.8 
961.0 275.0 0.0127359999998 9987.264 
62.0 322.0 0.0107833600002 9989.21664 
100.0 336.0 0.00812000000021 9991.88 
158.0 309.0 0.0673800000018 9932.62 
220.0 327.0 0.0271854400006 9972.81456 
257.0 328.0 0.0902190560023 9909.780944 
329.0 323.0 0.088382892002 9911.617108 
396.0 313.0 0.43111088001 9568.88911999 
444.0 317.0 0.341551680008 9658.44831999 
500.0 324.0 0.132640000003 9867.36 
568.0 340.0 0.057068376001 9942.931624 
607.0 334.0 0.00820000000022 9991.8 
676.0 335.0 0.0248200000007 9975.18 
741.0 342.0 0.128250828 9871.749172 
789.0 333.0 0.102620980001 9897.37902 
847.0 334.0 0.0678306600014 9932.16934 
897.0 340.0 0.0288091840005 9971.190816 
972.0 334.0 0.0135629999998 9986.437 
42.0 383.0 0.0300630320006 9969.936968 
96.0 392.0 0.0620595720011 9937.940428 
153.0 374.0 0.0915406400016 9908.45936 
209.0 386.0 0.151956760002 9848.04324 
262.0 377.0 0.212849120004 9787.15088 
314.0 381.0 0.171520960003 9828.47904 
387.0 369.0 0.171520960003 9828.47904 
448.0 384.0 0.0267387440007 9973.261256 
487.0 390.0 0.0595527000003 9940.4473 
546.0 375.0 0.0242000000006 9975.8 
603.0 376.0 0.0572457600002 9942.75424 
670.0 369.0 0.0572457600002 9942.75424 
726.0 394.0 0.172780000005 9827.22 
783.0 393.0 0.125381280003 9874.61872 
844.0 387.0 0.0164200000004 9983.58 
906.0 389.0 0.00822000000022 9991.78 
973.0 391.0 0.00822000000022 9991.78 
47.0 447.0 0.0383223200008 9961.67768 
103.0 457.0 0.0348870039996 9965.112996 
157.0 443.0 0.0288658600005 9971.13414 
203.0 436.0 0.0884900800017 9911.50992 
263.0 454.0 0.0391434680007 9960.856532 
313.0 427.0 0.0828600000022 9917.14 
377.0 449.0 0.0468674400012 9953.13256 
435.0 453.0 0.0297856999994 9970.2143 
490.0 446.0 0.0564441280017 9943.555872 
567.0 452.0 0.0293036000007 9970.6964 
613.0 434.0 0.0242000000006 9975.8 
673.0 455.0 0.158340320004 9841.65968 
747.0 432.0 0.455640992004 9544.359008 
793.0 431.0 0.393257852009 9606.74214799 
841.0 454.0 0.288626952007 9711.37304799 
900.0 446.0 0.0289476600007 9971.05234 
968.0 437.0 0.0289476600007 9971.05234 
50.0 492.0 0.0223403280005 9977.659672 
104.0 513.0 0.0249800000007 9975.02 
153.0 508.0 0.0234800000006 9976.52 
216.0 506.0 0.0383095280009 9961.690472 
267.0 487.0 0.0419000000011 9958.1 
331.0 492.0 0.0381857600007 9961.81424 
383.0 496.0 0.0431632480003 9956.836752 
437.0 492.0 0.0668800000018 9933.12 
544.0 498.0 0.211346480006 9788.65351999 
609.0 495.0 0.00820000000022 9991.8 
677.0 492.0 0.371991072001 9628.008928 
735.0 490.0 0.490884096001 9509.115904 
804.0 486.0 0.340285848007 9659.71415199 
862.0 499.0 0.257064364006 9742.93563599 
897.0 515.0 0.165869948002 9834.130052 
940.0 515.0 0.0618545480012 9938.145452 
51.0 555.0 0.0361384000007 9963.8616 
100.0 562.0 0.0575903200006 9942.40968 
156.0 560.0 0.0818571520018 9918.142848 
202.0 546.0 0.0772733720021 9922.726628 
261.0 552.0 0.0315800000008 9968.42 
321.0 548.0 0.0371953960006 9962.804604 
386.0 559.0 0.0921907720002 9907.809228 
443.0 551.0 0.211861000005 9788.13899999 
488.0 561.0 0.396004536008 9603.99546399 
554.0 564.0 0.359708208004 9640.291792 
628.0 546.0 0.0130576800002 9986.94232 
670.0 545.0 0.180160000005 9819.84 
724.0 550.0 0.0284008920001 9971.599108 
804.0 544.0 0.117865536002 9882.134464 
845.0 555.0 0.0854887840017 9914.511216 
907.0 567.0 0.128360448001 9871.639552 
956.0 573.0 0.0718798760019 9928.120124 
33.0 611.0 0.0203695439999 9979.630456 
81.0 628.0 0.0576000000015 9942.4 
150.0 603.0 0.0576000000015 9942.4 
219.0 630.0 0.0242800000006 9975.72 
275.0 629.0 0.0161000000004 9983.9 
330.0 613.0 0.0124526999999 9987.5473 
379.0 631.0 0.0418000000011 9958.2 
453.0 621.0 0.121894192001 9878.105808 
505.0 610.0 0.129714320003 9870.28568 
556.0 609.0 0.229317000002 9770.683 
613.0 610.0 0.164590000002 9835.41 
667.0 618.0 0.116989600001 9883.0104 
732.0 604.0 0.0623300000015 9937.67 
785.0 626.0 0.0286365960002 9971.363404 
840.0 603.0 0.0286365960002 9971.363404
920.0 620.0 0.0775665200015 9922.43348 
970.0 616.0 0.0537975840013 9946.202416 
31.0 671.0 0.0828128480015 9917.187152 
82.0 681.0 0.118512720002 9881.48728 
134.0 663.0 0.118512720002 9881.48728 
194.0 673.0 0.0524537440003 9947.546256 
261.0 681.0 0.0337580000005 9966.242 
329.0 680.0 0.0937696080025 9906.230392 
386.0 665.0 0.0917113400022 9908.28866 
439.0 668.0 0.118966780002 9881.03322 
488.0 690.0 0.0578704800008 9942.12952 
560.0 665.0 0.0777171200015 9922.28288 
630.0 684.0 0.0406600000011 9959.34 
682.0 665.0 0.0848584480017 9915.141552 
738.0 668.0 0.0586291600003 9941.37084 
800.0 685.0 0.0241400000006 9975.86 
863.0 689.0 0.0241400000006 9975.86 
913.0 670.0 0.0154000000004 9984.6 
970.0 670.0 0.0418269200005 9958.17308 
16.0 722.0 0.0291372480005 9970.862752 
100.0 727.0 0.102751680001 9897.24832 
160.0 732.0 0.0266051600006 9973.39484 
195.0 720.0 0.0557827200014 9944.21728 
266.0 723.0 0.0273968960004 9972.603104 
331.0 718.0 0.044755264001 9955.244736 
379.0 719.0 0.0168800000004 9983.12 
442.0 749.0 0.0905800000024 9909.42 
498.0 722.0 0.0258914240005 9974.108576 
570.0 731.0 0.0163000000004 9983.7 
614.0 733.0 0.0333818200006 9966.61818 
690.0 734.0 0.0332600000009 9966.74 
734.0 723.0 0.0291307480005 9970.869252 
799.0 728.0 0.0291307480005 9970.869252 
841.0 725.0 0.056180668 9943.819332 
899.0 737.0 0.0598659200006 9940.13408 
974.0 726.0 0.0281171200002 9971.88288 
44.0 790.0 0.0291684320006 9970.831568 
99.0 779.0 0.0577842000007 9942.2158 
184.0 788.0 0.0290057520008 9970.994248 
233.0 789.0 0.0546492400015 9945.35076 
272.0 795.0 0.0891105000005 9910.8895 
328.0 792.0 0.160422160001 9839.57784 
385.0 789.0 0.293232768008 9706.76723199 
437.0 801.0 0.222098564 9777.901436 
509.0 802.0 0.0162000000004 9983.8 
555.0 804.0 0.0314088000009 9968.5912 
622.0 792.0 0.0558097800013 9944.19022 
669.0 787.0 0.0670880000001 9932.912 
725.0 795.0 0.0618608000018 9938.1392 
788.0 796.0 0.0075200000002 9992.48 
846.0 798.0 0.0125854719996 9987.414528 
913.0 783.0 0.0281331840006 9971.866816 
965.0 780.0 0.00804000000021 9991.96 
61.0 850.0 0.010318532 9989.681468 
98.0 842.0 0.0254200000007 9974.58 
177.0 860.0 0.0287369280001 9971.263072 
217.0 842.0 0.0946740000013 9905.326 
270.0 863.0 0.118366332001 9881.633668 
321.0 853.0 0.0496600000013 9950.34 
387.0 841.0 0.178004752003 9821.995248 
449.0 865.0 0.0494478400012 9950.55216 
487.0 847.0 0.0244000000006 9975.6 
568.0 853.0 0.0288267600007 9971.17324 
629.0 855.0 0.0404200000011 9959.58 
689.0 847.0 0.0248600000007 9975.14 
731.0 835.0 0.0285012000005 9971.4988 
786.0 832.0 0.0285012000005 9971.4988 
845.0 849.0 0.0163800000004 9983.62 
905.0 838.0 0.0163800000004 9983.62 
967.0 839.0 0.0136438799997 9986.35612 
67.0 920.0 0.0317956480003 9968.204352 
119.0 892.0 0.0361146799996 9963.88532 
160.0 916.0 0.0256400000007 9974.36 
234.0 892.0 0.0951045160022 9904.895484 
276.0 921.0 0.110478400003 9889.5216 
320.0 918.0 0.0849400000011 9915.06 
373.0 897.0 0.136078032002 9863.921968 
431.0 908.0 0.0886761320015 9911.323868 
496.0 925.0 0.00862000000022 9991.38 
559.0 907.0 0.0161600000004 9983.84 
624.0 910.0 0.0713566000006 9928.6434 
673.0 892.0 0.0590139600004 9940.98604 
732.0 897.0 0.0295953360006 9970.404664 
776.0 891.0 0.0295953360006 9970.404664 
855.0 900.0 0.0332084760002 9966.791524 
915.0 898.0 0.00800000000021 9992.0 
959.0 890.0 0.00800000000021 9992.0 
66.0 969.0 0.0121020480003 9987.897952 
114.0 971.0 0.00828000000022 9991.72 
167.0 955.0 0.01082736 9989.17264 
221.0 972.0 0.00824000000022 9991.76 
271.0 958.0 0.0268150080005 9973.184992 
332.0 961.0 0.0286321560005 9971.367844 
393.0 948.0 0.0530095360013 9946.990464 
441.0 963.0 0.0376525000003 9962.3475 
512.0 964.0 0.011683548 9988.316452 
567.0 963.0 0.034302400001 9965.6976 
611.0 983.0 0.0276041600006 9972.39584 
654.0 957.0 0.0585904680005 9941.409532 
702.0 961.0 0.0282062400007 9971.79376 
807.0 962.0 0.0161000000004 9983.9 
844.0 954.0 0.010189872 9989.810128 
884.0 952.0 0.0380178200009 9961.98218 
936.0 946.0 0.020372 9979.628 
449.0 572.0 0.218863808003 9781.136192 
586.0 626.0 0.075323252002 9924.676748 
800.0 52.0 0.0418698880001 9958.130112 
236.0 453.0 0.0693781480014 9930.621852 
365.0 563.0 0.0518883160017 9948.111684 
813.0 972.0 0.00840249600034 9991.597504 
735.0 284.0 0.0938640000024 9906.136 
723.0 132.0 0.02660572 9973.39428 
702.0 569.0 0.0475176000014 9952.4824 
331.0 709.0 0.0437832600011 9956.21674 
503.0 621.0 0.121330500003 9878.6695 
512.0 532.0 0.410251360001 9589.74864 
