500.0 500.0
40.0 33.0 0.0268452000006 9973.1548 
79.0 24.0 0.0542435840007 9945.756416 
128.0 34.0 0.102182400001 9897.8176 
201.0 29.0 0.0112974399999 9988.70256 
252.0 24.0 0.0111619040001 9988.838096 
294.0 21.0 0.00824000000022 9991.76 
365.0 37.0 0.0433315000005 9956.6685 
429.0 31.0 0.0594407840014 9940.559216 
467.0 14.0 0.0303861440001 9969.613856 
536.0 15.0 0.0261361000004 9973.8639 
572.0 28.0 0.0591373160006 9940.862684 
650.0 38.0 0.0591373160006 9940.862684 
706.0 36.0 0.00774000000021 9992.26 
754.0 32.0 0.0933494520022 9906.650548 
811.0 15.0 0.0237400000006 9976.26 
863.0 37.0 0.134648060003 9865.35194 
915.0 24.0 0.0445653080009 9955.434692 
968.0 31.0 0.0356689280006 9964.331072 
40.0 93.0 0.0113952959997 9988.604704 
85.0 80.0 0.0162800000004 9983.72 
126.0 72.0 0.0681235000014 9931.8765 
180.0 71.0 0.0482800000013 9951.72 
240.0 90.0 0.0296712480006 9970.328752 
307.0 84.0 0.061635600001 9938.3644 
356.0 75.0 0.0839024240008 9916.097576 
415.0 71.0 0.11468976 9885.31024 
471.0 77.0 0.0569400000015 9943.06 
530.0 92.0 0.0246400000006 9975.36 
588.0 83.0 0.0665569600002 9933.44304 
625.0 96.0 0.0558873760014 9944.112624 
683.0 94.0 0.221295872005 9778.70412799 
754.0 89.0 0.276476008004 9723.523992 
811.0 89.0 0.243353112004 9756.646888 
857.0 90.0 0.209705164005 9790.294836 
910.0 69.0 0.145973000002 9854.027 
960.0 71.0 0.0662533440016 9933.746656 
27.0 150.0 0.0374874000005 9962.5126 
82.0 145.0 0.0833095360011 9916.690464 
136.0 125.0 0.115817728001 9884.182272 
186.0 151.0 0.141334100002 9858.6659 
254.0 130.0 0.0718480000007 9928.152 
311.0 131.0 0.0846668000012 9915.3332 
358.0 143.0 0.0630628400016 9936.93716 
427.0 132.0 0.0265768480005 9973.423152 
459.0 142.0 0.0432661920006 9956.733808 
518.0 148.0 0.0302031240008 9969.796876 
580.0 151.0 0.0547608200007 9945.23918 
652.0 143.0 0.0580165080012 9941.983492 
691.0 134.0 0.280533900002 9719.4661 
737.0 132.0 0.336496800008 9663.50319999 
795.0 136.0 0.101572720002 9898.42728 
872.0 139.0 0.140763348003 9859.236652 
929.0 131.0 0.0389660840003 9961.033916 
980.0 139.0 0.0380911920004 9961.908808 
23.0 201.0 0.0365918640006 9963.408136 
71.0 196.0 0.0486181920005 9951.381808 
146.0 201.0 0.124537600003 9875.4624 
187.0 203.0 0.172001900002 9827.9981 
263.0 204.0 0.0110073599999 9988.99264 
301.0 180.0 0.0418400000011 9958.16 
371.0 192.0 0.0680534320018 9931.946568 
429.0 201.0 0.0287901920001 9971.209808 
483.0 192.0 0.0248800000007 9975.12 
528.0 184.0 0.00842000000022 9991.58 
589.0 203.0 0.0883024000013 9911.6976 
642.0 184.0 0.101299160002 9898.70084 
706.0 184.0 0.121920000003 9878.08 
737.0 202.0 0.0111605000002 9988.8395 
800.0 184.0 0.0170400000004 9982.96 
866.0 194.0 0.130126376 9869.873624 
915.0 204.0 0.104255004002 9895.744996 
966.0 184.0 0.0611434200015 9938.85658 
35.0 248.0 0.0386497199998 9961.35028 
74.0 248.0 0.0325200000009 9967.48 
136.0 251.0 0.0934994000021 9906.5006 
190.0 239.0 0.269765180005 9730.23481999 
262.0 247.0 0.131941968003 9868.058032 
306.0 253.0 0.0838980000011 9916.102 
362.0 247.0 0.0697680400002 9930.23196 
411.0 249.0 0.0326600000009 9967.34 
485.0 259.0 0.0367118080008 9963.288192 
514.0 263.0 0.0184203200006 9981.57968 
595.0 241.0 0.0585400000015 9941.46 
647.0 262.0 0.0286968000006 9971.3032 
701.0 263.0 0.0465355320007 9953.464468 
751.0 239.0 0.0165800000004 9983.42 
800.0 249.0 0.0353016160007 9964.698384 
873.0 249.0 0.0655200000017 9934.48 
914.0 256.0 0.0296414000004 9970.3586 
968.0 250.0 0.0290048960003 9970.995104 
40.0 305.0 0.0283272000008 9971.6728 
81.0 318.0 0.00856000000022 9991.44 
147.0 308.0 0.129972072003 9870.027928 
186.0 298.0 0.286330100007 9713.66989999 
243.0 300.0 0.389409480008 9610.59051999 
307.0 310.0 0.219303296006 9780.69670399 
351.0 314.0 0.112140400001 9887.8596 
427.0 315.0 0.0369297960006 9963.070204 
461.0 305.0 0.0402386920007 9959.761308 
528.0 295.0 0.0164000000004 9983.6 
586.0 314.0 0.0476219400007 9952.37806 
647.0 297.0 0.0339000000009 9966.1 
696.0 299.0 0.04242206 9957.57794 
738.0 315.0 0.0621875200013 9937.81248 
810.0 304.0 0.0650850840004 9934.914916 
874.0 313.0 0.0650850840004 9934.914916 
925.0 293.0 0.0239000000006 9976.1 
973.0 315.0 0.0290408000002 9970.9592 
29.0 347.0 0.0126584639998 9987.341536 
79.0 359.0 0.00828000000022 9991.72 
145.0 367.0 0.0287674040004 9971.232596 
200.0 361.0 0.169451840003 9830.54816 
251.0 349.0 0.455517440006 9544.48255999 
300.0 366.0 0.491436220012 9508.56377999 
363.0 360.0 0.431169632009 9568.83036799 
420.0 359.0 0.0193170400003 9980.68296 
458.0 355.0 0.0327400000009 9967.26 
537.0 370.0 0.0106041479998 9989.395852 
573.0 368.0 0.146098520003 9853.90148 
625.0 351.0 0.0469448560011 9953.055144 
684.0 373.0 0.273448928001 9726.551072 
753.0 367.0 0.173386072003 9826.613928 
811.0 360.0 0.0964824000016 9903.5176 
848.0 361.0 0.0781956280015 9921.804372 
929.0 356.0 0.0165800000004 9983.42 
983.0 371.0 0.0383666240003 9961.633376 
35.0 421.0 0.030059488 9969.940512 
72.0 424.0 0.0253050960005 9974.694904 
138.0 405.0 0.0253050960005 9974.694904 
200.0 423.0 0.0712912000017 9928.7088 
250.0 427.0 0.108938752001 9891.061248 
316.0 419.0 0.168600928004 9831.399072 
351.0 408.0 0.711689920013 9288.31007999 
404.0 421.0 0.457969680009 9542.03031999 
485.0 429.0 0.0372951680008 9962.704832 
538.0 406.0 0.124180000003 9875.82 
581.0 414.0 0.232711736007 9767.28826399 
640.0 413.0 0.336169432007 9663.83056799 
704.0 430.0 0.0246200000006 9975.38 
746.0 409.0 0.101256200002 9898.7438 
810.0 404.0 0.0595977600016 9940.40224 
861.0 403.0 0.0674310119996 9932.568988 
917.0 423.0 0.0625624000003 9937.4376 
973.0 429.0 0.0473504640005 9952.649536 
35.0 464.0 0.0451518240009 9954.848176 
76.0 479.0 0.0441766000008 9955.8234 
136.0 470.0 0.0868094960005 9913.190504 
192.0 461.0 0.0266210560004 9973.378944 
260.0 473.0 0.165147760004 9834.85224 
299.0 470.0 0.204909308003 9795.090692 
360.0 459.0 0.227982900005 9772.01709999 
412.0 460.0 0.217940000006 9782.05999999 
485.0 481.0 0.0346209840013 9965.379016 
520.0 472.0 0.059583872001 9940.416128 
575.0 468.0 0.0323200000009 9967.68 
631.0 461.0 0.168147840004 9831.85216 
690.0 464.0 0.0900693200021 9909.93068 
741.0 476.0 0.0580945800003 9941.90542 
785.0 489.0 0.0282427200006 9971.75728 
865.0 462.0 0.075000000002 9925.0 
906.0 463.0 0.0301173280007 9969.882672 
963.0 481.0 0.046965384001 9953.034616 
37.0 519.0 0.00792000000021 9992.08 
97.0 526.0 0.0241200000006 9975.88 
151.0 522.0 0.0724713959996 9927.528604 
184.0 514.0 0.0326600000009 9967.34 
262.0 526.0 0.201496616005 9798.50338399 
307.0 523.0 0.329564440005 9670.43555999 
365.0 530.0 0.252642943998 9747.357056 
423.0 532.0 0.0975400000026 9902.46 
478.0 515.0 0.00913440000011 9990.8656 
541.0 518.0 0.0598089600006 9940.19104 
584.0 532.0 0.0571512000005 9942.8488 
627.0 514.0 0.0613427920012 9938.657208 
706.0 535.0 0.0657600000017 9934.24 
749.0 539.0 0.147588479999 9852.41152 
803.0 550.0 0.104105716002 9895.894284 
872.0 516.0 0.0782854999992 9921.7145 
927.0 531.0 0.0910980000007 9908.902 
985.0 517.0 0.0468272000013 9953.1728 
27.0 584.0 0.0135127200004 9986.48728 
80.0 595.0 0.0320400000008 9967.96 
151.0 575.0 0.0600920000013 9939.908 
188.0 591.0 0.0679788160005 9932.021184 
238.0 569.0 0.0871274000001 9912.8726 
315.0 586.0 0.00788000000021 9992.12 
358.0 581.0 0.0349054680004 9965.094532 
416.0 586.0 0.0160600000004 9983.94 
481.0 596.0 0.0377939600004 9962.20604 
532.0 584.0 0.157560000004 9842.44 
579.0 592.0 0.296892228008 9703.10777199 
635.0 575.0 0.137525200003 9862.4748 
695.0 570.0 0.137525200003 9862.4748 
755.0 581.0 0.173225600004 9826.7744 
803.0 593.0 0.111330624001 9888.669376 
867.0 595.0 0.0250400000007 9974.96 
921.0 584.0 0.0380682200008 9961.93178 
973.0 575.0 0.00810000000021 9991.9 
34.0 646.0 0.0517272800011 9948.27272 
88.0 646.0 0.0545232960006 9945.476704 
145.0 646.0 0.0321800000008 9967.82 
199.0 626.0 0.0361754800008 9963.82452 
238.0 634.0 0.0168800000004 9983.12 
300.0 626.0 0.0107561999999 9989.2438 
364.0 628.0 0.0275940400002 9972.40596 
424.0 651.0 0.0323600000009 9967.64 
470.0 634.0 0.0323600000009 9967.64 
518.0 629.0 0.061756028 9938.243972 
585.0 632.0 0.368368848006 9631.63115199 
643.0 635.0 0.368269840008 9631.73015999 
682.0 640.0 0.285377144006 9714.62285599 
752.0 637.0 0.133466260002 9866.53374 
816.0 629.0 0.0554658400008 9944.53416 
867.0 633.0 0.0301335800008 9969.86642 
904.0 630.0 0.0326971920006 9967.302808 
957.0 640.0 0.0371045840006 9962.895416 
36.0 682.0 0.0263643040005 9973.635696 
71.0 705.0 0.0325800000009 9967.42 
140.0 689.0 0.0119057680003 9988.094232 
206.0 681.0 0.0302573040004 9969.742696 
238.0 694.0 0.0969202400019 9903.07976 
297.0 696.0 0.120214880001 9879.78512 
351.0 694.0 0.0818800000022 9918.12 
405.0 690.0 0.057966744001 9942.033256 
459.0 695.0 0.037354380001 9962.64562 
519.0 688.0 0.0629423680014 9937.057632 
572.0 691.0 0.0305044160005 9969.495584 
643.0 684.0 0.187451996004 9812.548004 
693.0 689.0 0.271611056003 9728.388944 
748.0 694.0 0.231632400003 9768.3676 
800.0 702.0 0.159838368002 9840.161632 
848.0 683.0 0.122024440002 9877.97556 
915.0 701.0 0.0255800000007 9974.42 
965.0 696.0 0.0203715000002 9979.6285 
31.0 755.0 0.039387120001 9960.61288 
89.0 759.0 0.0523982400012 9947.60176 
136.0 750.0 0.0523982400012 9947.60176 
193.0 740.0 0.0375994880005 9962.400512 
241.0 750.0 0.0963763360008 9903.623664 
291.0 738.0 0.120436800003 9879.5632 
353.0 750.0 0.0760336800001 9923.96632 
407.0 741.0 0.0573844000002 9942.6156 
472.0 758.0 0.00788000000021 9992.12 
539.0 759.0 0.0897000000024 9910.3 
575.0 755.0 0.00884000000023 9991.16 
648.0 757.0 0.156060000004 9843.94 
697.0 737.0 0.106361920003 9893.63808 
741.0 740.0 0.0777597800019 9922.24022 
798.0 759.0 0.0411400000011 9958.86 
861.0 740.0 0.0956999280011 9904.300072 
918.0 743.0 0.0631996480002 9936.800352 
963.0 747.0 0.0295031760001 9970.496824 
44.0 800.0 0.0369940120006 9963.005988 
95.0 810.0 0.048768280001 9951.23172 
144.0 818.0 0.0159600000004 9984.04 
183.0 796.0 0.0159600000004 9984.04 
250.0 802.0 0.0379251200002 9962.07488 
307.0 817.0 0.0740800000019 9925.92 
374.0 795.0 0.0911178880018 9908.882112 
413.0 798.0 0.0534628600008 9946.53714 
480.0 816.0 0.0783025280019 9921.697472 
522.0 815.0 0.204779800002 9795.2202 
570.0 800.0 0.0938109520022 9906.189048 
650.0 810.0 0.351041528009 9648.95847199 
707.0 798.0 0.440781864007 9559.21813599 
736.0 804.0 0.339658324006 9660.34167599 
793.0 812.0 0.257399364003 9742.600636 
849.0 796.0 0.121225792003 9878.774208 
906.0 799.0 0.0908248400003 9909.17516 
948.0 807.0 0.056049392001 9943.950608 
38.0 871.0 0.0218847360004 9978.115264 
96.0 874.0 0.0504600000013 9949.54 
143.0 849.0 0.0540985600009 9945.90144 
195.0 859.0 0.152251380002 9847.74862 
253.0 866.0 0.166111488004 9833.888512 
291.0 848.0 0.129544180003 9870.45582 
373.0 854.0 0.107840272003 9892.159728 
420.0 872.0 0.171019040004 9828.98096 
464.0 874.0 0.210834832003 9789.165168 
518.0 850.0 0.219097964005 9780.902036 
589.0 871.0 0.0742000000019 9925.8 
652.0 866.0 0.162218000004 9837.782 
684.0 853.0 0.161748100004 9838.2519 
738.0 852.0 0.240074304006 9759.92569599 
790.0 869.0 0.218107316005 9781.89268399 
850.0 867.0 0.0323000000009 9967.7 
895.0 870.0 0.0585930480016 9941.406952 
968.0 850.0 0.0286793640001 9971.320636 
37.0 925.0 0.0547769080012 9945.223092 
88.0 909.0 0.0654868720003 9934.513128 
129.0 919.0 0.0613449680017 9938.655032 
198.0 909.0 0.0956149640019 9904.385036 
248.0 928.0 0.0325400000009 9967.46 
318.0 923.0 0.00796000000021 9992.04 
373.0 914.0 0.0636431520013 9936.356848 
415.0 922.0 0.123875500002 9876.1245 
480.0 920.0 0.0687162240015 9931.283776 
517.0 912.0 0.00796000000021 9992.04 
596.0 907.0 0.160659799999 9839.3402 
650.0 923.0 0.198557632001 9801.442368 
690.0 915.0 0.120062080002 9879.93792 
749.0 919.0 0.0888729960016 9911.127004 
803.0 919.0 0.160639180003 9839.36082 
847.0 899.0 0.0749371040019 9925.062896 
920.0 909.0 0.0562844560005 9943.715544 
954.0 921.0 0.0353180000007 9964.682 
26.0 985.0 0.0353180000007 9964.682 
90.0 974.0 0.00846000000022 9991.54 
126.0 972.0 0.0386855120007 9961.314488 
201.0 959.0 0.0662502400013 9933.74976 
242.0 968.0 0.0268336320005 9973.166368 
319.0 977.0 0.0126038639998 9987.396136 
358.0 972.0 0.0384885360007 9961.511464 
407.0 978.0 0.0545368000015 9945.4632 
469.0 976.0 0.0545368000015 9945.4632 
537.0 980.0 0.0273181920008 9972.681808 
578.0 961.0 0.117390560003 9882.60944 
631.0 964.0 0.0785840720021 9921.415928 
701.0 973.0 0.0700720200004 9929.92798 
742.0 983.0 0.0605408400014 9939.45916 
798.0 966.0 0.121697168003 9878.302832 
854.0 970.0 0.0904400000008 9909.56 
911.0 958.0 0.062081912001 9937.918088 
957.0 968.0 0.0377469760006 9962.253024 
752.0 390.0 0.155648144004 9844.351856 
386.0 886.0 0.100113784003 9899.886216 
79.0 10.0 0.0661625840017 9933.837416 
450.0 793.0 0.00788000000021 9992.12 
331.0 394.0 0.53275115201 9467.24884799 
39.0 678.0 0.0524767000011 9947.5233 
44.0 159.0 0.043460568001 9956.539432 
399.0 15.0 0.078622176002 9921.377824 
911.0 45.0 0.0772351040018 9922.764896 
981.0 352.0 0.0290734400005 9970.92656 
782.0 678.0 0.121334740003 9878.66526 
810.0 254.0 0.0350200000009 9964.98 
836.0 187.0 0.0605150400012 9939.48496 
679.0 126.0 0.312038496005 9687.96150399 
320.0 831.0 0.082000060002 9917.99994 
166.0 68.0 0.0589105400006 9941.08946 
85.0 483.0 0.0649686000017 9935.0314 
69.0 958.0 0.0550133040014 9944.986696 
200.0 298.0 0.313412800003 9686.5872 
74.0 881.0 0.0334000000009 9966.6 
230.0 987.0 0.0280360000005 9971.964 
422.0 50.0 0.0920540400023 9907.94596 
200.0 417.0 0.0752544000015 9924.7456 
708.0 396.0 0.218244780004 9781.75522 
93.0 419.0 0.0163600000004 9983.64 
579.0 803.0 0.0959516480018 9904.048352 
