500.0 500.0
34.0 23.0 0.0277104600002 9972.28954 
74.0 32.0 0.0570374680001 9942.962532 
116.0 22.0 0.0555157680014 9944.484232 
180.0 16.0 0.0273083840007 9972.691616 
223.0 21.0 0.0548740000015 9945.126 
264.0 34.0 0.0805878000011 9919.4122 
326.0 25.0 0.0621441440017 9937.855856 
381.0 34.0 0.0766220000018 9923.378 
420.0 20.0 0.0645504000016 9935.4496 
484.0 34.0 0.00820000000022 9991.8 
523.0 34.0 0.0443122000011 9955.6878 
581.0 19.0 0.0441473600006 9955.85264 
613.0 34.0 0.0956486000024 9904.3514 
667.0 24.0 0.0382821120011 9961.717888 
721.0 28.0 0.035441316001 9964.558684 
779.0 31.0 0.0616305000011 9938.3695 
821.0 17.0 0.0267595200007 9973.24048 
886.0 22.0 0.00882000000023 9991.18 
933.0 22.0 0.021196676 9978.803324 
985.0 29.0 0.0196676160006 9980.332384 
36.0 83.0 0.0452663200005 9954.73368 
63.0 76.0 0.124848608001 9875.151392 
121.0 78.0 0.171307416001 9828.692584 
165.0 84.0 0.225873096006 9774.12690399 
216.0 82.0 0.127653036003 9872.346964 
285.0 66.0 0.112826960003 9887.17304 
317.0 72.0 0.0990990320027 9900.900968 
363.0 75.0 0.101886152002 9898.113848 
414.0 78.0 0.145736760002 9854.26324 
472.0 76.0 0.0262172160005 9973.782784 
536.0 78.0 0.0719305400007 9928.06946 
563.0 65.0 0.0993760400019 9900.62396 
618.0 79.0 0.152603400003 9847.3966 
666.0 83.0 0.0680381000013 9931.9619 
735.0 67.0 0.0329800000009 9967.02 
774.0 71.0 0.0816165920005 9918.383408 
836.0 77.0 0.0587234880012 9941.276512 
884.0 63.0 0.037170000001 9962.83 
918.0 83.0 0.044932000001 9955.068 
975.0 65.0 0.00848000000022 9991.52 
22.0 115.0 0.044909240001 9955.09076 
75.0 121.0 0.163189540003 9836.81046 
132.0 117.0 0.282468500003 9717.5315 
186.0 120.0 0.307060580004 9692.93942 
222.0 133.0 0.277140235998 9722.859764 
271.0 120.0 0.0114241319998 9988.575868 
320.0 119.0 0.0406200000011 9959.38 
384.0 119.0 0.129637040003 9870.36296 
425.0 134.0 0.176505632004 9823.494368 
473.0 120.0 0.0731046320008 9926.895368 
530.0 125.0 0.146382160003 9853.61784 
583.0 135.0 0.0675657040014 9932.434296 
629.0 131.0 0.143300464003 9856.699536 
673.0 121.0 0.115259328003 9884.740672 
727.0 116.0 0.061253580001 9938.74642 
772.0 116.0 0.197443200005 9802.55679999 
813.0 135.0 0.144240800002 9855.7592 
869.0 119.0 0.157276480004 9842.72352 
926.0 127.0 0.110084544002 9889.915456 
983.0 133.0 0.0383748400004 9961.62516 
33.0 185.0 0.0279058000002 9972.0942 
82.0 170.0 0.0525134400009 9947.48656 
136.0 178.0 0.0822457400017 9917.75426 
169.0 168.0 0.0773582800015 9922.64172 
216.0 179.0 0.0551068800011 9944.89312 
271.0 163.0 0.115520000003 9884.48 
328.0 185.0 0.0293252200005 9970.67478 
371.0 163.0 0.127223200002 9872.7768 
424.0 173.0 0.170809324 9829.190676 
475.0 181.0 0.0999636000026 9900.0364 
533.0 174.0 0.208947760003 9791.05224 
568.0 183.0 0.0994404280021 9900.559572 
634.0 168.0 0.0728400000019 9927.16 
668.0 172.0 0.146395920002 9853.60408 
736.0 164.0 0.0900000000024 9910.0 
770.0 169.0 0.173960852005 9826.039148 
824.0 178.0 0.237451244005 9762.54875599 
878.0 175.0 0.160763080003 9839.23692 
916.0 173.0 0.108464672002 9891.535328 
981.0 168.0 0.108464672002 9891.535328 
15.0 224.0 0.0576130720015 9942.386928 
86.0 230.0 0.0619756320014 9938.024368 
132.0 227.0 0.0577966080013 9942.203392 
169.0 224.0 0.137839060001 9862.16094 
234.0 213.0 0.0809518320021 9919.048168 
265.0 232.0 0.136534336003 9863.465664 
320.0 232.0 0.0591650320013 9940.834968 
364.0 222.0 0.0566295000013 9943.3705 
415.0 213.0 0.0895600000024 9910.44 
480.0 226.0 0.144645840003 9855.35416 
536.0 226.0 0.220942895999 9779.057104 
579.0 217.0 0.136902600003 9863.0974 
629.0 234.0 0.0934158400022 9906.58416 
674.0 229.0 0.194123532004 9805.876468 
722.0 216.0 0.0607572320015 9939.242768 
770.0 235.0 0.0525760480013 9947.423952 
836.0 219.0 0.0700882000015 9929.9118 
871.0 214.0 0.161292664003 9838.707336 
933.0 215.0 0.0407800000011 9959.22 
973.0 227.0 0.0107364479998 9989.263552 
16.0 273.0 0.095442944002 9904.557056 
67.0 268.0 0.134687920003 9865.31208 
116.0 266.0 0.0932273680025 9906.772632 
171.0 275.0 0.273600932005 9726.39906799 
224.0 264.0 0.150907240003 9849.09276 
271.0 278.0 0.168174940003 9831.82506 
325.0 276.0 0.0811935600009 9918.80644 
374.0 267.0 0.111332640002 9888.66736 
414.0 284.0 0.0830077200021 9916.99228 
484.0 265.0 0.0696632000015 9930.3368 
513.0 265.0 0.0642281759996 9935.771824 
578.0 266.0 0.0962200000025 9903.78 
625.0 286.0 0.0814175200007 9918.58248 
683.0 283.0 0.333832000006 9666.16799999 
713.0 269.0 0.207938200003 9792.0618 
766.0 285.0 0.140873460003 9859.12654 
816.0 274.0 0.0804928440021 9919.507156 
873.0 269.0 0.0576000000015 9942.4 
913.0 281.0 0.0114917759997 9988.508224 
980.0 275.0 0.00796000000021 9992.04 
21.0 317.0 0.087673520002 9912.32648 
79.0 322.0 0.177457880003 9822.54212 
126.0 331.0 0.286655712005 9713.34428799 
180.0 331.0 0.428739744013 9571.26025599 
226.0 331.0 0.556286656004 9443.713344 
264.0 324.0 0.330210420005 9669.78958 
330.0 330.0 0.117058080002 9882.94192 
373.0 320.0 0.180175752005 9819.824248 
427.0 313.0 0.0513022400002 9948.69776 
478.0 317.0 0.0735452000016 9926.4548 
529.0 319.0 0.0497000000013 9950.3 
564.0 314.0 0.0109499999999 9989.05 
624.0 325.0 0.508019084011 9491.98091599 
673.0 333.0 0.45390154001 9546.09845999 
731.0 318.0 0.368399400006 9631.60059999 
783.0 330.0 0.160366336004 9839.633664 
822.0 325.0 0.119181408003 9880.818592 
881.0 330.0 0.0379215520008 9962.078448 
923.0 327.0 0.0164800000004 9983.52 
972.0 334.0 0.0118604 9988.1396 
16.0 381.0 0.0253708000005 9974.6292 
79.0 364.0 0.135296000003 9864.704 
133.0 376.0 0.125578744003 9874.421256 
181.0 373.0 0.168453980004 9831.54602 
233.0 382.0 0.38773174401 9612.26825599 
266.0 373.0 0.709534480003 9290.46552 
334.0 382.0 0.140002704002 9859.997296 
375.0 373.0 0.168448000004 9831.552 
421.0 370.0 0.0892800000023 9910.72 
470.0 366.0 0.0860441280016 9913.955872 
520.0 380.0 0.0665408520019 9933.459148 
563.0 375.0 0.0301746160008 9969.825384 
627.0 383.0 0.353516352002 9646.483648 
671.0 376.0 0.201751904003 9798.248096 
726.0 363.0 0.060826288001 9939.173712 
776.0 382.0 0.0298407040005 9970.159296 
832.0 380.0 0.192851208003 9807.148792 
866.0 384.0 0.100308016002 9899.691984 
921.0 377.0 0.100308016002 9899.691984 
978.0 374.0 0.00796000000021 9992.04 
15.0 413.0 0.0586086440013 9941.391356 
71.0 428.0 0.0905065520009 9909.493448 
126.0 420.0 0.0672043000013 9932.7957 
178.0 413.0 0.147476780003 9852.52322 
217.0 435.0 0.105280320003 9894.71968 
268.0 424.0 0.557190044 9442.809956 
327.0 419.0 0.0274990080003 9972.500992 
373.0 429.0 0.0538854800002 9946.11452 
414.0 427.0 0.0832000000016 9916.8 
485.0 433.0 0.0269642920002 9973.035708 
514.0 419.0 0.0488400000013 9951.16 
568.0 431.0 0.0325702800001 9967.42972 
634.0 413.0 0.187220000005 9812.78 
663.0 423.0 0.295219908007 9704.78009199 
720.0 436.0 0.151298408004 9848.701592 
785.0 434.0 0.106140000003 9893.86 
824.0 433.0 0.164876056003 9835.123944 
877.0 419.0 0.146595944002 9853.404056 
916.0 429.0 0.0819093840015 9918.090616 
969.0 429.0 0.0458366480011 9954.163352 
35.0 476.0 0.0600197760016 9939.980224 
82.0 473.0 0.144240000003 9855.76 
126.0 465.0 0.185680416004 9814.319584 
166.0 469.0 0.180162700003 9819.8373 
223.0 466.0 0.105682528 9894.317472 
275.0 476.0 0.262900000007 9737.09999999 
326.0 475.0 0.0333400000009 9966.66 
386.0 472.0 0.0740800000019 9925.92 
422.0 471.0 0.181176572004 9818.823428 
473.0 470.0 0.158081880004 9841.91812 
513.0 466.0 0.111644100002 9888.3559 
577.0 478.0 0.146580000004 9853.42 
625.0 470.0 0.313710112005 9686.28988799 
681.0 472.0 0.466639280005 9533.36072 
714.0 470.0 0.157689356004 9842.310644 
774.0 481.0 0.157689356004 9842.310644 
826.0 472.0 0.155330000001 9844.67 
871.0 472.0 0.108745800002 9891.2542 
936.0 477.0 0.045607008001 9954.392992 
973.0 466.0 0.00836000000022 9991.64 
20.0 527.0 0.0709033080015 9929.096692 
75.0 533.0 0.0916651200026 9908.33488 
121.0 531.0 0.123880000003 9876.12 
170.0 522.0 0.104620000003 9895.38 
219.0 515.0 0.0711421760019 9928.857824 
270.0 519.0 0.0669191720015 9933.080828 
318.0 532.0 0.134265400001 9865.7346 
375.0 516.0 0.252800120004 9747.19988 
432.0 520.0 0.379281152009 9620.71884799 
476.0 524.0 0.367402496004 9632.597504 
524.0 517.0 0.301310780006 9698.68921999 
565.0 532.0 0.155979304004 9844.020696 
614.0 529.0 0.00848000000022 9991.52 
685.0 516.0 0.262886848007 9737.11315199 
713.0 516.0 0.373324960004 9626.67504 
772.0 521.0 0.268435168005 9731.56483199 
834.0 519.0 0.0999358600026 9900.06414 
882.0 532.0 0.0571712240013 9942.828776 
915.0 517.0 0.0271738000008 9972.8262 
985.0 533.0 0.0271591200002 9972.84088 
14.0 565.0 0.045423008001 9954.576992 
64.0 579.0 0.101086040001 9898.91396 
124.0 582.0 0.199745000003 9800.255 
166.0 578.0 0.100251616 9899.748384 
233.0 573.0 0.0172000000004 9982.8 
282.0 564.0 0.0525717280011 9947.428272 
326.0 574.0 0.0786850000015 9921.315 
366.0 569.0 0.112238240001 9887.76176 
431.0 574.0 0.136285556003 9863.714444 
479.0 583.0 0.223578600006 9776.42139999 
524.0 568.0 0.225558080002 9774.44192 
565.0 566.0 0.0263188480003 9973.681152 
634.0 585.0 0.0144770559997 9985.522944 
685.0 563.0 0.138288748003 9861.711252 
720.0 572.0 0.107934976003 9892.065024 
767.0 571.0 0.225962400004 9774.0376 
826.0 585.0 0.123269216003 9876.730784 
866.0 573.0 0.00782000000021 9992.18 
931.0 582.0 0.039720000001 9960.28 
968.0 570.0 0.0367742239997 9963.225776 
36.0 623.0 0.0446705600009 9955.32944 
70.0 625.0 0.127989368003 9872.010632 
126.0 636.0 0.266261120003 9733.73888 
180.0 635.0 0.122811260001 9877.18874 
229.0 627.0 0.055159584001 9944.840416 
272.0 621.0 0.0199142279999 9980.085772 
317.0 619.0 0.0425000000011 9957.5 
378.0 630.0 0.0989142400023 9901.08576 
426.0 634.0 0.0480200000013 9951.98 
484.0 616.0 0.0667576320011 9933.242368 
530.0 623.0 0.158867912002 9841.132088 
565.0 630.0 0.108825224001 9891.174776 
633.0 624.0 0.170840000004 9829.16 
684.0 633.0 0.179705312004 9820.294688 
715.0 615.0 0.0260103000003 9973.9897 
780.0 621.0 0.199162264004 9800.837736 
827.0 624.0 0.151085872004 9848.914128 
868.0 619.0 0.0607468800012 9939.25312 
933.0 636.0 0.0409790400003 9959.02096 
971.0 615.0 0.0518304760011 9948.169524 
20.0 686.0 0.0605287200014 9939.47128 
80.0 670.0 0.104668972002 9895.331028 
135.0 686.0 0.228531868002 9771.468132 
181.0 685.0 0.0879950920015 9912.004908 
232.0 682.0 0.0630474720012 9936.952528 
268.0 668.0 0.0990600000028 9900.94 
322.0 678.0 0.122788608002 9877.211392 
379.0 682.0 0.155792660002 9844.20734 
422.0 668.0 0.0821223840017 9917.877616 
466.0 682.0 0.220760000006 9779.23999999 
513.0 680.0 0.220740000006 9779.25999999 
575.0 677.0 0.241235764005 9758.76423599 
627.0 671.0 0.396327239999 9603.67276 
678.0 685.0 0.539227740013 9460.77225999 
724.0 685.0 0.434871968013 9565.12803199 
764.0 679.0 0.113800000003 9886.2 
831.0 674.0 0.0850574400019 9914.94256 
866.0 685.0 0.0694702720017 9930.529728 
913.0 672.0 0.0276991920001 9972.300808 
975.0 666.0 0.0359263360009 9964.073664 
14.0 735.0 0.037354664001 9962.645336 
69.0 714.0 0.103970192002 9896.029808 
115.0 734.0 0.155940544003 9844.059456 
165.0 715.0 0.111825552002 9888.174448 
226.0 732.0 0.0369173120007 9963.082688 
276.0 736.0 0.0242400000006 9975.76 
336.0 713.0 0.0947935200023 9905.20648 
385.0 728.0 0.0803783040018 9919.621696 
432.0 729.0 0.430767800011 9569.23219999 
471.0 722.0 0.569314079998 9430.68592 
519.0 713.0 0.232659000005 9767.34099999 
571.0 733.0 0.0297629760004 9970.237024 
617.0 716.0 0.0605930600004 9939.40694 
683.0 731.0 0.178956632004 9821.043368 
729.0 723.0 0.363918380004 9636.08162 
768.0 720.0 0.281360140007 9718.63985999 
820.0 719.0 0.0496600000013 9950.34 
878.0 718.0 0.053060620001 9946.93938 
921.0 735.0 0.0454602560008 9954.539744 
968.0 727.0 0.00816000000021 9991.84 
33.0 775.0 0.0192413760002 9980.758624 
71.0 783.0 0.0424400000011 9957.56 
115.0 775.0 0.0703044240013 9929.695576 
174.0 763.0 0.0282169200002 9971.78308 
236.0 765.0 0.0354906600009 9964.50934 
277.0 773.0 0.0341665920001 9965.833408 
331.0 777.0 0.0565600000015 9943.44 
378.0 774.0 0.0281539000005 9971.8461 
430.0 768.0 0.0254600000007 9974.54 
479.0 766.0 0.674388000013 9325.61199999 
518.0 770.0 0.504896760014 9495.10323999 
566.0 778.0 0.449582784009 9550.41721599 
630.0 769.0 0.0374881840007 9962.511816 
680.0 770.0 0.0924235200024 9907.57648 
736.0 781.0 0.297411068006 9702.58893199 
771.0 763.0 0.318670896005 9681.32910399 
817.0 767.0 0.111231808003 9888.768192 
867.0 783.0 0.0873966880012 9912.603312 
924.0 772.0 0.0687462000012 9931.2538 
963.0 782.0 0.0355854720007 9964.414528 
20.0 816.0 0.0704105920011 9929.589408 
74.0 830.0 0.0748378880021 9925.162112 
130.0 818.0 0.0671401280012 9932.859872 
174.0 828.0 0.164822240003 9835.17776 
226.0 832.0 0.244783000001 9755.217 
267.0 823.0 0.107500000003 9892.5 
335.0 817.0 0.0857184960019 9914.281504 
369.0 834.0 0.0877338000013 9912.2662 
430.0 817.0 0.0339402319995 9966.059768 
481.0 815.0 0.311721140005 9688.27886 
520.0 832.0 0.262142280004 9737.85772 
566.0 830.0 0.47205475201 9527.94524799 
615.0 835.0 0.314632680008 9685.36731999 
673.0 822.0 0.226991408005 9773.00859199 
720.0 834.0 0.169588812002 9830.411188 
780.0 819.0 0.218551360005 9781.44863999 
816.0 834.0 0.133160100001 9866.8399 
863.0 826.0 0.0648000000017 9935.2 
917.0 824.0 0.117170720001 9882.82928 
976.0 834.0 0.0952333760023 9904.766624 
32.0 865.0 0.0386475800005 9961.35242 
67.0 884.0 0.0723760800012 9927.62392 
133.0 876.0 0.0960066400024 9903.99336 
169.0 866.0 0.246486620005 9753.51337999 
227.0 869.0 0.265762560006 9734.23743999 
278.0 886.0 0.0900200000024 9909.98 
314.0 871.0 0.0540189080014 9945.981092 
382.0 868.0 0.0614889000005 9938.5111 
427.0 876.0 0.0479209200012 9952.07908 
466.0 875.0 0.0479209200012 9952.07908 
518.0 870.0 0.142882144003 9857.117856 
575.0 877.0 0.235098280005 9764.90172 
629.0 870.0 0.131970864003 9868.029136 
664.0 869.0 0.102921936003 9897.078064 
733.0 871.0 0.134974712002 9865.025288 
763.0 882.0 0.104865928003 9895.134072 
826.0 883.0 0.112456396002 9887.543604 
886.0 878.0 0.066927852001 9933.072148 
925.0 872.0 0.135512064003 9864.487936 
965.0 876.0 0.0877574080021 9912.242592 
15.0 935.0 0.0381465840006 9961.853416 
70.0 916.0 0.107894120002 9892.10588 
127.0 920.0 0.174637940001 9825.36206 
183.0 921.0 0.205368460003 9794.63154 
230.0 934.0 0.0644000000017 9935.6 
283.0 923.0 0.0293025040004 9970.697496 
331.0 929.0 0.0248200000007 9975.18 
383.0 918.0 0.0285316360005 9971.468364 
422.0 918.0 0.0328800000009 9967.12 
484.0 934.0 0.0353093200008 9964.69068 
515.0 927.0 0.115824840001 9884.17516 
572.0 934.0 0.114351168001 9885.648832 
636.0 932.0 0.0327200000009 9967.28 
682.0 932.0 0.0493714080016 9950.628592 
719.0 922.0 0.0587057640012 9941.294236 
764.0 923.0 0.0899090800022 9910.09092 
822.0 914.0 0.0842769200012 9915.72308 
867.0 917.0 0.110326252002 9889.673748 
919.0 915.0 0.0528487680011 9947.151232 
980.0 917.0 0.053965832001 9946.034168 
23.0 970.0 0.0381002240008 9961.899776 
78.0 966.0 0.0757205000008 9924.2795 
135.0 972.0 0.101917472001 9898.082528 
164.0 971.0 0.0240200000006 9975.98 
232.0 971.0 0.0184242600005 9981.57574 
286.0 980.0 0.0380579600003 9961.94204 
329.0 977.0 0.0200435840005 9979.956416 
382.0 975.0 0.0447048000008 9955.2952 
430.0 968.0 0.0539061600002 9946.09384 
470.0 975.0 0.0439764920008 9956.023508 
526.0 981.0 0.0625306080013 9937.469392 
578.0 973.0 0.0619545040017 9938.045496 
622.0 970.0 0.0363909000008 9963.6091 
669.0 982.0 0.0231822840002 9976.817716 
713.0 976.0 0.0358170880006 9964.182912 
786.0 981.0 0.0358170880006 9964.182912 
817.0 968.0 0.0451444200006 9954.85558 
867.0 976.0 0.0670392000006 9932.9608 
914.0 964.0 0.0275000920004 9972.499908 
980.0 964.0 0.0275674160002 9972.432584 
