500.0 500.0
35.0 34.0 0.0457030000008 9954.297 
65.0 30.0 0.0517324800012 9948.26752 
118.0 17.0 0.0249601840004 9975.039816 
156.0 20.0 0.0521304800002 9947.86952 
219.0 34.0 0.0786321640017 9921.367836 
271.0 35.0 0.102984260003 9897.01574 
314.0 17.0 0.0380623040006 9961.937696 
368.0 21.0 0.0667331000014 9933.2669 
395.0 28.0 0.0457225800009 9954.27742 
457.0 20.0 0.0457225800009 9954.27742 
503.0 19.0 0.0432799000006 9956.7201 
538.0 24.0 0.0833584080018 9916.641592 
591.0 24.0 0.0352583200005 9964.74168 
652.0 17.0 0.0449400000012 9955.06 
683.0 28.0 0.0607602640013 9939.239736 
737.0 35.0 0.0528625840011 9947.137416 
785.0 20.0 0.0374211200009 9962.57888 
833.0 20.0 0.0280737080006 9971.926292 
870.0 25.0 0.0380159120008 9961.984088 
932.0 19.0 0.00840000000022 9991.6 
964.0 20.0 0.0101220000001 9989.878 
33.0 73.0 0.0512152000006 9948.7848 
72.0 75.0 0.133837620001 9866.16238 
126.0 82.0 0.172638968002 9827.361032 
174.0 60.0 0.130068108003 9869.931892 
225.0 64.0 0.0987584800026 9901.24152 
251.0 77.0 0.232228504005 9767.77149599 
305.0 78.0 0.372494560008 9627.50543999 
360.0 70.0 0.137848568001 9862.151432 
414.0 76.0 0.214311984005 9785.688016 
452.0 65.0 0.0369040640007 9963.095936 
505.0 68.0 0.156661892003 9843.338108 
548.0 77.0 0.150785532003 9849.214468 
601.0 72.0 0.0645488000009 9935.4512 
652.0 67.0 0.0918134400025 9908.18656 
694.0 68.0 0.101292088002 9898.707912 
742.0 77.0 0.0935168640018 9906.483136 
781.0 68.0 0.0687915200009 9931.20848 
836.0 60.0 0.0247400000006 9975.26 
892.0 70.0 0.136338088003 9863.661912 
926.0 68.0 0.0619396600014 9938.06034 
985.0 79.0 0.0293202560003 9970.679744 
12.0 107.0 0.0388331200008 9961.16688 
66.0 124.0 0.0959734680017 9904.026532 
108.0 123.0 0.0281713000001 9971.8287 
177.0 108.0 0.235788288002 9764.211712 
212.0 115.0 0.328641520007 9671.35847999 
270.0 116.0 0.444166160003 9555.83384 
317.0 122.0 0.49491230401 9505.08769599 
349.0 110.0 0.268020760006 9731.97923999 
397.0 107.0 0.259571424004 9740.428576 
443.0 117.0 0.335956320003 9664.04368 
500.0 117.0 0.118714284003 9881.285716 
537.0 111.0 0.234231816004 9765.768184 
594.0 123.0 0.269258004004 9730.741996 
650.0 113.0 0.142965744003 9857.034256 
696.0 111.0 0.155509728003 9844.490272 
746.0 119.0 0.0966613600021 9903.33864 
785.0 122.0 0.0671182400004 9932.88176 
838.0 124.0 0.187491200004 9812.5088 
874.0 126.0 0.194581240005 9805.41876 
923.0 108.0 0.165668928003 9834.331072 
975.0 127.0 0.0695010000012 9930.499 
20.0 162.0 0.0625080640011 9937.491936 
71.0 162.0 0.139801500002 9860.1985 
112.0 170.0 0.132172408002 9867.827592 
161.0 166.0 0.175281300003 9824.7187 
207.0 177.0 0.109595500001 9890.4045 
267.0 177.0 0.0682632320015 9931.736768 
309.0 164.0 0.564043000007 9435.95699999 
360.0 174.0 0.176514000004 9823.486 
398.0 169.0 0.251319488006 9748.68051199 
445.0 173.0 0.363722496009 9636.27750399 
502.0 172.0 0.151672144004 9848.327856 
548.0 176.0 0.139325128004 9860.674872 
586.0 160.0 0.238381528002 9761.618472 
640.0 157.0 0.154780000004 9845.22 
696.0 163.0 0.131845807999 9868.154192 
729.0 157.0 0.122423192003 9877.576808 
797.0 161.0 0.0332000000009 9966.8 
841.0 159.0 0.0991400000026 9900.86 
872.0 172.0 0.301347648008 9698.65235199 
917.0 173.0 0.103163160003 9896.83684 
986.0 162.0 0.0170000000004 9983.0 
19.0 221.0 0.0338282000008 9966.1718 
81.0 223.0 0.0963457440023 9903.654256 
112.0 204.0 0.253387168006 9746.61283199 
158.0 223.0 0.327095000006 9672.90499999 
222.0 217.0 0.251607116006 9748.39288399 
264.0 214.0 0.338255700007 9661.74429999 
314.0 219.0 0.501489120012 9498.51087999 
363.0 213.0 0.247628644006 9752.37135599 
405.0 209.0 0.172886084004 9827.113916 
442.0 205.0 0.409677008007 9590.32299199 
492.0 224.0 0.468102176004 9531.897824 
555.0 204.0 0.120020000003 9879.98 
593.0 212.0 0.346183144009 9653.81685599 
631.0 208.0 0.0277244800005 9972.27552 
689.0 224.0 0.341008864009 9658.99113599 
743.0 212.0 0.235006780005 9764.99322 
793.0 223.0 0.288350960007 9711.64903999 
834.0 221.0 0.228651680005 9771.34831999 
876.0 218.0 0.341663608002 9658.336392 
937.0 203.0 0.0244200000006 9975.58 
969.0 215.0 0.0265747840003 9973.425216 
18.0 253.0 0.0669026800011 9933.09732 
75.0 264.0 0.0990377040028 9900.962296 
118.0 256.0 0.229218872004 9770.781128 
178.0 258.0 0.31746196801 9682.53803199 
208.0 270.0 0.425276320011 9574.72367999 
255.0 271.0 0.401807800001 9598.1922 
312.0 250.0 0.0102851840003 9989.714816 
346.0 255.0 0.220140000006 9779.85999999 
408.0 261.0 0.238320000006 9761.67999999 
460.0 272.0 0.487376600001 9512.6234 
492.0 255.0 0.273862604007 9726.13739599 
554.0 260.0 0.207140000005 9792.85999999 
604.0 267.0 0.733321536017 9266.67846398 
652.0 272.0 0.647638336011 9352.36166399 
701.0 251.0 0.620370656009 9379.62934399 
731.0 261.0 0.484164000003 9515.836 
790.0 262.0 0.491807992011 9508.19200799 
841.0 250.0 0.426201020003 9573.79898 
887.0 255.0 0.211936880005 9788.06311999 
935.0 253.0 0.00860000000022 9991.4 
985.0 265.0 0.02108768 9978.91232 
15.0 311.0 0.0434901640012 9956.509836 
75.0 317.0 0.0715432720019 9928.456728 
111.0 317.0 0.0170200000004 9982.98 
170.0 305.0 0.0266020000002 9973.398 
212.0 317.0 0.296554576007 9703.44542399 
266.0 319.0 0.482962240007 9517.03775999 
320.0 321.0 0.447527860011 9552.47213999 
364.0 317.0 0.0509652160012 9949.034784 
402.0 319.0 0.429157400011 9570.84259999 
451.0 310.0 0.569353488006 9430.64651199 
509.0 319.0 0.177132556004 9822.867444 
552.0 317.0 0.583747240015 9416.25275999 
590.0 313.0 0.869872480015 9130.12751999 
640.0 311.0 0.568538168015 9431.46183198 
695.0 317.0 0.120378820003 9879.62118 
729.0 310.0 0.0948697600021 9905.13024 
781.0 302.0 0.148460000004 9851.54 
828.0 311.0 0.0561814400008 9943.81856 
870.0 320.0 0.0434889000006 9956.5111 
934.0 299.0 0.00832000000022 9991.68 
974.0 310.0 0.0111837440003 9988.816256 
13.0 348.0 0.0565248000016 9943.4752 
80.0 352.0 0.0435239040012 9956.476096 
108.0 362.0 0.0999253760005 9900.074624 
164.0 368.0 0.155786980002 9844.21302 
220.0 365.0 0.212979300005 9787.02069999 
253.0 351.0 0.266095200005 9733.90479999 
314.0 368.0 0.473619292012 9526.38070799 
348.0 352.0 0.580566640004 9419.43336 
405.0 368.0 0.646063600011 9353.93639999 
462.0 359.0 0.779110624011 9220.88937599 
490.0 365.0 0.212756000005 9787.24399999 
554.0 366.0 1.25762544001 8742.37455999 
599.0 356.0 1.17172650003 8828.27349997 
643.0 354.0 0.607691600016 9392.30839998 
699.0 365.0 0.374178876005 9625.821124 
745.0 352.0 0.287260140007 9712.73985999 
786.0 367.0 0.233337424004 9766.662576 
839.0 362.0 0.123888288002 9876.111712 
888.0 354.0 0.0665629600014 9933.43704 
928.0 359.0 0.0523110000011 9947.689 
974.0 355.0 0.00832000000022 9991.68 
30.0 413.0 0.120094260003 9879.90574 
60.0 414.0 0.127059200003 9872.9408 
127.0 401.0 0.0873026800017 9912.69732 
174.0 415.0 0.109773560002 9890.22644 
215.0 394.0 0.221408360005 9778.59164 
265.0 395.0 0.277331480005 9722.66851999 
298.0 406.0 0.40143778401 9598.56221599 
357.0 396.0 0.577880768014 9422.11923199 
393.0 402.0 0.940672000024 9059.32799998 
451.0 408.0 1.40407458001 8595.92541999 
510.0 405.0 1.61831180804 8381.68819196 
545.0 403.0 1.77081646003 8229.18353997 
593.0 398.0 1.29016528802 8709.83471198 
644.0 416.0 0.39282150001 9607.17849999 
682.0 410.0 0.0249800000007 9975.02 
728.0 414.0 0.204904128005 9795.09587199 
783.0 404.0 0.103377500002 9896.6225 
823.0 398.0 0.226333040002 9773.66696 
878.0 413.0 0.155605000002 9844.395 
930.0 400.0 0.0749459800013 9925.05402 
965.0 406.0 0.0349983040006 9965.001696 
29.0 460.0 0.0868735760022 9913.126424 
66.0 456.0 0.237686360005 9762.31363999 
123.0 463.0 0.212526376001 9787.473624 
175.0 454.0 0.0610801280015 9938.919872 
215.0 450.0 0.188565520004 9811.43448 
272.0 461.0 0.289946728004 9710.053272 
319.0 461.0 0.830148336013 9169.85166399 
356.0 448.0 0.641201460016 9358.79853998 
414.0 459.0 0.480874524012 9519.12547599 
444.0 447.0 1.24474910003 8755.25089997 
503.0 429.0 2.16130486404 7838.69513596 
530.0 449.0 1.91723228802 8082.76771198 
587.0 443.0 0.823035420021 9176.96457998 
632.0 459.0 0.150910000004 9849.09 
702.0 456.0 0.119737072003 9880.262928 
728.0 457.0 0.37344968001 9626.55031999 
785.0 461.0 0.319375060005 9680.62494 
837.0 443.0 0.253348752007 9746.65124799 
892.0 458.0 0.107873000002 9892.127 
924.0 452.0 0.0665741600018 9933.42584 
985.0 463.0 0.0268783520004 9973.121648 
20.0 506.0 0.0456547040009 9954.345296 
72.0 493.0 0.230806932004 9769.193068 
114.0 500.0 0.0858305440022 9914.169456 
163.0 506.0 0.106680000003 9893.32 
212.0 502.0 0.0686084320016 9931.391568 
254.0 505.0 0.0978599200017 9902.14008 
320.0 511.0 0.442036568011 9557.96343199 
360.0 490.0 1.53432527204 8465.67472796 
411.0 491.0 1.96748868003 8032.51131997 
452.0 508.0 2.57700041604 7422.99958396 
487.0 473.0 2.17167250403 7828.32749597 
554.0 507.0 0.0217493399999 9978.25066 
592.0 489.0 0.139040000004 9860.96 
646.0 507.0 0.530549920013 9469.45007999 
698.0 505.0 0.587566512012 9412.43348799 
738.0 498.0 0.509558616012 9490.44138399 
777.0 498.0 0.128965384002 9871.034616 
827.0 491.0 0.267490048007 9732.50995199 
883.0 507.0 0.193575840005 9806.42416 
928.0 503.0 0.123835588001 9876.164412 
970.0 495.0 0.0632016480012 9936.798352 
18.0 544.0 0.0382558560004 9961.744144 
76.0 544.0 0.133501600003 9866.4984 
111.0 548.0 0.158084136004 9841.915864 
157.0 549.0 0.212000480005 9787.99952 
218.0 555.0 0.346178964009 9653.82103599 
261.0 546.0 0.215646752006 9784.35324799 
305.0 552.0 0.732043184019 9267.95681598 
355.0 548.0 1.10475145602 8895.24854398 
396.0 546.0 0.433342688011 9566.65731199 
442.0 547.0 1.85393030004 8146.06969996 
506.0 550.0 0.78079251201 9219.20748799 
540.0 535.0 0.332986000009 9667.01399999 
602.0 553.0 0.221860000006 9778.13999999 
650.0 555.0 0.627937232016 9372.06276798 
690.0 555.0 0.642841600018 9357.15839998 
734.0 539.0 0.760371200013 9239.62879999 
795.0 540.0 0.118141248003 9881.858752 
834.0 536.0 0.354096416006 9645.90358399 
877.0 545.0 0.220143680003 9779.85632 
931.0 556.0 0.171847732004 9828.152268 
979.0 537.0 0.0529533400011 9947.04666 
29.0 606.0 0.0694648760013 9930.535124 
82.0 584.0 0.161887920003 9838.11208 
125.0 594.0 0.320335420007 9679.66457999 
163.0 600.0 0.357311808005 9642.688192 
214.0 587.0 0.535030640002 9464.96936 
255.0 583.0 0.696607860016 9303.39213998 
311.0 598.0 0.717068852011 9282.93114799 
348.0 590.0 1.06945238802 8930.54761198 
410.0 606.0 1.34927481202 8650.72518798 
458.0 591.0 1.40876816002 8591.23183998 
496.0 589.0 1.02191360003 8978.08639997 
538.0 595.0 1.08088660801 8919.11339199 
602.0 589.0 0.0295649280004 9970.435072 
654.0 590.0 0.234742760006 9765.25723999 
680.0 583.0 0.40459440001 9595.40559999 
746.0 589.0 0.607917056004 9392.082944 
797.0 583.0 0.398835040009 9601.16495999 
827.0 602.0 0.182782644004 9817.217356 
887.0 586.0 0.169010216004 9830.989784 
917.0 591.0 0.103824300001 9896.1757 
975.0 585.0 0.0703128000018 9929.6872 
28.0 639.0 0.0664011520011 9933.598848 
82.0 639.0 0.0963393000021 9903.6607 
118.0 637.0 0.237673320004 9762.32668 
161.0 636.0 0.207338816005 9792.66118399 
205.0 640.0 0.436539520007 9563.46047999 
257.0 637.0 0.279184176006 9720.81582399 
312.0 640.0 0.283784320007 9716.21567999 
368.0 636.0 1.39060403204 8609.39596796 
408.0 647.0 0.845306160016 9154.69383998 
457.0 642.0 0.41835584001 9581.64415999 
489.0 639.0 0.652458160016 9347.54183998 
539.0 635.0 0.859635184017 9140.36481598 
598.0 635.0 0.806816972006 9193.18302799 
631.0 649.0 0.611588620007 9388.41137999 
682.0 654.0 0.587840536013 9412.15946399 
734.0 640.0 0.412859320005 9587.14067999 
792.0 646.0 0.252994400006 9747.00559999 
841.0 654.0 0.182984080004 9817.01592 
876.0 648.0 0.0604181280012 9939.581872 
936.0 643.0 0.0671564200012 9932.84358 
981.0 648.0 0.0440282000011 9955.9718 
15.0 695.0 0.0380869800004 9961.91302 
76.0 692.0 0.0695299360012 9930.470064 
111.0 693.0 0.148074940004 9851.92506 
159.0 679.0 0.122707540002 9877.29246 
218.0 681.0 0.221012316005 9778.987684 
258.0 691.0 0.291734624007 9708.26537599 
304.0 681.0 0.57022408001 9429.77591999 
350.0 689.0 1.01860916801 8981.39083199 
408.0 696.0 0.44505112001 9554.94887999 
445.0 694.0 0.255027552004 9744.972448 
493.0 685.0 0.0941194240025 9905.880576 
558.0 696.0 0.266392424001 9733.607576 
597.0 694.0 0.291444116007 9708.55588399 
640.0 694.0 0.382417136009 9617.58286399 
687.0 683.0 0.466938504008 9533.06149599 
741.0 681.0 0.364452320007 9635.54767999 
788.0 702.0 0.226637600004 9773.3624 
822.0 687.0 0.271758456004 9728.241544 
880.0 691.0 0.181093040005 9818.90696 
930.0 679.0 0.0875284800006 9912.47152 
983.0 701.0 0.0678878680007 9932.112132 
28.0 727.0 0.0465652120012 9953.434788 
66.0 745.0 0.0456864600008 9954.31354 
123.0 741.0 0.0894136000013 9910.5864 
167.0 734.0 0.147530144002 9852.469856 
223.0 738.0 0.269810008004 9730.189992 
262.0 729.0 0.333293008007 9666.70699199 
309.0 736.0 0.377241400005 9622.7586 
360.0 735.0 0.612026208009 9387.97379199 
393.0 726.0 0.299733000007 9700.26699999 
455.0 738.0 0.170069584003 9829.930416 
505.0 749.0 0.133106180003 9866.89382 
556.0 739.0 0.0409800000011 9959.02 
595.0 735.0 0.243643960002 9756.35604 
640.0 748.0 0.233137232006 9766.86276799 
685.0 741.0 0.362545216002 9637.454784 
728.0 740.0 0.074900000002 9925.1 
785.0 732.0 0.122199824002 9877.800176 
822.0 729.0 0.182765820001 9817.23418 
878.0 729.0 0.155313920002 9844.68608 
939.0 748.0 0.0479219360011 9952.078064 
980.0 727.0 0.0255897000006 9974.4103 
18.0 794.0 0.00822000000022 9991.78 
70.0 785.0 0.0561040120011 9943.895988 
128.0 778.0 0.0951305960013 9904.869404 
175.0 789.0 0.0805212480016 9919.478752 
202.0 784.0 0.101021748002 9898.978252 
257.0 775.0 0.201642388005 9798.357612 
306.0 793.0 0.0327800000009 9967.22 
367.0 777.0 0.448358092006 9551.64190799 
396.0 795.0 0.260464580006 9739.53541999 
462.0 792.0 0.104427940002 9895.57206 
494.0 794.0 0.100684072001 9899.315928 
537.0 780.0 0.0689398720019 9931.060128 
605.0 780.0 0.205155000005 9794.845 
639.0 782.0 0.157881280003 9842.11872 
693.0 786.0 0.329361872009 9670.63812799 
739.0 775.0 0.215424872005 9784.57512799 
780.0 787.0 0.205101700003 9794.8983 
828.0 793.0 0.174132320004 9825.86768 
890.0 782.0 0.116564864001 9883.435136 
917.0 781.0 0.0861634800017 9913.83652 
982.0 791.0 0.0861634800017 9913.83652 
26.0 840.0 0.0887657560022 9911.234244 
81.0 822.0 0.131731808003 9868.268192 
125.0 837.0 0.196925332001 9803.074668 
160.0 843.0 0.0991200000026 9900.88 
221.0 833.0 0.0298912080008 9970.108792 
252.0 825.0 0.0564299000009 9943.5701 
312.0 840.0 0.153509560003 9846.49044 
355.0 844.0 0.356216364005 9643.783636 
398.0 826.0 0.445296664007 9554.70333599 
448.0 834.0 0.116860000003 9883.14 
508.0 830.0 0.0616585920012 9938.341408 
547.0 843.0 0.0263164000007 9973.6836 
596.0 839.0 0.147640176002 9852.359824 
651.0 833.0 0.134555520003 9865.44448 
701.0 834.0 0.230218848005 9769.781152 
743.0 840.0 0.187077600004 9812.9224 
776.0 825.0 0.0655856080019 9934.414392 
837.0 832.0 0.105020768002 9894.979232 
877.0 822.0 0.159640592002 9840.359408 
930.0 827.0 0.069435600001 9930.5644 
971.0 831.0 0.0453384760005 9954.661524 
18.0 872.0 0.0969296000017 9903.0704 
70.0 878.0 0.161012720003 9838.98728 
112.0 881.0 0.243295460006 9756.70453999 
177.0 876.0 0.0426013360008 9957.398664 
204.0 885.0 0.0403800000011 9959.62 
260.0 881.0 0.0291656000008 9970.8344 
320.0 878.0 0.248521428004 9751.478572 
357.0 885.0 0.210234700003 9789.7653 
395.0 873.0 0.240890224006 9759.10977599 
442.0 875.0 0.0981600000026 9901.84 
500.0 885.0 0.184606240001 9815.39376 
546.0 892.0 0.161719100003 9838.2809 
599.0 891.0 0.132007788003 9867.992212 
638.0 872.0 0.0550072760013 9944.992724 
699.0 878.0 0.0554200000015 9944.58 
749.0 892.0 0.136511600003 9863.4884 
775.0 890.0 0.124877072003 9875.122928 
836.0 886.0 0.0247000000006 9975.3 
875.0 871.0 0.0284728400001 9971.52716 
923.0 869.0 0.0169000000004 9983.1 
978.0 881.0 0.0442312200009 9955.76878 
29.0 923.0 0.0590026000004 9940.9974 
77.0 921.0 0.141623400003 9858.3766 
118.0 933.0 0.136548960003 9863.45104 
166.0 940.0 0.0992390040023 9900.760996 
205.0 920.0 0.0981648640014 9901.835136 
258.0 924.0 0.130747184002 9869.252816 
311.0 931.0 0.175029760002 9824.97024 
368.0 924.0 0.132551480002 9867.44852 
412.0 929.0 0.0556603000011 9944.3397 
464.0 918.0 0.113021632002 9886.978368 
508.0 929.0 0.129180000003 9870.82 
548.0 919.0 0.170034400004 9829.9656 
591.0 929.0 0.115057024002 9884.942976 
631.0 922.0 0.0360836400006 9963.91636 
699.0 927.0 0.0509703439995 9949.029656 
749.0 918.0 0.0645129280018 9935.487072 
776.0 929.0 0.0784136000017 9921.5864 
827.0 922.0 0.0289759720007 9971.024028 
873.0 921.0 0.0129401760002 9987.059824 
932.0 940.0 0.00848000000022 9991.52 
985.0 924.0 0.0280471680006 9971.952832 
31.0 980.0 0.0302329920004 9969.767008 
72.0 979.0 0.0378695120008 9962.130488 
109.0 975.0 0.0358900520008 9964.109948 
157.0 972.0 0.0690425200013 9930.95748 
207.0 982.0 0.0712002000013 9928.7998 
263.0 969.0 0.0661844000016 9933.8156 
307.0 965.0 0.0780696000015 9921.9304 
361.0 978.0 0.0362968400004 9963.70316 
401.0 969.0 0.0594165520017 9940.583448 
463.0 969.0 0.0594165520017 9940.583448 
494.0 965.0 0.0532229880009 9946.777012 
543.0 965.0 0.0455356160009 9954.464384 
595.0 983.0 0.0461588480008 9953.841152 
632.0 972.0 0.0627221600014 9937.27784 
686.0 982.0 0.0665313680012 9933.468632 
735.0 984.0 0.0283892600002 9971.61074 
789.0 980.0 0.037113880001 9962.88612 
828.0 967.0 0.0361193680009 9963.880632 
892.0 985.0 0.00814000000021 9991.86 
919.0 984.0 0.0093284399997 9990.67156 
971.0 981.0 0.0139105919999 9986.089408 
865.0 118.0 0.242356320001 9757.64368 
247.0 26.0 0.0782156240021 9921.784376 
927.0 180.0 0.112793604002 9887.206396 
350.0 453.0 0.448279672011 9551.72032799 
26.0 389.0 0.091888008002 9908.111992 
558.0 647.0 0.90306774402 9096.93225598 
169.0 597.0 0.464714500011 9535.28549999 
215.0 690.0 0.187139800005 9812.8602 
274.0 37.0 0.110660040003 9889.33996 
