500.0 500.0
12.0 34.0 0.0280854000004 9971.9146 
78.0 30.0 0.028337392 9971.662608 
124.0 24.0 0.0682506720014 9931.749328 
160.0 34.0 0.057218744001 9942.781256 
207.0 28.0 0.0673111000014 9932.6889 
260.0 17.0 0.079412924002 9920.587076 
307.0 23.0 0.0715418800014 9928.45812 
357.0 26.0 0.0892325760022 9910.767424 
395.0 35.0 0.0767440320018 9923.255968 
443.0 33.0 0.0767440320018 9923.255968 
511.0 17.0 0.0545818400011 9945.41816 
549.0 35.0 0.0914431360014 9908.556864 
589.0 30.0 0.0691061160016 9930.893884 
652.0 30.0 0.0792397200014 9920.76028 
701.0 32.0 0.083713184001 9916.286816 
747.0 33.0 0.0764493520017 9923.550648 
783.0 26.0 0.00864000000022 9991.36 
835.0 22.0 0.0213001600003 9978.69984 
869.0 19.0 0.046011224001 9953.988776 
931.0 21.0 0.00838000000022 9991.62 
968.0 29.0 0.0297636400003 9970.23636 
34.0 65.0 0.0636128000006 9936.3872 
68.0 59.0 0.106372892002 9893.627108 
116.0 62.0 0.0984578200027 9901.54218 
177.0 59.0 0.102703384002 9897.296616 
222.0 68.0 0.128643200003 9871.3568 
270.0 74.0 0.199062752004 9800.937248 
319.0 70.0 0.0922676800025 9907.73232 
350.0 60.0 0.0993201280026 9900.679872 
399.0 59.0 0.146125688001 9853.874312 
442.0 82.0 0.167879944005 9832.120056 
505.0 69.0 0.0451733040003 9954.826696 
543.0 66.0 0.0941476720023 9905.852328 
586.0 78.0 0.133606240001 9866.39376 
631.0 82.0 0.0861227640024 9913.877236 
701.0 64.0 0.0944792000018 9905.5208 
732.0 76.0 0.073527600002 9926.4724 
775.0 69.0 0.101538488002 9898.461512 
821.0 76.0 0.227927172005 9772.07282799 
878.0 73.0 0.0897154240003 9910.284576 
925.0 62.0 0.0608221800011 9939.17782 
985.0 80.0 0.0559685440014 9944.031456 
13.0 120.0 0.0490600480007 9950.939952 
77.0 113.0 0.148924656003 9851.075344 
119.0 129.0 0.174122400004 9825.8776 
156.0 120.0 0.174492800005 9825.5072 
205.0 130.0 0.139490172003 9860.509828 
265.0 122.0 0.233804928006 9766.19507199 
310.0 125.0 0.151423720003 9848.57628 
361.0 122.0 0.124782388001 9875.217612 
416.0 120.0 0.0467654000008 9953.2346 
463.0 117.0 0.273800248005 9726.199752 
497.0 124.0 0.096847660002 9903.15234 
544.0 110.0 0.0662000000017 9933.8 
591.0 117.0 0.0695502160017 9930.449784 
631.0 111.0 0.0968541200002 9903.14588 
693.0 122.0 0.0320000000008 9968.0 
740.0 110.0 0.0565000000015 9943.5 
785.0 111.0 0.154773848002 9845.226152 
827.0 110.0 0.237033560001 9762.96644 
870.0 108.0 0.197145984002 9802.854016 
927.0 111.0 0.165910440001 9834.08956 
967.0 118.0 0.0991109600016 9900.88904 
25.0 178.0 0.0867036480014 9913.296352 
77.0 169.0 0.135996700003 9864.0033 
111.0 162.0 0.185478020003 9814.52198 
175.0 163.0 0.282801660003 9717.19834 
205.0 173.0 0.315280280007 9684.71971999 
271.0 177.0 0.283514024007 9716.48597599 
301.0 158.0 0.297002520002 9702.99748 
366.0 176.0 0.104888888 9895.111112 
406.0 161.0 0.118767648003 9881.232352 
453.0 161.0 0.209822940004 9790.17706 
496.0 165.0 0.305942336002 9694.057664 
537.0 177.0 0.219615664005 9780.38433599 
589.0 165.0 0.0289386000006 9971.0614 
640.0 163.0 0.0415600000011 9958.44 
690.0 169.0 0.0541240000009 9945.876 
749.0 174.0 0.0308602000006 9969.1398 
788.0 166.0 0.228637232004 9771.362768 
834.0 164.0 0.295283972003 9704.716028 
885.0 173.0 0.149778904004 9850.221096 
916.0 155.0 0.0841233800018 9915.87662 
982.0 169.0 0.0629078080016 9937.092192 
12.0 222.0 0.0720236160016 9927.976384 
66.0 217.0 0.0985395800011 9901.46042 
130.0 210.0 0.184391616002 9815.608384 
158.0 210.0 0.382908192006 9617.09180799 
216.0 220.0 0.672895640016 9327.10435998 
272.0 206.0 0.635942240011 9364.05775999 
312.0 218.0 0.534491168011 9465.50883199 
357.0 216.0 0.175372600004 9824.6274 
394.0 209.0 0.0574600000015 9942.54 
463.0 222.0 0.142019000004 9857.981 
494.0 208.0 0.0381510080011 9961.848992 
559.0 209.0 0.147177000004 9852.823 
596.0 212.0 0.0669860800016 9933.01392 
639.0 220.0 0.150808128004 9849.191872 
692.0 205.0 0.218307104004 9781.692896 
733.0 215.0 0.541914156009 9458.08584399 
790.0 223.0 0.662176736008 9337.82326399 
843.0 214.0 0.433489940006 9566.51005999 
873.0 213.0 0.099719216002 9900.280784 
925.0 223.0 0.101596976002 9898.403024 
975.0 203.0 0.046940400001 9953.0596 
18.0 268.0 0.121585468002 9878.414532 
71.0 269.0 0.145263200002 9854.7368 
125.0 272.0 0.179500260003 9820.49974 
160.0 272.0 0.197861880005 9802.13812 
225.0 259.0 0.186369600004 9813.6304 
265.0 253.0 0.77137687602 9228.62312398 
310.0 261.0 0.605735040016 9394.26495998 
360.0 267.0 0.461146220011 9538.85377999 
412.0 270.0 0.217762888006 9782.23711199 
464.0 254.0 0.313116496008 9686.88350399 
491.0 250.0 0.439420800006 9560.57919999 
556.0 250.0 0.0407000000011 9959.3 
606.0 251.0 0.085881520002 9914.11848 
646.0 252.0 0.139694816004 9860.305184 
681.0 251.0 0.373428208008 9626.57179199 
736.0 254.0 0.491648576013 9508.35142399 
792.0 271.0 0.587121376009 9412.87862399 
822.0 262.0 0.401423824004 9598.576176 
890.0 254.0 0.0501400000013 9949.86 
940.0 264.0 0.0873064000008 9912.6936 
985.0 259.0 0.0372296640008 9962.770336 
26.0 302.0 0.0239800000006 9976.02 
65.0 300.0 0.114859116003 9885.140884 
130.0 302.0 0.169755400004 9830.2446 
173.0 303.0 0.204055048003 9795.944952 
203.0 304.0 0.285754700007 9714.24529999 
251.0 301.0 0.38356700001 9616.43299999 
311.0 308.0 0.778596828013 9221.40317199 
367.0 303.0 0.660263724013 9339.73627599 
415.0 308.0 0.53898943201 9461.01056799 
447.0 314.0 0.360697120009 9639.30287999 
494.0 302.0 0.507828088009 9492.17191199 
552.0 316.0 0.212678400006 9787.32159999 
599.0 315.0 0.0277674400007 9972.23256 
646.0 298.0 0.0662600000017 9933.74 
701.0 308.0 0.346304620009 9653.69537999 
731.0 302.0 0.908296196024 9091.70380398 
776.0 312.0 0.678987312016 9321.01268798 
831.0 320.0 0.191149416005 9808.850584 
888.0 315.0 0.176334640004 9823.66536 
919.0 315.0 0.148257724004 9851.742276 
970.0 308.0 0.0786544000011 9921.3456 
14.0 365.0 0.0275637440007 9972.436256 
79.0 351.0 0.150132608004 9849.867392 
129.0 353.0 0.173891664002 9826.108336 
160.0 364.0 0.200590204002 9799.409796 
217.0 355.0 0.288422864005 9711.577136 
252.0 352.0 0.378858448012 9621.14155199 
319.0 361.0 0.663051296007 9336.94870399 
355.0 364.0 0.605117092016 9394.88290798 
405.0 357.0 0.556205536006 9443.79446399 
453.0 367.0 0.393758392011 9606.24160799 
495.0 352.0 0.345635231999 9654.364768 
558.0 365.0 0.177428336005 9822.571664 
591.0 356.0 0.104114940001 9895.88506 
650.0 360.0 0.052477496001 9947.522504 
693.0 349.0 0.343380000009 9656.61999999 
739.0 349.0 0.821572000026 9178.42799997 
795.0 365.0 0.567791104014 9432.20889599 
837.0 356.0 0.253204380002 9746.79562 
890.0 355.0 0.229826520005 9770.17348 
918.0 353.0 0.139293888003 9860.706112 
969.0 365.0 0.0846520000016 9915.348 
25.0 405.0 0.0651596160009 9934.840384 
71.0 415.0 0.0978739200018 9902.12608 
108.0 403.0 0.175546384004 9824.453616 
162.0 407.0 0.260052920005 9739.94708 
208.0 400.0 0.297468720005 9702.53127999 
271.0 397.0 0.39264656001 9607.35343999 
309.0 415.0 0.45363460001 9546.36539999 
352.0 399.0 0.665886060003 9334.11394 
393.0 401.0 0.994859000021 9005.14099998 
463.0 400.0 0.328160000009 9671.83999999 
507.0 394.0 0.229400000006 9770.59999999 
552.0 404.0 0.188254000004 9811.746 
602.0 398.0 0.226951072004 9773.048928 
633.0 403.0 0.143185632004 9856.814368 
692.0 415.0 0.177595808005 9822.404192 
746.0 397.0 0.40470408401 9595.29591599 
776.0 409.0 0.0884001760022 9911.599824 
827.0 411.0 0.108379600002 9891.6204 
891.0 393.0 0.0806400000021 9919.36 
929.0 414.0 0.0304198599994 9969.58014 
985.0 397.0 0.0617559000013 9938.2441 
34.0 447.0 0.0954174400025 9904.58256 
82.0 449.0 0.153502760001 9846.49724 
129.0 463.0 0.214802064001 9785.197936 
157.0 450.0 0.316500800008 9683.49919999 
210.0 452.0 0.429888448008 9570.11155199 
271.0 459.0 0.609027056015 9390.97294398 
314.0 444.0 0.386529400009 9613.47059999 
350.0 442.0 0.912551360023 9087.44863998 
408.0 446.0 0.839387247999 9160.612752 
452.0 455.0 0.587880000015 9412.11999998 
505.0 448.0 0.38345197201 9616.54802799 
543.0 442.0 0.38345197201 9616.54802799 
603.0 445.0 0.126081108003 9873.918892 
654.0 457.0 0.289345944007 9710.65405599 
688.0 447.0 0.184994496005 9815.005504 
744.0 442.0 0.157722504004 9842.277496 
777.0 459.0 0.124486848003 9875.513152 
834.0 452.0 0.039700000001 9960.3 
875.0 448.0 0.0567202679996 9943.279732 
928.0 460.0 0.0741058400006 9925.89416 
984.0 457.0 0.0292691000002 9970.7309 
31.0 490.0 0.0292691000002 9970.7309 
78.0 489.0 0.0789432000016 9921.0568 
109.0 510.0 0.0341160000007 9965.884 
173.0 492.0 0.331454844008 9668.54515599 
208.0 504.0 0.698043200018 9301.95679998 
266.0 510.0 0.794125000018 9205.87499998 
311.0 500.0 0.550233316 9449.766684 
346.0 508.0 0.255500000007 9744.49999999 
395.0 506.0 0.253376232007 9746.62376799 
430.0 504.0 0.823609472016 9176.39052798 
470.0 518.0 0.978764320026 9021.23567997 
536.0 493.0 0.840960639997 9159.03936 
607.0 490.0 0.171700000005 9828.3 
644.0 492.0 0.279886452008 9720.11354799 
701.0 509.0 0.340182832007 9659.81716799 
728.0 507.0 0.237376436003 9762.623564 
786.0 507.0 0.217376880001 9782.62312 
826.0 503.0 0.150873856004 9849.126144 
878.0 494.0 0.0322400000008 9967.76 
931.0 509.0 0.0542665360011 9945.733464 
976.0 507.0 0.0167800000004 9983.22 
31.0 553.0 0.0347353280008 9965.264672 
61.0 555.0 0.0329297999994 9967.0702 
129.0 550.0 0.0574898000013 9942.5102 
161.0 551.0 0.0755712000018 9924.4288 
219.0 547.0 0.220080000006 9779.91999999 
256.0 542.0 0.287364912007 9712.63508799 
297.0 535.0 0.243483280006 9756.51671999 
345.0 550.0 0.222669692006 9777.33030799 
415.0 552.0 0.533427560014 9466.57243999 
455.0 557.0 0.979994720023 9020.00527998 
504.0 557.0 1.76708486002 8232.91513998 
555.0 546.0 1.93596892004 8064.03107996 
583.0 556.0 1.30326499204 8696.73500796 
646.0 557.0 0.00868000000023 9991.32 
687.0 554.0 0.431093840011 9568.90615999 
741.0 540.0 0.294283980007 9705.71601999 
781.0 550.0 0.233240000006 9766.75999999 
830.0 543.0 0.168326336004 9831.673664 
869.0 540.0 0.126717000001 9873.283 
921.0 544.0 0.104269120002 9895.73088 
978.0 557.0 0.0611308080007 9938.869192 
14.0 594.0 0.0305413800003 9969.45862 
72.0 603.0 0.0588600000015 9941.14 
122.0 595.0 0.0525976080009 9947.402392 
160.0 597.0 0.0316200000008 9968.38 
225.0 599.0 0.0433691480012 9956.630852 
254.0 599.0 0.0913481320013 9908.651868 
298.0 597.0 0.177980000005 9822.02 
368.0 592.0 0.703881440003 9296.11856 
407.0 588.0 0.255087360006 9744.91263999 
440.0 584.0 0.298056008008 9701.94399199 
491.0 595.0 1.00461976402 8995.38023598 
551.0 594.0 1.97907423204 8020.92576796 
599.0 599.0 1.53174076004 8468.25923996 
636.0 599.0 1.26008773603 8739.91226397 
695.0 602.0 1.22927168003 8770.72831997 
743.0 596.0 0.675491280017 9324.50871998 
781.0 600.0 0.381391440009 9618.60855999 
829.0 588.0 0.218859168004 9781.140832 
877.0 606.0 0.0591100800002 9940.88992 
923.0 595.0 0.0864181600016 9913.58184 
977.0 584.0 0.0338934000004 9966.1066 
17.0 647.0 0.0635316800014 9936.46832 
69.0 653.0 0.0764007680011 9923.599232 
114.0 648.0 0.00802000000021 9991.98 
160.0 631.0 0.0754282080016 9924.571792 
220.0 650.0 0.499618016011 9500.38198399 
270.0 635.0 0.189781856004 9810.218144 
305.0 633.0 0.608019680005 9391.98032 
349.0 645.0 0.93662884002 9063.37115998 
412.0 651.0 0.159380028004 9840.619972 
450.0 654.0 0.171800000005 9828.2 
511.0 641.0 0.745410896017 9254.58910398 
558.0 640.0 0.929788560019 9070.21143998 
589.0 642.0 0.517694420003 9482.30558 
631.0 650.0 0.856568208019 9143.43179198 
698.0 654.0 0.768381928013 9231.61807199 
743.0 633.0 0.850431560019 9149.56843998 
796.0 654.0 0.314208000004 9685.792 
827.0 641.0 0.270732116005 9729.26788399 
875.0 647.0 0.181665040004 9818.33496 
925.0 653.0 0.162873856003 9837.126144 
978.0 635.0 0.061330396001 9938.669604 
31.0 699.0 0.0633794400011 9936.62056 
79.0 690.0 0.0818532520013 9918.146748 
128.0 683.0 0.0610190760013 9938.980924 
173.0 695.0 0.218106928006 9781.89307199 
218.0 690.0 0.428402448011 9571.59755199 
264.0 686.0 0.533695500009 9466.30449999 
314.0 681.0 0.711765980007 9288.23401999 
368.0 698.0 0.768877600021 9231.12239998 
403.0 700.0 0.297121128008 9702.87887199 
463.0 690.0 0.253843600006 9746.15639999 
511.0 684.0 0.714714516008 9285.28548399 
546.0 694.0 0.641370800003 9358.6292 
587.0 699.0 0.430540488011 9569.45951199 
640.0 699.0 0.560573104009 9439.42689599 
693.0 690.0 0.601244696007 9398.75530399 
741.0 699.0 0.471585940004 9528.41406 
793.0 683.0 0.136730964003 9863.269036 
835.0 680.0 0.216109992003 9783.890008 
884.0 689.0 0.214485064004 9785.514936 
938.0 680.0 0.0827409680017 9917.259032 
968.0 686.0 0.0615667840015 9938.433216 
21.0 734.0 0.0371139120004 9962.886088 
68.0 736.0 0.110811912002 9889.188088 
124.0 745.0 0.125654992002 9874.345008 
172.0 735.0 0.117905812002 9882.094188 
214.0 734.0 0.322393824008 9677.60617599 
255.0 746.0 0.0715600000019 9928.44 
319.0 734.0 0.190721768005 9809.278232 
346.0 730.0 0.305567400008 9694.43259999 
393.0 748.0 0.429082500002 9570.9175 
448.0 726.0 0.0635427280004 9936.457272 
509.0 733.0 0.413238520008 9586.76147999 
552.0 745.0 0.517875748012 9482.12425199 
590.0 736.0 0.186208736004 9813.791264 
637.0 741.0 0.0643428400015 9935.65716 
684.0 738.0 0.652335932008 9347.66406799 
740.0 735.0 0.505969740013 9494.03025999 
774.0 741.0 0.540547740012 9459.45225999 
826.0 741.0 0.294686400008 9705.31359999 
881.0 726.0 0.0323000000009 9967.7 
920.0 734.0 0.126613660001 9873.38634 
982.0 749.0 0.0163400000004 9983.66 
20.0 780.0 0.00850000000022 9991.5 
82.0 792.0 0.101725048003 9898.274952 
110.0 785.0 0.122026080002 9877.97392 
164.0 783.0 0.163413920003 9836.58608 
203.0 790.0 0.202313616002 9797.686384 
273.0 795.0 0.141640000003 9858.36 
308.0 795.0 0.277690400001 9722.3096 
362.0 788.0 0.350337468005 9649.66253199 
405.0 795.0 0.256101468006 9743.89853199 
442.0 776.0 0.184620192005 9815.379808 
490.0 779.0 0.090534652002 9909.465348 
541.0 776.0 0.291199796007 9708.80020399 
590.0 787.0 0.374994528009 9625.00547199 
653.0 781.0 0.149167328004 9850.832672 
688.0 774.0 0.413647552007 9586.35244799 
746.0 789.0 0.629495452012 9370.50454799 
786.0 781.0 0.435608224006 9564.39177599 
831.0 788.0 0.291400104006 9708.59989599 
880.0 795.0 0.149482600003 9850.5174 
927.0 792.0 0.130616052003 9869.383948 
967.0 794.0 0.0619418720016 9938.058128 
19.0 834.0 0.0387384000005 9961.2616 
75.0 838.0 0.056739760001 9943.26024 
111.0 825.0 0.0686727960018 9931.327204 
161.0 836.0 0.0167200000004 9983.28 
221.0 835.0 0.0670808160015 9932.919184 
271.0 822.0 0.148581272004 9851.418728 
301.0 834.0 0.209439240004 9790.56076 
357.0 827.0 0.249031168006 9750.96883199 
397.0 830.0 0.124137868003 9875.862132 
451.0 841.0 0.0671400000018 9932.86 
495.0 829.0 0.0449917000009 9955.0083 
536.0 830.0 0.146946492003 9853.053508 
591.0 837.0 0.308086220006 9691.91377999 
634.0 841.0 0.206844980002 9793.15502 
689.0 840.0 0.206844980002 9793.15502 
741.0 839.0 0.356655900006 9643.34409999 
776.0 826.0 0.311301160008 9688.69883999 
840.0 834.0 0.231468532003 9768.531468 
891.0 834.0 0.182209832002 9817.790168 
919.0 824.0 0.127488160003 9872.51184 
982.0 828.0 0.0264730280006 9973.526972 
32.0 888.0 0.0840766080021 9915.923392 
70.0 888.0 0.0812182000009 9918.7818 
117.0 892.0 0.0656000000017 9934.4 
164.0 873.0 0.0290569440005 9970.943056 
216.0 871.0 0.0640992000007 9935.9008 
260.0 883.0 0.110181860001 9889.81814 
303.0 887.0 0.209490308006 9790.50969199 
360.0 891.0 0.114000144003 9885.999856 
411.0 892.0 0.0481800000013 9951.82 
451.0 876.0 0.0611821000015 9938.8179 
491.0 880.0 0.1404821 9859.5179 
545.0 870.0 0.174782188004 9825.217812 
593.0 885.0 0.121605648003 9878.394352 
641.0 883.0 0.162946100002 9837.0539 
688.0 892.0 0.100575200002 9899.4248 
743.0 870.0 0.254324160003 9745.67584 
787.0 872.0 0.238265340005 9761.73465999 
833.0 881.0 0.119958580002 9880.04142 
874.0 874.0 0.116232752002 9883.767248 
925.0 877.0 0.114400860003 9885.59914 
974.0 892.0 0.0542211760013 9945.778824 
15.0 925.0 0.0674440600018 9932.55594 
78.0 917.0 0.0772622720015 9922.737728 
114.0 924.0 0.0854165040021 9914.583496 
176.0 937.0 0.0700080000009 9929.992 
210.0 939.0 0.0786092600002 9921.39074 
270.0 935.0 0.0859770720017 9914.022928 
313.0 923.0 0.137080652002 9862.919348 
354.0 935.0 0.0412200000011 9958.78 
405.0 934.0 0.0555352000013 9944.4648 
458.0 936.0 0.103448416001 9896.551584 
504.0 926.0 0.141688320004 9858.31168 
557.0 929.0 0.0886463360022 9911.353664 
587.0 923.0 0.0406000000011 9959.4 
641.0 933.0 0.0975400000026 9902.46 
697.0 926.0 0.118382100003 9881.6179 
748.0 926.0 0.202555732005 9797.44426799 
774.0 928.0 0.126614780003 9873.38522 
842.0 935.0 0.0282392960006 9971.760704 
889.0 925.0 0.0290755120005 9970.924488 
923.0 919.0 0.0331600000009 9966.84 
966.0 930.0 0.0480725200003 9951.92748 
28.0 975.0 0.0281090480006 9971.890952 
66.0 986.0 0.00796000000021 9992.04 
127.0 971.0 0.0630334800015 9936.96652 
174.0 981.0 0.0705380800017 9929.46192 
222.0 974.0 0.0748056880016 9925.194312 
255.0 977.0 0.0706432160018 9929.356784 
313.0 964.0 0.0699523040008 9930.047696 
347.0 979.0 0.0275989200004 9972.40108 
396.0 976.0 0.0362481600004 9963.75184 
450.0 978.0 0.0544041600012 9945.59584 
491.0 975.0 0.047130080001 9952.86992 
556.0 986.0 0.0261431160007 9973.856884 
588.0 973.0 0.0405432320006 9959.456768 
652.0 984.0 0.0370658560004 9962.934144 
699.0 964.0 0.043557344001 9956.442656 
739.0 974.0 0.0694886400013 9930.51136 
782.0 968.0 0.133115040002 9866.88496 
841.0 968.0 0.0904369000005 9909.5631 
892.0 987.0 0.0586279680013 9941.372032 
937.0 985.0 0.0361432120004 9963.856788 
978.0 981.0 0.0377006200004 9962.29938 
659.0 398.0 0.127251476003 9872.748524 
610.0 734.0 0.337137608009 9662.86239199 
954.0 894.0 0.0514932000015 9948.5068 
749.0 722.0 0.268373828006 9731.62617199 
656.0 10.0 0.0279141840005 9972.085816 
314.0 847.0 0.182274960005 9817.72504 
400.0 674.0 0.538087600011 9461.91239999 
235.0 951.0 0.0492400000013 9950.76 
74.0 919.0 0.102158144003 9897.841856 
1.0 198.0 0.0251324120006 9974.867588 
201.0 455.0 0.298850600008 9701.14939999 
593.0 1.0 0.0280922080004 9971.907792 
954.0 346.0 0.110658340001 9889.34166 
502.0 199.0 0.379458224003 9620.541776 
884.0 455.0 0.0524541840012 9947.545816 
736.0 267.0 0.77242000001 9227.57999999 
296.0 128.0 0.248107900004 9751.8921 
182.0 671.0 0.263395616004 9736.604384 
525.0 898.0 0.103360480003 9896.63952 
812.0 247.0 0.328856900009 9671.14309999 
339.0 255.0 0.445840512008 9554.15948799 
443.0 572.0 0.508465744013 9491.53425599 
133.0 977.0 0.045911480001 9954.08852 
250.0 136.0 0.184233020004 9815.76698 
926.0 54.0 0.086197200002 9913.8028 
942.0 207.0 0.0852797200015 9914.72028 
130.0 79.0 0.143243380002 9856.75662 
196.0 203.0 0.300743928007 9699.25607199 
805.0 609.0 0.182622736005 9817.377264 
779.0 608.0 0.434753920011 9565.24607999 
391.0 549.0 0.831236808012 9168.76319199 
838.0 200.0 0.374117992009 9625.88200799 
273.0 47.0 0.126747360003 9873.25264 
551.0 271.0 0.0272134960007 9972.786504 
