500.0 500.0
33.0 17.0 0.0264877360006 9973.512264 
76.0 24.0 0.0076600000002 9992.34 
106.0 16.0 0.0281721280005 9971.827872 
152.0 32.0 0.0837715600013 9916.22844 
214.0 19.0 0.0720780720019 9927.921928 
241.0 17.0 0.0446628800009 9955.33712 
284.0 34.0 0.0334860480009 9966.513952 
346.0 20.0 0.0452435600006 9954.75644 
388.0 33.0 0.0630191040018 9936.980896 
433.0 14.0 0.0279012480009 9972.098752 
484.0 11.0 0.0393210240006 9960.678976 
528.0 30.0 0.0931045640019 9906.895436 
560.0 15.0 0.0945698400008 9905.43016 
610.0 18.0 0.0565992680011 9943.400732 
664.0 20.0 0.0365019200006 9963.49808 
702.0 21.0 0.0444028160009 9955.597184 
749.0 26.0 0.0454457600012 9954.55424 
800.0 26.0 0.125653920003 9874.34608 
838.0 28.0 0.179044160004 9820.95584 
885.0 29.0 0.101152320003 9898.84768 
932.0 29.0 0.0644864720007 9935.513528 
972.0 14.0 0.0356984000006 9964.3016 
15.0 65.0 0.0728241600014 9927.17584 
67.0 71.0 0.0956695200013 9904.33048 
121.0 75.0 0.163286988003 9836.713012 
164.0 57.0 0.113114376003 9886.885624 
199.0 74.0 0.160110032003 9839.889968 
249.0 63.0 0.108228132002 9891.771868 
303.0 59.0 0.114322664002 9885.677336 
331.0 72.0 0.107883600003 9892.1164 
388.0 77.0 0.122241000002 9877.759 
434.0 75.0 0.0541648800009 9945.83512 
484.0 67.0 0.0673189600007 9932.68104 
523.0 66.0 0.0692144000011 9930.7856 
572.0 65.0 0.146753140003 9853.24686 
614.0 79.0 0.111528856003 9888.471144 
662.0 75.0 0.0412131840012 9958.786816 
704.0 73.0 0.0887239040018 9911.276096 
751.0 72.0 0.137857200003 9862.1428 
806.0 64.0 0.273727040002 9726.27296 
848.0 68.0 0.155596560004 9844.40344 
888.0 68.0 0.0869176000024 9913.0824 
937.0 72.0 0.0778432160015 9922.156784 
975.0 71.0 0.0456873600011 9954.31264 
15.0 106.0 0.0467668800013 9953.23312 
77.0 115.0 0.105640724003 9894.359276 
118.0 118.0 0.104598760002 9895.40124 
152.0 115.0 0.184975300003 9815.0247 
204.0 118.0 0.315321280009 9684.67871999 
251.0 120.0 0.216264556003 9783.735444 
286.0 119.0 0.063869116001 9936.130884 
332.0 104.0 0.154088760003 9845.91124 
386.0 121.0 0.192194000005 9807.806 
423.0 122.0 0.227033440006 9772.96655999 
484.0 114.0 0.170910820003 9829.08918 
523.0 120.0 0.173690000003 9826.31 
573.0 113.0 0.314167680007 9685.83231999 
603.0 114.0 0.141529568004 9858.470432 
652.0 103.0 0.0833595360023 9916.640464 
710.0 123.0 0.220344064005 9779.655936 
739.0 106.0 0.266065440007 9733.93455999 
788.0 110.0 0.398984980009 9601.01501999 
831.0 104.0 0.142545760003 9857.45424 
877.0 121.0 0.0373768600005 9962.62314 
932.0 104.0 0.0953044200019 9904.69558 
969.0 119.0 0.075001020001 9924.99898 
29.0 164.0 0.0770894600007 9922.91054 
65.0 152.0 0.0629672000012 9937.0328 
111.0 164.0 0.111620068001 9888.379932 
151.0 164.0 0.171892000004 9828.108 
204.0 166.0 0.317288400009 9682.71159999 
247.0 167.0 0.485811220005 9514.18878 
284.0 155.0 0.208843696005 9791.15630399 
351.0 157.0 0.349318528009 9650.68147199 
386.0 151.0 0.143920376004 9856.079624 
431.0 151.0 0.170549608004 9829.450392 
467.0 160.0 0.216510784005 9783.489216 
528.0 155.0 0.227626300003 9772.3737 
576.0 164.0 0.443283380002 9556.71662 
619.0 148.0 0.291947760007 9708.05223999 
665.0 162.0 0.181292692004 9818.707308 
715.0 148.0 0.191884384005 9808.115616 
753.0 148.0 0.515265344014 9484.73465599 
799.0 165.0 0.536991404012 9463.00859599 
833.0 160.0 0.173259632005 9826.740368 
890.0 155.0 0.154098896003 9845.901104 
937.0 158.0 0.156435320001 9843.56468 
981.0 168.0 0.0929467040016 9907.053296 
33.0 196.0 0.120985240003 9879.01476 
58.0 212.0 0.104363064003 9895.636936 
122.0 208.0 0.202989520004 9797.01048 
161.0 214.0 0.325121080008 9674.87891999 
199.0 201.0 0.163497200004 9836.5028 
254.0 206.0 0.350141704009 9649.85829599 
294.0 203.0 0.639075324012 9360.92467599 
349.0 207.0 0.787114044014 9212.88595599 
397.0 201.0 0.272746752007 9727.25324799 
421.0 205.0 0.0874221600023 9912.57784 
486.0 204.0 0.0913600000024 9908.64 
527.0 201.0 0.0126967680003 9987.303232 
573.0 198.0 0.533982280012 9466.01771999 
602.0 202.0 0.588205532014 9411.79446799 
658.0 196.0 0.317650896008 9682.34910399 
711.0 193.0 0.464244240012 9535.75575999 
753.0 196.0 0.597369260011 9402.63073999 
801.0 207.0 0.38266860401 9617.33139599 
851.0 193.0 0.324304336009 9675.69566399 
891.0 195.0 0.198874672005 9801.125328 
930.0 212.0 0.190606600002 9809.3934 
982.0 207.0 0.0248200000007 9975.18 
13.0 240.0 0.077871000002 9922.129 
59.0 243.0 0.195746980001 9804.25302 
113.0 250.0 0.275143372003 9724.856628 
158.0 246.0 0.419818936007 9580.18106399 
213.0 243.0 0.433630288004 9566.369712 
244.0 243.0 0.503742128009 9496.25787199 
287.0 253.0 0.56884462 9431.15538 
350.0 257.0 0.917595500011 9082.40449999 
396.0 249.0 0.491938824013 9508.06117599 
440.0 248.0 0.168535100004 9831.4649 
483.0 244.0 0.0987044480021 9901.295552 
529.0 251.0 0.164480000004 9835.52 
576.0 257.0 0.789189840017 9210.81015998 
610.0 257.0 1.15181542402 8848.18457598 
666.0 258.0 0.943485412004 9056.514588 
694.0 242.0 0.74242368002 9257.57631998 
752.0 244.0 0.695326720002 9304.67328 
786.0 253.0 0.510789288012 9489.21071199 
836.0 250.0 0.468085152006 9531.91484799 
890.0 249.0 0.0268408120005 9973.159188 
932.0 242.0 0.117020080002 9882.97992 
971.0 252.0 0.085189216002 9914.810784 
19.0 293.0 0.0467776000012 9953.2224 
77.0 287.0 0.161399032004 9838.600968 
106.0 287.0 0.143810560004 9856.18944 
168.0 289.0 0.129182284003 9870.817716 
210.0 306.0 0.0661830160008 9933.816984 
245.0 294.0 0.37731588801 9622.68411199 
293.0 296.0 0.87866899202 9121.33100798 
344.0 290.0 1.49378016002 8506.21983998 
396.0 298.0 1.59185134804 8408.14865196 
429.0 297.0 0.578047916015 9421.95208399 
469.0 300.0 0.244223820004 9755.77618 
512.0 306.0 0.144753800004 9855.2462 
572.0 295.0 1.09402052002 8905.97947998 
606.0 293.0 1.10677517202 8893.22482798 
664.0 294.0 0.769762292009 9230.23770799 
710.0 300.0 0.811615680017 9188.38431998 
745.0 288.0 0.676048100018 9323.95189998 
794.0 292.0 0.752098976011 9247.90102399 
850.0 300.0 0.475533600013 9524.46639999 
891.0 289.0 0.0859722000019 9914.0278 
926.0 297.0 0.170982400003 9829.0176 
976.0 285.0 0.0539078880008 9946.092112 
19.0 332.0 0.0428276640009 9957.172336 
58.0 342.0 0.0598923000005 9940.1077 
120.0 329.0 0.148595700003 9851.4043 
152.0 330.0 0.1473731 9852.6269 
197.0 350.0 0.174347116002 9825.652884 
244.0 341.0 0.0930591840027 9906.940816 
286.0 338.0 0.220382232005 9779.61776799 
339.0 338.0 0.468877692012 9531.12230799 
375.0 347.0 0.522624896013 9477.37510399 
425.0 339.0 0.960799496025 9039.20050398 
482.0 330.0 0.145798528003 9854.201472 
517.0 331.0 0.562700000015 9437.29999999 
575.0 330.0 1.47124884004 8528.75115996 
618.0 350.0 0.837233684022 9162.76631598 
667.0 346.0 0.267620000007 9732.37999999 
702.0 348.0 0.0444632600005 9955.53674 
749.0 331.0 0.762105168012 9237.89483199 
787.0 350.0 0.419232980011 9580.76701999 
836.0 332.0 0.405443440005 9594.55656 
889.0 333.0 0.301677760007 9698.32223999 
931.0 345.0 0.158361376003 9841.638624 
988.0 347.0 0.0279705840004 9972.029416 
13.0 391.0 0.0626659600013 9937.33404 
71.0 376.0 0.136660600001 9863.3394 
119.0 387.0 0.168169548002 9831.830452 
159.0 396.0 0.269136900006 9730.86309999 
212.0 394.0 0.387122400011 9612.87759999 
247.0 384.0 0.356717900008 9643.28209999 
290.0 380.0 0.00822000000022 9991.78 
333.0 375.0 0.106606444003 9893.393556 
382.0 395.0 0.196817776003 9803.182224 
421.0 386.0 1.02874000003 8971.25999997 
468.0 383.0 1.62645867202 8373.54132798 
531.0 379.0 0.79514634402 9204.85365598 
562.0 379.0 1.89574040005 8104.25959995 
612.0 381.0 0.995160096025 9004.83990398 
665.0 394.0 0.261697688006 9738.30231199 
706.0 386.0 0.0749976720012 9925.002328 
741.0 396.0 0.0759930000014 9924.007 
805.0 386.0 0.092482300002 9907.5177 
836.0 392.0 0.0806249840017 9919.375016 
896.0 379.0 0.225714608003 9774.285392 
926.0 396.0 0.0990648000027 9900.9352 
971.0 388.0 0.0509343160014 9949.065684 
22.0 422.0 0.0393219800006 9960.67802 
76.0 441.0 0.0530729440008 9946.927056 
102.0 426.0 0.129406336002 9870.593664 
156.0 437.0 0.177004800004 9822.9952 
210.0 420.0 0.431147040011 9568.85295999 
252.0 434.0 0.813769936007 9186.23006399 
287.0 441.0 0.425844740011 9574.15525999 
336.0 430.0 0.291843400008 9708.15659999 
385.0 431.0 0.151097768003 9848.902232 
421.0 436.0 0.239333400001 9760.6666 
485.0 428.0 1.85228292003 8147.71707997 
514.0 431.0 1.79172868404 8208.27131596 
558.0 437.0 1.85598060001 8144.01939999 
616.0 429.0 0.445578080012 9554.42191999 
659.0 423.0 0.133882340001 9866.11766 
695.0 423.0 0.0592039360014 9940.796064 
760.0 432.0 0.184230000003 9815.77 
799.0 439.0 0.145571000003 9854.429 
839.0 428.0 0.0468206400008 9953.17936 
894.0 424.0 0.272354720007 9727.64527999 
922.0 421.0 0.0967806400015 9903.21936 
970.0 433.0 0.0688976320013 9931.102368 
31.0 477.0 0.00870000000023 9991.3 
70.0 466.0 0.103900160002 9896.09984 
122.0 485.0 0.245777936004 9754.222064 
157.0 476.0 0.275475092007 9724.52490799 
205.0 479.0 0.331517048004 9668.482952 
243.0 486.0 0.590342240012 9409.65775999 
302.0 466.0 0.908229820009 9091.77017999 
333.0 468.0 0.253107024006 9746.89297599 
378.0 479.0 0.43290412801 9567.09587199 
431.0 471.0 1.57510528004 8424.89471996 
477.0 479.0 3.76842136009 6231.57863991 
533.0 467.0 2.21194297602 7788.05702398 
573.0 473.0 1.44853539204 8551.46460796 
602.0 487.0 0.565839616009 9434.16038399 
667.0 472.0 0.241361260006 9758.63873999 
698.0 488.0 0.349827424003 9650.172576 
745.0 472.0 0.240960840003 9759.03916 
803.0 479.0 0.218041412005 9781.95858799 
847.0 467.0 0.144879008003 9855.120992 
880.0 482.0 0.312966800004 9687.0332 
935.0 467.0 0.158347720003 9841.65228 
965.0 477.0 0.0626600000005 9937.34 
25.0 512.0 0.0529585120014 9947.041488 
69.0 526.0 0.101954576003 9898.045424 
102.0 519.0 0.178619008001 9821.380992 
168.0 516.0 0.295434784001 9704.565216 
195.0 530.0 0.108383752002 9891.616248 
238.0 524.0 0.309499372007 9690.50062799 
284.0 529.0 0.71280524801 9287.19475199 
332.0 517.0 1.30153309602 8698.46690398 
385.0 532.0 1.83955292404 8160.44707596 
437.0 515.0 3.70049026008 6299.50973992 
480.0 523.0 3.21621646003 6783.78353997 
528.0 532.0 1.65977964804 8340.22035196 
562.0 515.0 1.29651066003 8703.48933997 
620.0 513.0 0.448111712011 9551.88828799 
648.0 520.0 0.525620860011 9474.37913999 
714.0 520.0 0.257087680004 9742.91232 
740.0 511.0 0.110013004003 9889.986996 
800.0 532.0 0.267440000007 9732.55999999 
838.0 513.0 0.277955840003 9722.04416 
880.0 526.0 0.278562388007 9721.43761199 
922.0 525.0 0.0657000000017 9934.3 
970.0 520.0 0.0368032800009 9963.19672 
24.0 573.0 0.0504350400008 9949.56496 
57.0 557.0 0.139043448002 9860.956552 
116.0 568.0 0.109601224002 9890.398776 
161.0 563.0 0.109808936003 9890.191064 
210.0 568.0 0.101978080002 9898.02192 
248.0 567.0 0.203598072005 9796.40192799 
304.0 572.0 0.193725536005 9806.27446399 
332.0 565.0 0.445757380011 9554.24261999 
384.0 578.0 1.27083756803 8729.16243197 
438.0 568.0 2.45627492005 7543.72507995 
480.0 572.0 2.22817204004 7771.82795996 
527.0 579.0 0.357148280009 9642.85171999 
568.0 559.0 0.548369492013 9451.63050799 
614.0 557.0 0.272408320007 9727.59167999 
668.0 575.0 0.261968800006 9738.03119999 
703.0 559.0 0.0942265400016 9905.77346 
754.0 561.0 0.119363460002 9880.63654 
797.0 557.0 0.273333192006 9726.66680799 
830.0 560.0 0.416168992008 9583.83100799 
892.0 563.0 0.203521680003 9796.47832 
938.0 573.0 0.109669216001 9890.330784 
971.0 566.0 0.0738734880019 9926.126512 
23.0 616.0 0.00788000000021 9992.12 
61.0 602.0 0.0686560000017 9931.344 
114.0 603.0 0.0685735200015 9931.42648 
151.0 609.0 0.0838883520006 9916.111648 
206.0 615.0 0.0486800000013 9951.32 
240.0 614.0 0.253437008006 9746.56299199 
291.0 615.0 0.774649608008 9225.35039199 
352.0 623.0 0.40472718401 9595.27281599 
392.0 616.0 1.246628476 8753.371524 
433.0 620.0 1.38223570001 8617.76429999 
466.0 616.0 1.33599923203 8664.00076797 
511.0 606.0 0.300114944008 9699.88505599 
574.0 622.0 0.497340000013 9502.65999999 
622.0 623.0 0.151895780002 9848.10422 
665.0 605.0 0.182638572004 9817.361428 
712.0 604.0 0.0902108600012 9909.78914 
755.0 606.0 0.0680515080013 9931.948492 
797.0 604.0 0.391744336004 9608.255664 
848.0 613.0 0.370990864005 9629.00913599 
881.0 613.0 0.263341964004 9736.658036 
941.0 616.0 0.0771546640022 9922.845336 
980.0 622.0 0.0341472520009 9965.852748 
32.0 651.0 0.0513600720013 9948.639928 
76.0 670.0 0.135618240003 9864.38176 
108.0 650.0 0.0238000000006 9976.2 
169.0 650.0 0.044462280001 9955.53772 
212.0 648.0 0.0365669600009 9963.43304 
252.0 662.0 0.411294056011 9588.70594399 
284.0 655.0 0.62628804801 9373.71195199 
335.0 654.0 1.03662339202 8963.37660798 
385.0 660.0 1.19700206002 8802.99793998 
438.0 648.0 0.999157888026 9000.84211197 
480.0 659.0 0.867074568019 9132.92543198 
531.0 668.0 0.320034048008 9679.96595199 
564.0 653.0 0.469838264012 9530.16173599 
620.0 658.0 1.11098297603 8889.01702397 
659.0 653.0 0.185279732004 9814.720268 
708.0 669.0 0.380888656009 9619.11134399 
751.0 650.0 0.120824560003 9879.17544 
806.0 666.0 0.0890837760008 9910.916224 
831.0 665.0 0.138645208003 9861.354792 
894.0 664.0 0.207630760006 9792.36923999 
923.0 661.0 0.152380400002 9847.6196 
973.0 666.0 0.107789500003 9892.2105 
22.0 695.0 0.0619431080016 9938.056892 
67.0 699.0 0.131496864003 9868.503136 
107.0 705.0 0.315661440008 9684.33855999 
151.0 709.0 0.336259296008 9663.74070399 
195.0 713.0 0.459157952011 9540.84204799 
250.0 695.0 0.582186864009 9417.81313599 
286.0 693.0 0.248865312006 9751.13468799 
347.0 707.0 0.600996584009 9399.00341599 
382.0 711.0 0.586001200014 9413.99879999 
432.0 709.0 0.429221648009 9570.77835199 
487.0 713.0 0.821776240003 9178.22376 
528.0 704.0 0.264304540007 9735.69545999 
564.0 697.0 0.227070688006 9772.92931199 
613.0 704.0 1.03671802002 8963.28197998 
651.0 709.0 1.23183604002 8768.16395998 
701.0 697.0 0.890313136007 9109.68686399 
751.0 711.0 0.460473984012 9539.52601599 
801.0 710.0 0.172844252004 9827.155748 
852.0 694.0 0.125316000003 9874.684 
875.0 698.0 0.0373200000009 9962.68 
938.0 711.0 0.130330800002 9869.6692 
966.0 710.0 0.0665120400012 9933.48796 
18.0 748.0 0.0465073480005 9953.492652 
71.0 760.0 0.0906001920012 9909.399808 
123.0 749.0 0.239712160004 9760.28784 
154.0 740.0 0.326176880008 9673.82311999 
200.0 747.0 0.157931752004 9842.068248 
241.0 748.0 0.350881760008 9649.11823999 
295.0 761.0 0.239781920003 9760.21808 
334.0 745.0 0.279079512007 9720.92048799 
380.0 755.0 0.354511280009 9645.48871999 
437.0 748.0 0.344458688007 9655.54131199 
482.0 759.0 0.377233316009 9622.76668399 
521.0 754.0 0.452195780009 9547.80421999 
576.0 746.0 0.316544700008 9683.45529999 
620.0 755.0 0.510261200007 9489.73879999 
664.0 740.0 0.857629240023 9142.37075998 
694.0 755.0 0.900681828015 9099.31817198 
748.0 742.0 0.772693380008 9227.30661999 
803.0 745.0 0.505781896009 9494.21810399 
849.0 746.0 0.302410888007 9697.58911199 
892.0 761.0 0.172293616004 9827.706384 
940.0 741.0 0.0683338240016 9931.666176 
977.0 760.0 0.043901760001 9956.09824 
26.0 786.0 0.044656024001 9955.343976 
69.0 801.0 0.129645528002 9870.354472 
103.0 800.0 0.245071360006 9754.92863999 
160.0 790.0 0.143170912003 9856.829088 
194.0 792.0 0.0900800000024 9909.92 
254.0 787.0 0.125886348003 9874.113652 
296.0 798.0 0.150837840003 9849.16216 
343.0 790.0 0.173247392004 9826.752608 
380.0 788.0 0.211101508004 9788.898492 
435.0 788.0 0.293886032007 9706.11396799 
474.0 797.0 0.165936192003 9834.063808 
523.0 805.0 0.279053980006 9720.94601999 
566.0 788.0 0.326640204007 9673.35979599 
621.0 803.0 0.411946640009 9588.05335999 
663.0 789.0 0.604103780015 9395.89621999 
693.0 798.0 0.233915928005 9766.08407199 
743.0 801.0 0.45385971201 9546.14028799 
799.0 791.0 0.102937600003 9897.0624 
833.0 786.0 0.197614588004 9802.385412 
875.0 786.0 0.225863104004 9774.136896 
924.0 794.0 0.169659608004 9830.340392 
969.0 800.0 0.0782081360015 9921.791864 
25.0 836.0 0.037310244001 9962.689756 
75.0 835.0 0.191190464003 9808.809536 
110.0 842.0 0.236800948005 9763.199052 
167.0 842.0 0.186257544003 9813.742456 
200.0 845.0 0.124842860003 9875.15714 
255.0 850.0 0.0329400000009 9967.06 
288.0 845.0 0.0247600000006 9975.24 
335.0 837.0 0.119887552001 9880.112448 
384.0 834.0 0.168215968004 9831.784032 
436.0 837.0 0.260228104007 9739.77189599 
468.0 839.0 0.123458400003 9876.5416 
520.0 851.0 0.135752500003 9864.2475 
570.0 834.0 0.229624192006 9770.37580799 
603.0 841.0 0.149567808004 9850.432192 
651.0 833.0 0.201353600005 9798.6464 
702.0 834.0 0.347592176007 9652.40782399 
757.0 844.0 0.317234220004 9682.76578 
797.0 835.0 0.141984596003 9858.015404 
852.0 833.0 0.112942320003 9887.05768 
894.0 835.0 0.135724848003 9864.275152 
937.0 831.0 0.0877353760019 9912.264624 
976.0 836.0 0.044223856001 9955.776144 
24.0 881.0 0.058649680001 9941.35032 
76.0 875.0 0.0895264760017 9910.473524 
121.0 893.0 0.110424080002 9889.57592 
148.0 893.0 0.0811220000011 9918.878 
193.0 893.0 0.174600288004 9825.399712 
242.0 891.0 0.0487000000013 9951.3 
303.0 890.0 0.0945820000019 9905.418 
329.0 889.0 0.138289600003 9861.7104 
387.0 893.0 0.164907440004 9835.09256 
433.0 890.0 0.211129824004 9788.870176 
477.0 876.0 0.169056600004 9830.9434 
531.0 876.0 0.131816500002 9868.1835 
574.0 896.0 0.0983816200012 9901.61838 
607.0 877.0 0.171607024003 9828.392976 
658.0 878.0 0.184366784004 9815.633216 
707.0 888.0 0.211222944002 9788.777056 
749.0 893.0 0.117993960003 9882.00604 
798.0 878.0 0.135785156003 9864.214844 
844.0 888.0 0.144175304001 9855.824696 
882.0 880.0 0.0782090160015 9921.790984 
925.0 882.0 0.0840581200018 9915.94188 
980.0 888.0 0.054232284001 9945.767716 
12.0 922.0 0.0362152000006 9963.7848 
64.0 941.0 0.0245600000006 9975.44 
108.0 928.0 0.0299842000006 9970.0158 
160.0 921.0 0.0986433440021 9901.356656 
210.0 922.0 0.121890260002 9878.10974 
256.0 928.0 0.0677615600017 9932.23844 
286.0 932.0 0.0811031120009 9918.896888 
329.0 941.0 0.117771968003 9882.228032 
388.0 936.0 0.0801924000022 9919.8076 
428.0 939.0 0.0777375680016 9922.262432 
467.0 930.0 0.148956544002 9851.043456 
515.0 928.0 0.148956544002 9851.043456 
579.0 936.0 0.0360575000007 9963.9425 
605.0 929.0 0.0749355840015 9925.064416 
655.0 926.0 0.116283896003 9883.716104 
713.0 926.0 0.142180480003 9857.81952 
747.0 940.0 0.0817708160008 9918.229184 
804.0 938.0 0.0872747280022 9912.725272 
846.0 940.0 0.0957708640018 9904.229136 
895.0 939.0 0.0329400000009 9967.06 
920.0 930.0 0.0525391680005 9947.460832 
967.0 933.0 0.0638908320017 9936.109168 
19.0 968.0 0.036217184001 9963.782816 
67.0 968.0 0.0264334079997 9973.566592 
107.0 983.0 0.0160800000004 9983.92 
163.0 979.0 0.0307531480007 9969.246852 
199.0 973.0 0.060826088001 9939.173912 
239.0 970.0 0.061403940001 9938.59606 
301.0 981.0 0.0286605920006 9971.339408 
338.0 980.0 0.0367682560005 9963.231744 
395.0 984.0 0.0461530400009 9953.84696 
437.0 972.0 0.0889033920023 9911.096608 
476.0 977.0 0.0926267600017 9907.37324 
513.0 985.0 0.0364676880006 9963.532312 
557.0 973.0 0.00808000000021 9991.92 
624.0 969.0 0.0516803520011 9948.319648 
668.0 983.0 0.0669472080009 9933.052792 
702.0 986.0 0.0259645800001 9974.03542 
745.0 977.0 0.0440035280012 9955.996472 
791.0 966.0 0.0457469600007 9954.25304 
851.0 985.0 0.0446102000011 9955.3898 
876.0 974.0 0.0530269760009 9946.973024 
932.0 982.0 0.0545218800009 9945.47812 
980.0 978.0 0.0355850880003 9964.414912 
804.0 236.0 0.293819520007 9706.18047999 
787.0 883.0 0.204325800002 9795.6742 
878.0 530.0 0.281878800007 9718.12119999 
924.0 481.0 0.0370016000009 9962.9984 
265.0 169.0 0.390653664008 9609.34633599 
424.0 345.0 1.69678792004 8303.21207996 
527.0 997.0 0.0363652160007 9963.634784 
864.0 263.0 0.154344680004 9845.65532 
901.0 351.0 0.104588800002 9895.4112 
42.0 582.0 0.049620400001 9950.3796 
662.0 202.0 0.588652672012 9411.34732799 
473.0 614.0 1.32412056002 8675.87943998 
291.0 705.0 0.572754000011 9427.24599999 
501.0 111.0 0.114713040003 9885.28696 
487.0 760.0 0.514027416013 9485.97258399 
0.0 34.0 0.0257928560006 9974.207144 
