1000.0 0.0
51.0 33.0 0.0635268000009 9936.4732 
115.0 50.0 0.133805728003 9866.194272 
178.0 28.0 0.133805728003 9866.194272 
274.0 23.0 0.0288986040008 9971.101396 
325.0 27.0 0.0600695920002 9939.930408 
382.0 30.0 0.0910983200003 9908.90168 
441.0 28.0 0.135161920001 9864.83808 
507.0 27.0 0.0927804480026 9907.219552 
555.0 27.0 0.0410600000011 9958.94 
639.0 43.0 0.0324600000009 9967.54 
714.0 56.0 0.253538260006 9746.46173999 
779.0 42.0 0.201845504004 9798.154496 
825.0 11.0 0.201845504004 9798.154496 
914.0 30.0 0.0867138560008 9913.286144 
966.0 25.0 0.0686948640012 9931.305136 
49.0 118.0 0.00848000000022 9991.52 
125.0 106.0 0.187597132004 9812.402868 
175.0 119.0 0.227621380001 9772.37862 
254.0 109.0 0.121060000003 9878.94 
297.0 108.0 0.129740000003 9870.26 
372.0 103.0 0.00852000000022 9991.48 
450.0 94.0 0.0649487040015 9935.051296 
519.0 100.0 0.0996146560014 9900.385344 
582.0 92.0 0.095688760001 9904.31124 
649.0 96.0 0.125376400001 9874.6236 
689.0 106.0 0.207180000001 9792.82 
769.0 102.0 0.0235759679999 9976.424032 
831.0 82.0 0.0817400000021 9918.26 
914.0 98.0 0.0642067200002 9935.79328 
964.0 94.0 0.00774000000021 9992.26 
40.0 171.0 0.0216414400001 9978.35856 
110.0 167.0 0.0710578160013 9928.942184 
184.0 169.0 0.319742192006 9680.25780799 
249.0 172.0 0.423810000011 9576.18999999 
299.0 172.0 0.36558680001 9634.41319999 
375.0 143.0 0.0130475280002 9986.952472 
424.0 159.0 0.00852000000022 9991.48 
495.0 148.0 0.0715364680014 9928.463532 
556.0 152.0 0.0743895200018 9925.61048 
623.0 143.0 0.0474400000013 9952.56 
706.0 164.0 0.0943079600013 9905.69204 
767.0 154.0 0.0228265919999 9977.173408 
829.0 162.0 0.00812000000021 9991.88 
904.0 163.0 0.0396568000007 9960.3432 
967.0 159.0 0.0226142320003 9977.385768 
42.0 233.0 0.0359056800009 9964.09432 
90.0 227.0 0.0319200000008 9968.08 
163.0 237.0 0.0238200000006 9976.18 
248.0 232.0 0.221876808004 9778.123192 
314.0 213.0 0.160609680004 9839.39032 
374.0 212.0 0.0617179880011 9938.282012 
428.0 241.0 0.136791680003 9863.20832 
496.0 237.0 0.0975800000026 9902.42 
576.0 228.0 0.0889200000023 9911.08 
651.0 219.0 0.0889200000023 9911.08 
699.0 211.0 0.045220536001 9954.779464 
761.0 239.0 0.0981739360027 9901.826064 
845.0 235.0 0.135858104003 9864.141896 
898.0 235.0 0.105020000003 9894.98 
958.0 213.0 0.105020000003 9894.98 
53.0 285.0 0.0542029800004 9945.79702 
102.0 289.0 0.054463944001 9945.536056 
166.0 298.0 0.095009132002 9904.990868 
233.0 280.0 0.111955252001 9888.044748 
316.0 285.0 0.0604045120011 9939.595488 
368.0 295.0 0.188692192001 9811.307808 
427.0 309.0 0.255754320004 9744.24568 
488.0 276.0 0.321105240005 9678.89475999 
557.0 296.0 0.129457160003 9870.54284 
631.0 295.0 0.0572400000015 9942.76 
719.0 279.0 0.028624408 9971.375592 
772.0 296.0 0.135538720003 9864.46128 
831.0 288.0 0.200383672004 9799.616328 
898.0 300.0 0.130685299999 9869.3147 
957.0 287.0 0.0575400000015 9942.46 
46.0 348.0 0.0293680800007 9970.63192 
119.0 366.0 0.0167000000004 9983.3 
157.0 360.0 0.0628086000015 9937.1914 
237.0 350.0 0.0320422080002 9967.957792 
302.0 361.0 0.0545121280008 9945.487872 
359.0 348.0 0.124579680001 9875.42032 
434.0 356.0 0.0759437680019 9924.056232 
508.0 354.0 0.0943023400003 9905.69766 
577.0 356.0 0.159643276003 9840.356724 
645.0 349.0 0.153156800004 9846.8432 
709.0 347.0 0.0572400000015 9942.76 
780.0 368.0 0.0580047360013 9941.995264 
831.0 344.0 0.0887240320011 9911.275968 
914.0 355.0 0.0705246080014 9929.475392 
965.0 346.0 0.0228792000005 9977.1208 
61.0 420.0 0.0266145200004 9973.38548 
93.0 411.0 0.0654483000005 9934.5517 
161.0 422.0 0.0678812760013 9932.118724 
221.0 433.0 0.0414200000011 9958.58 
317.0 432.0 0.108509772 9891.490228 
358.0 436.0 0.133741120001 9866.25888 
424.0 428.0 0.0492000000013 9950.8 
518.0 415.0 0.0593943600006 9940.60564 
560.0 428.0 0.0317000000008 9968.3 
645.0 416.0 0.0818092560017 9918.190744 
688.0 440.0 0.0409000000011 9959.1 
773.0 413.0 0.0265075920006 9973.492408 
848.0 441.0 0.00866000000023 9991.34 
917.0 429.0 0.00820000000022 9991.8 
960.0 440.0 0.0276908000003 9972.3092 
34.0 500.0 0.00806000000021 9991.94 
94.0 488.0 0.0077000000002 9992.3 
166.0 503.0 0.048542088001 9951.457912 
227.0 479.0 0.0632648000017 9936.7352 
291.0 477.0 0.0866932920012 9913.306708 
366.0 506.0 0.115533200001 9884.4668 
430.0 476.0 0.0125073600003 9987.49264 
520.0 507.0 0.0125073600003 9987.49264 
575.0 479.0 0.0412466800006 9958.75332 
624.0 497.0 0.0647987680014 9935.201232 
693.0 502.0 0.081555643999 9918.444356 
766.0 496.0 0.00814000000021 9991.86 
840.0 490.0 0.0233403839999 9976.659616 
902.0 498.0 0.00824000000022 9991.76 
971.0 483.0 0.0448977640007 9955.102236 
47.0 564.0 0.0149351800002 9985.06482 
103.0 546.0 0.0300817000005 9969.9183 
167.0 549.0 0.0470102320009 9952.989768 
232.0 568.0 0.0242400000006 9975.76 
314.0 553.0 0.0535236400009 9946.47636 
365.0 570.0 0.154041820003 9845.95818 
423.0 548.0 0.00964090000001 9990.3591 
506.0 570.0 0.0166000000004 9983.4 
581.0 543.0 0.0303650880006 9969.634912 
653.0 565.0 0.0307417280001 9969.258272 
718.0 567.0 0.0714296000009 9928.5704 
781.0 552.0 0.0136117080002 9986.388292 
838.0 557.0 0.00814000000021 9991.86 
920.0 570.0 0.0166800000004 9983.32 
960.0 569.0 0.00812000000021 9991.88 
41.0 632.0 0.0717876400017 9928.21236 
104.0 642.0 0.0626926400006 9937.30736 
157.0 625.0 0.0241600000006 9975.84 
238.0 618.0 0.012328896 9987.671104 
305.0 612.0 0.012328896 9987.671104 
378.0 617.0 0.0912583040005 9908.741696 
448.0 620.0 0.0289132880008 9971.086712 
501.0 618.0 0.0322122800003 9967.78772 
571.0 610.0 0.0322122800003 9967.78772 
649.0 628.0 0.0331291360005 9966.870864 
715.0 628.0 0.0330718200009 9966.92818 
762.0 636.0 0.0253000000007 9974.7 
843.0 636.0 0.00822000000022 9991.78 
896.0 626.0 0.0149149439997 9985.085056 
975.0 611.0 0.0113501359999 9988.649864 
45.0 695.0 0.100305120003 9899.69488 
91.0 695.0 0.0496600000013 9950.34 
160.0 680.0 0.0548602880005 9945.139712 
242.0 688.0 0.0150126000002 9984.9874 
311.0 696.0 0.0076400000002 9992.36 
370.0 685.0 0.0623353280011 9937.664672 
424.0 700.0 0.0157800000004 9984.22 
520.0 700.0 0.0593600000016 9940.64 
569.0 697.0 0.00884000000023 9991.16 
620.0 694.0 0.00884000000023 9991.16 
697.0 693.0 0.0167800000004 9983.22 
785.0 690.0 0.0227454000001 9977.2546 
848.0 697.0 0.0868984240018 9913.101576 
912.0 704.0 0.0721400000019 9927.86 
980.0 700.0 0.0721400000019 9927.86 
53.0 762.0 0.129962980001 9870.03702 
102.0 759.0 0.156846560004 9843.15344 
170.0 775.0 0.326591072003 9673.408928 
227.0 749.0 0.271999528002 9728.000472 
289.0 766.0 0.107220000003 9892.78 
367.0 744.0 0.0292281600007 9970.77184 
448.0 773.0 0.119109472001 9880.890528 
490.0 761.0 0.194862096004 9805.137904 
576.0 747.0 0.0172291599998 9982.77084 
647.0 760.0 0.0288010800003 9971.19892 
689.0 745.0 0.0346694080001 9965.330592 
755.0 767.0 0.0404400000011 9959.56 
829.0 747.0 0.0756377000015 9924.3623 
907.0 753.0 0.161316000002 9838.684 
963.0 758.0 0.101081752003 9898.918248 
41.0 821.0 0.0925365000011 9907.4635 
114.0 840.0 0.0700589840015 9929.941016 
164.0 813.0 0.227000320004 9772.99968 
230.0 809.0 0.346498236005 9653.50176399 
295.0 814.0 0.127029520003 9872.97048 
368.0 836.0 0.0325400000009 9967.46 
436.0 834.0 0.0705862800004 9929.41372 
491.0 841.0 0.046631820001 9953.36818 
573.0 822.0 0.240105664004 9759.894336 
639.0 822.0 0.161698160005 9838.30184 
692.0 833.0 0.0821800000022 9917.82 
784.0 817.0 0.0628096120013 9937.190388 
838.0 833.0 0.0541324480012 9945.867552 
902.0 817.0 0.0845685240015 9915.431476 
976.0 819.0 0.059345760001 9940.65424 
39.0 882.0 0.0703372000014 9929.6628 
100.0 900.0 0.0967590800021 9903.24092 
168.0 899.0 0.0788612000016 9921.1388 
224.0 891.0 0.0788612000016 9921.1388 
295.0 900.0 0.0610327000001 9938.9673 
381.0 878.0 0.0198783680004 9980.121632 
430.0 893.0 0.038671608001 9961.328392 
508.0 909.0 0.0849644800012 9915.03552 
562.0 886.0 0.189870224001 9810.129776 
621.0 879.0 0.189870224001 9810.129776 
714.0 893.0 0.0384152159995 9961.584784 
784.0 884.0 0.0777134160013 9922.286584 
827.0 895.0 0.0527933440005 9947.206656 
887.0 889.0 0.0408400000011 9959.16 
973.0 879.0 0.0408400000011 9959.16 
39.0 945.0 0.0315202920004 9968.479708 
87.0 976.0 0.00834000000022 9991.66 
189.0 947.0 0.0369080800004 9963.09192 
260.0 969.0 0.0369080800004 9963.09192 
304.0 968.0 0.0313432800004 9968.65672 
363.0 964.0 0.01447768 9985.52232 
424.0 972.0 0.00824000000022 9991.76 
516.0 959.0 0.0370229120006 9962.977088 
584.0 963.0 0.0562948080014 9943.705192 
623.0 973.0 0.047953316001 9952.046684 
723.0 937.0 0.0358559480004 9964.144052 
765.0 941.0 0.0371994000004 9962.8006 
838.0 956.0 0.0316221360008 9968.377864 
913.0 953.0 0.0638310079997 9936.168992 
970.0 970.0 0.0604138800011 9939.58612 
972.0 541.0 0.0300120600006 9969.98794 
995.0 870.0 0.0284681120006 9971.531888 
805.0 485.0 0.0234556200002 9976.54438 
150.0 933.0 0.0808764000022 9919.1236 
767.0 230.0 0.0813383800018 9918.66162 
76.0 42.0 0.0505438400012 9949.45616 
521.0 433.0 0.0240554840005 9975.944516 
622.0 381.0 0.108829040003 9891.17096 
148.0 869.0 0.191340000001 9808.66 
557.0 283.0 0.230356624001 9769.643376 
416.0 522.0 0.0569200000015 9943.08 
910.0 971.0 0.0305088520004 9969.491148 
619.0 912.0 0.110579400002 9889.4206 
794.0 254.0 0.205191504005 9794.808496 
332.0 385.0 0.124972512003 9875.027488 
110.0 107.0 0.177449632004 9822.550368 
484.0 697.0 0.12599296 9874.00704 
510.0 793.0 0.164392864004 9835.607136 
731.0 244.0 0.0951494360023 9904.850564 
99.0 38.0 0.0579200000013 9942.08 
965.0 422.0 0.0162600000004 9983.74 
311.0 837.0 0.0634990000001 9936.501 
874.0 747.0 0.169937712 9830.062288 
505.0 196.0 0.0248894400003 9975.11056 
127.0 808.0 0.199110768004 9800.889232 
