1000.0 0.0
47.0 28.0 0.0126479999997 9987.352 
93.0 46.0 0.0167600000004 9983.24 
181.0 27.0 0.0313868800006 9968.61312 
240.0 34.0 0.0856312160014 9914.368784 
275.0 27.0 0.118202724001 9881.797276 
330.0 21.0 0.0484200000013 9951.58 
392.0 42.0 0.0208611520006 9979.138848 
446.0 52.0 0.00786000000021 9992.14 
526.0 39.0 0.0112400320003 9988.759968 
572.0 43.0 0.0245400000006 9975.46 
640.0 52.0 0.0438210400008 9956.17896 
691.0 26.0 0.0576395600012 9942.36044 
749.0 27.0 0.0854969440024 9914.503056 
801.0 45.0 0.122727192003 9877.272808 
856.0 36.0 0.166973152003 9833.026848 
906.0 42.0 0.220431648002 9779.568352 
963.0 37.0 0.155301631999 9844.698368 
37.0 106.0 0.00832000000022 9991.68 
91.0 90.0 0.0194248800005 9980.57512 
165.0 96.0 0.0194248800005 9980.57512 
238.0 86.0 0.0576815000013 9942.3185 
278.0 85.0 0.118944212003 9881.055788 
340.0 99.0 0.118944212003 9881.055788 
389.0 92.0 0.0203491200002 9979.65088 
437.0 108.0 0.0251800000007 9974.82 
511.0 89.0 0.0536409400009 9946.35906 
559.0 98.0 0.0355224080004 9964.477592 
635.0 109.0 0.101803872002 9898.196128 
688.0 81.0 0.0439762240007 9956.023776 
729.0 96.0 0.0309400000008 9969.06 
794.0 104.0 0.0656000000017 9934.4 
858.0 79.0 0.058241032001 9941.758968 
919.0 79.0 0.0845257280019 9915.474272 
957.0 81.0 0.0322800000009 9967.72 
39.0 156.0 0.0124866560003 9987.513344 
101.0 137.0 0.0360569200004 9963.94308 
149.0 146.0 0.058212520001 9941.78748 
219.0 141.0 0.0374244800005 9962.57552 
275.0 143.0 0.0910488000015 9908.9512 
331.0 143.0 0.0557254039995 9944.274596 
381.0 160.0 0.0417800000011 9958.22 
443.0 156.0 0.0618378800006 9938.16212 
500.0 142.0 0.120321256003 9879.678744 
551.0 146.0 0.180413584002 9819.586416 
607.0 160.0 0.196997200004 9803.0028 
676.0 133.0 0.0501687600009 9949.83124 
729.0 142.0 0.0980775000014 9901.9225 
784.0 152.0 0.15448048 9845.51952 
855.0 152.0 0.0311800000008 9968.82 
925.0 133.0 0.0448441600008 9955.15584 
984.0 134.0 0.0437123600007 9956.28764 
20.0 216.0 0.0292432120004 9970.756788 
112.0 200.0 0.0292432120004 9970.756788 
168.0 198.0 0.0803198680007 9919.680132 
206.0 205.0 0.116611040001 9883.38896 
258.0 221.0 0.142414200003 9857.5858 
334.0 224.0 0.0296526880002 9970.347312 
382.0 202.0 0.0308398000004 9969.1602 
444.0 200.0 0.0286019080005 9971.398092 
505.0 201.0 0.0600162240015 9939.983776 
545.0 199.0 0.0824753800018 9917.52462 
617.0 193.0 0.138002160003 9861.99784 
676.0 200.0 0.0743000000019 9925.7 
720.0 194.0 0.0743000000019 9925.7 
780.0 203.0 0.171260928005 9828.739072 
857.0 208.0 0.0609291200002 9939.07088 
905.0 194.0 0.0162000000004 9983.8 
984.0 191.0 0.0298263360005 9970.173664 
33.0 268.0 0.0341076599996 9965.89234 
87.0 263.0 0.0246600000006 9975.34 
153.0 262.0 0.0246600000006 9975.34 
217.0 276.0 0.170561216003 9829.438784 
277.0 268.0 0.170561216003 9829.438784 
327.0 274.0 0.235241832006 9764.75816799 
372.0 277.0 0.204981872002 9795.018128 
427.0 274.0 0.0900200000024 9909.98 
495.0 256.0 0.0207694679999 9979.230532 
544.0 270.0 0.00822000000022 9991.78 
613.0 276.0 0.00822000000022 9991.78 
680.0 275.0 0.00828000000022 9991.72 
722.0 271.0 0.00828000000022 9991.72 
788.0 260.0 0.123203116 9876.796884 
863.0 264.0 0.0718736320006 9928.126368 
908.0 250.0 0.0493098000001 9950.6902 
950.0 272.0 0.0272749440003 9972.725056 
43.0 337.0 0.0272749440003 9972.725056 
98.0 313.0 0.0544555600008 9945.54444 
149.0 315.0 0.0939558640026 9906.044136 
196.0 312.0 0.0417400000011 9958.26 
261.0 334.0 0.0160400000004 9983.96 
322.0 328.0 0.0862365480022 9913.763452 
374.0 311.0 0.167189440003 9832.81056 
441.0 314.0 0.0197264160003 9980.273584 
509.0 334.0 0.0167800000004 9983.22 
574.0 339.0 0.0118532400003 9988.14676 
611.0 310.0 0.00822000000022 9991.78 
685.0 331.0 0.0135146160003 9986.485384 
731.0 331.0 0.0168000000004 9983.2 
797.0 319.0 0.094017968001 9905.982032 
860.0 321.0 0.0691512560012 9930.848744 
910.0 336.0 0.0961953920023 9903.804608 
952.0 338.0 0.0492600000013 9950.74 
28.0 377.0 0.0300807680007 9969.919232 
84.0 393.0 0.0602345400006 9939.76546 
135.0 371.0 0.100586576001 9899.413424 
212.0 393.0 0.0286178800002 9971.38212 
263.0 381.0 0.0825200400019 9917.47996 
316.0 395.0 0.118425344001 9881.574656 
371.0 396.0 0.0568800000015 9943.12 
454.0 370.0 0.0363821440003 9963.617856 
492.0 380.0 0.04161118 9958.38882 
565.0 390.0 0.0948278400018 9905.17216 
621.0 378.0 0.0951845680014 9904.815432 
672.0 394.0 0.0476600000013 9952.34 
746.0 370.0 0.0296266400006 9970.37336 
795.0 373.0 0.0607680000008 9939.232 
841.0 390.0 0.0170000000004 9983.0 
903.0 381.0 0.112420552002 9887.579448 
972.0 383.0 0.0119393999996 9988.0606 
24.0 456.0 0.0160200000004 9983.98 
75.0 445.0 0.0316200000008 9968.38 
146.0 445.0 0.0136470879998 9986.352912 
201.0 429.0 0.00824000000022 9991.76 
258.0 450.0 0.00784000000021 9992.16 
323.0 451.0 0.104182660003 9895.81734 
374.0 437.0 0.0109180800003 9989.08192 
445.0 450.0 0.0109180800003 9989.08192 
505.0 435.0 0.0434618320005 9956.538168 
549.0 446.0 0.0906759040022 9909.324096 
622.0 430.0 0.0607585000012 9939.2415 
677.0 434.0 0.0271105000005 9972.8895 
727.0 434.0 0.0440456120008 9955.954388 
769.0 441.0 0.0585777199995 9941.42228 
828.0 443.0 0.0329600000009 9967.04 
919.0 426.0 0.0857302560018 9914.269744 
968.0 447.0 0.0594463840008 9940.553616 
26.0 492.0 0.0666110720003 9933.388928 
84.0 494.0 0.115824308002 9884.175692 
140.0 503.0 0.100860896002 9899.139104 
191.0 504.0 0.0563000000015 9943.7 
267.0 509.0 0.0134252159999 9986.574784 
326.0 500.0 0.0556741600012 9944.32584 
401.0 509.0 0.0111502200004 9988.84978 
440.0 495.0 0.0251400000007 9974.86 
508.0 508.0 0.0641617840017 9935.838216 
553.0 500.0 0.136728784003 9863.271216 
611.0 497.0 0.098963584003 9901.036416 
665.0 507.0 0.0577800000015 9942.22 
732.0 508.0 0.0335800000009 9966.42 
781.0 491.0 0.0450986720006 9954.901328 
831.0 485.0 0.0190477200003 9980.95228 
879.0 482.0 0.00820000000022 9991.8 
974.0 505.0 0.0306704000008 9969.3296 
35.0 548.0 0.0294630120005 9970.536988 
101.0 548.0 0.0440916000009 9955.9084 
144.0 546.0 0.0687059520016 9931.294048 
194.0 560.0 0.0342217399997 9965.77826 
269.0 569.0 0.100124832 9899.875168 
328.0 544.0 0.0269284800007 9973.07152 
395.0 565.0 0.0296819200002 9970.31808 
445.0 553.0 0.0446941520007 9955.305848 
492.0 560.0 0.0459196800007 9954.08032 
555.0 551.0 0.0458772400005 9954.12276 
628.0 573.0 0.0284257000007 9971.5743 
667.0 553.0 0.074163840002 9925.83616 
726.0 560.0 0.0937218400013 9906.27816 
806.0 564.0 0.0937218400013 9906.27816 
848.0 562.0 0.0507200000013 9949.28 
908.0 553.0 0.0577200000015 9942.28 
963.0 566.0 0.0351290960004 9964.870904 
48.0 631.0 0.0384461600007 9961.55384 
98.0 607.0 0.0305335000002 9969.4665 
135.0 623.0 0.0650600000017 9934.94 
200.0 625.0 0.0650630720007 9934.936928 
252.0 615.0 0.113111740001 9886.88826 
312.0 606.0 0.0493600000013 9950.64 
386.0 622.0 0.0493600000013 9950.64 
448.0 615.0 0.0109958400002 9989.00416 
486.0 629.0 0.0405600000011 9959.44 
574.0 635.0 0.0570693200005 9942.93068 
629.0 638.0 0.0327200000009 9967.28 
690.0 605.0 0.0728327120012 9927.167288 
745.0 614.0 0.0977888720021 9902.211128 
798.0 624.0 0.137029920001 9862.97008 
852.0 617.0 0.109862532002 9890.137468 
915.0 613.0 0.076026088002 9923.973912 
960.0 627.0 0.106643360003 9893.35664 
51.0 664.0 0.0603924360013 9939.607564 
94.0 676.0 0.136070620002 9863.92938 
136.0 677.0 0.116986552 9883.013448 
211.0 679.0 0.0283777200004 9971.62228 
256.0 674.0 0.0460672240005 9953.932776 
321.0 663.0 0.0137278400002 9986.27216 
368.0 677.0 0.0168800000004 9983.12 
452.0 676.0 0.0565650800009 9943.43492 
492.0 675.0 0.0119009280001 9988.099072 
577.0 684.0 0.0586229200013 9941.37708 
642.0 686.0 0.0116877720002 9988.312228 
686.0 684.0 0.0783513120002 9921.648688 
745.0 675.0 0.0318800000008 9968.12 
783.0 672.0 0.0457574440008 9954.242556 
866.0 685.0 0.0296356240006 9970.364376 
911.0 683.0 0.0174000000005 9982.6 
971.0 670.0 0.0551743200005 9944.82568 
35.0 738.0 0.0557869600001 9944.21304 
79.0 727.0 0.0955691360017 9904.430864 
153.0 735.0 0.01255308 9987.44692 
199.0 742.0 0.0174200000005 9982.58 
291.0 743.0 0.0366264200004 9963.37358 
336.0 747.0 0.0333200000009 9966.68 
388.0 729.0 0.014003712 9985.996288 
444.0 725.0 0.044531900001 9955.4681 
488.0 721.0 0.0458731560005 9954.126844 
574.0 729.0 0.0289333920008 9971.066608 
633.0 743.0 0.0382863200003 9961.71368 
691.0 732.0 0.0825274080014 9917.472592 
740.0 727.0 0.0293607800005 9970.63922 
793.0 743.0 0.0358392800008 9964.16072 
852.0 746.0 0.0247000000006 9975.3 
914.0 735.0 0.0213314720002 9978.668528 
956.0 724.0 0.0378302160003 9962.169784 
37.0 791.0 0.0450382960012 9954.961704 
81.0 799.0 0.0241600000006 9975.84 
156.0 801.0 0.0493600000013 9950.64 
200.0 800.0 0.0144881800002 9985.51182 
285.0 805.0 0.0305419720008 9969.458028 
324.0 787.0 0.0591767359999 9940.823264 
387.0 795.0 0.010810852 9989.189148 
432.0 807.0 0.0155800000004 9984.42 
528.0 804.0 0.0242800000006 9975.72 
596.0 789.0 0.0448063200006 9955.19368 
635.0 806.0 0.0417800000011 9958.22 
692.0 785.0 0.043280120001 9956.71988 
749.0 798.0 0.0264649640003 9973.535036 
792.0 798.0 0.0239000000006 9976.1 
847.0 790.0 0.011610948 9988.389052 
906.0 790.0 0.0166400000004 9983.36 
965.0 802.0 0.0165600000004 9983.44 
25.0 846.0 0.0165600000004 9983.44 
95.0 865.0 0.104392480002 9895.60752 
139.0 848.0 0.115040256 9884.959744 
197.0 856.0 0.0581200000015 9941.88 
265.0 852.0 0.0581200000015 9941.88 
329.0 840.0 0.0602096080007 9939.790392 
370.0 842.0 0.0170600000004 9982.94 
446.0 853.0 0.0117576960002 9988.242304 
535.0 852.0 0.0192883240002 9980.711676 
575.0 840.0 0.069291220001 9930.70878 
632.0 836.0 0.0728957560009 9927.104244 
690.0 836.0 0.0500200000013 9949.98 
752.0 838.0 0.0290200000008 9970.98 
797.0 855.0 0.020775056 9979.224944 
855.0 865.0 0.0329000000009 9967.1 
924.0 847.0 0.0307911800005 9969.20882 
962.0 859.0 0.0440504959998 9955.949504 
31.0 908.0 0.0659582000005 9934.0418 
78.0 904.0 0.130564768003 9869.435232 
137.0 905.0 0.158507612002 9841.492388 
213.0 906.0 0.013588512 9986.411488 
250.0 920.0 0.0163600000004 9983.64 
316.0 920.0 0.0300495200003 9969.95048 
385.0 902.0 0.0286619200004 9971.33808 
439.0 904.0 0.0331531600006 9966.84684 
492.0 905.0 0.0408000000011 9959.2 
579.0 885.0 0.0441272400006 9955.87276 
624.0 889.0 0.0795891800018 9920.41082 
671.0 891.0 0.0444415200003 9955.55848 
738.0 901.0 0.00872000000023 9991.28 
789.0 898.0 0.00872000000023 9991.28 
864.0 905.0 0.0307750559997 9969.224944 
900.0 903.0 0.0140585399998 9985.94146 
965.0 912.0 0.0296942400005 9970.30576 
46.0 963.0 0.0309830000002 9969.017 
88.0 956.0 0.0460434240007 9953.956576 
165.0 960.0 0.0110939999998 9988.906 
202.0 969.0 0.00860000000022 9991.4 
257.0 966.0 0.0189908000003 9981.0092 
310.0 985.0 0.0162459400002 9983.75406 
361.0 949.0 0.0363965520003 9963.603448 
419.0 956.0 0.0165200000004 9983.48 
494.0 958.0 0.0291545560008 9970.845444 
534.0 957.0 0.0250537600003 9974.94624 
602.0 953.0 0.0250537600003 9974.94624 
655.0 939.0 0.0374496000006 9962.5504 
743.0 960.0 0.0148344640002 9985.165536 
781.0 964.0 0.00872000000023 9991.28 
857.0 963.0 0.0395509720007 9960.449028 
909.0 972.0 0.0223357119999 9977.664288 
959.0 950.0 0.00884000000023 9991.16 
835.0 208.0 0.0788566080014 9921.143392 
757.0 610.0 0.0893052880019 9910.694712 
86.0 807.0 0.0327683600012 9967.23164 
301.0 969.0 0.0157000000004 9984.3 
269.0 115.0 0.0645189680011 9935.481032 
854.0 601.0 0.0533544440014 9946.645556 
821.0 663.0 0.0655260000016 9934.474 
526.0 953.0 0.0444395200004 9955.56048 
922.0 585.0 0.0846572000026 9915.3428 
644.0 161.0 0.173183460001 9826.81654 
989.0 581.0 0.0261212440004 9973.878756 
