1000.0 0.0
40.0 34.0 0.0578810840004 9942.118916 
92.0 19.0 0.0903047480005 9909.695252 
151.0 19.0 0.137719100003 9862.2809 
192.0 41.0 0.179779392005 9820.220608 
245.0 39.0 0.104058848002 9895.941152 
299.0 39.0 0.0167600000004 9983.24 
365.0 34.0 0.0347703840008 9965.229616 
422.0 24.0 0.0160800000004 9983.92 
461.0 19.0 0.0385547960007 9961.445204 
523.0 26.0 0.144556400003 9855.4436 
576.0 30.0 0.129385072 9870.614928 
631.0 14.0 0.0485600000013 9951.44 
703.0 37.0 0.088423712002 9911.576288 
758.0 24.0 0.0623360640013 9937.663936 
794.0 24.0 0.0414600000011 9958.54 
871.0 20.0 0.0139312560004 9986.068744 
928.0 35.0 0.0903000000024 9909.7 
977.0 14.0 0.00927450000001 9990.7255 
26.0 89.0 0.0373336000006 9962.6664 
86.0 86.0 0.0285372600003 9971.46274 
129.0 86.0 0.0550831800008 9944.91682 
189.0 71.0 0.162471516002 9837.528484 
236.0 71.0 0.310225160007 9689.77483999 
293.0 80.0 0.236453280003 9763.54672 
367.0 83.0 0.0278095200002 9972.19048 
416.0 73.0 0.0360544000007 9963.9456 
468.0 77.0 0.0898510400003 9910.14896 
527.0 79.0 0.115773800002 9884.2262 
596.0 95.0 0.0804600080019 9919.539992 
635.0 96.0 0.160131988004 9839.868012 
685.0 85.0 0.151104000001 9848.896 
759.0 70.0 0.0517841600009 9948.21584 
793.0 72.0 0.0695434400012 9930.45656 
869.0 83.0 0.116371200003 9883.6288 
922.0 87.0 0.200599840003 9799.40016 
979.0 97.0 0.0820800000022 9917.92 
37.0 139.0 0.0277540800007 9972.24592 
81.0 145.0 0.0249600000007 9975.04 
144.0 130.0 0.0166200000004 9983.38 
204.0 129.0 0.0437087800011 9956.29122 
245.0 137.0 0.00822000000022 9991.78 
309.0 133.0 0.0905600000024 9909.44 
368.0 151.0 0.211125120002 9788.87488 
415.0 140.0 0.183573 9816.427 
472.0 139.0 0.0724200000019 9927.58 
534.0 146.0 0.0163000000004 9983.7 
575.0 138.0 0.0286881200004 9971.31188 
636.0 126.0 0.0886817680021 9911.318232 
686.0 127.0 0.123562180003 9876.43782 
727.0 119.0 0.0585000000015 9941.5 
798.0 128.0 0.038358752001 9961.641248 
869.0 135.0 0.0866368000021 9913.3632 
913.0 145.0 0.236134340003 9763.86566 
970.0 151.0 0.0652400000017 9934.76 
39.0 197.0 0.0440430400007 9955.95696 
75.0 189.0 0.0593527600013 9940.64724 
128.0 203.0 0.0660716000015 9933.9284 
187.0 206.0 0.0651600000017 9934.84 
247.0 204.0 0.0454672160006 9954.532784 
301.0 205.0 0.108399920001 9891.60008 
348.0 194.0 0.166801324 9833.198676 
407.0 188.0 0.140175136004 9859.824864 
465.0 206.0 0.0545311360012 9945.468864 
522.0 188.0 0.0354168600007 9964.58314 
578.0 203.0 0.0651000000017 9934.9 
678.0 192.0 0.00954821999999 9990.45178 
711.0 196.0 0.0161400000004 9983.86 
760.0 189.0 0.0122626799998 9987.73732 
806.0 206.0 0.00828000000022 9991.72 
862.0 205.0 0.00828000000022 9991.72 
906.0 202.0 0.179539128004 9820.460872 
975.0 203.0 0.0126446439998 9987.355356 
28.0 241.0 0.0216837000003 9978.3163 
78.0 260.0 0.0245600000006 9975.44 
146.0 244.0 0.0780785520016 9921.921448 
199.0 251.0 0.0912484480008 9908.751552 
259.0 245.0 0.0543642400008 9945.63576 
304.0 250.0 0.0844176880022 9915.582312 
353.0 244.0 0.0809111000015 9919.0889 
436.0 261.0 0.0548304800003 9945.16952 
476.0 239.0 0.0916274080008 9908.372592 
521.0 253.0 0.135738280003 9864.26172 
579.0 252.0 0.113163520003 9886.83648 
644.0 255.0 0.01058292 9989.41708 
682.0 258.0 0.0324200000009 9967.58 
745.0 245.0 0.0784352000016 9921.5648 
800.0 250.0 0.164456 9835.544 
857.0 251.0 0.0733600000019 9926.64 
921.0 241.0 0.137388312002 9862.611688 
969.0 263.0 0.117465408001 9882.534592 
40.0 302.0 0.0257643520007 9974.235648 
70.0 319.0 0.0759065400018 9924.09346 
143.0 312.0 0.0864359600023 9913.56404 
199.0 308.0 0.135458400003 9864.5416 
259.0 309.0 0.117677792003 9882.322208 
311.0 307.0 0.0585133200016 9941.48668 
358.0 310.0 0.0237000000006 9976.3 
406.0 303.0 0.0280251840007 9971.974816 
493.0 307.0 0.0280251840007 9971.974816 
536.0 292.0 0.103984688002 9896.015312 
574.0 314.0 0.153139336003 9846.860664 
631.0 306.0 0.204912800005 9795.08719999 
686.0 304.0 0.239540016005 9760.45998399 
736.0 296.0 0.119337880003 9880.66212 
795.0 299.0 0.138547968001 9861.452032 
865.0 298.0 0.0609222720016 9939.077728 
915.0 298.0 0.00832000000022 9991.68 
963.0 294.0 0.0598309720016 9940.169028 
44.0 369.0 0.085778620002 9914.22138 
95.0 361.0 0.128220960003 9871.77904 
126.0 368.0 0.176723296004 9823.276704 
206.0 349.0 0.249969000004 9750.031 
253.0 361.0 0.171431959999 9828.56804 
294.0 365.0 0.0974400000026 9902.56 
359.0 372.0 0.103432676002 9896.567324 
421.0 371.0 0.165069280003 9834.93072 
462.0 364.0 0.208230404001 9791.769596 
518.0 363.0 0.244850736006 9755.14926399 
590.0 358.0 0.439842736011 9560.15726399 
639.0 363.0 0.579283344013 9420.71665599 
697.0 360.0 0.434136184004 9565.863816 
749.0 357.0 0.187460000005 9812.54 
816.0 363.0 0.0495512000013 9950.4488 
853.0 359.0 0.0256000000007 9974.4 
909.0 355.0 0.0256000000007 9974.4 
983.0 359.0 0.0307728400006 9969.22716 
30.0 407.0 0.0343425960008 9965.657404 
91.0 404.0 0.110044188003 9889.955812 
141.0 406.0 0.174340768004 9825.659232 
203.0 423.0 0.0261724000002 9973.8276 
237.0 419.0 0.0326200000009 9967.38 
315.0 405.0 0.0656279000015 9934.3721 
364.0 410.0 0.0914818400022 9908.51816 
405.0 403.0 0.132829440002 9867.17056 
484.0 427.0 0.0906113600013 9909.38864 
539.0 424.0 0.179144000004 9820.856 
596.0 403.0 0.39713840001 9602.86159999 
629.0 415.0 0.187269424004 9812.730576 
696.0 421.0 0.0591301480015 9940.869852 
752.0 412.0 0.0300357600005 9969.96424 
802.0 407.0 0.0662291040018 9933.770896 
865.0 425.0 0.0662291040018 9933.770896 
929.0 429.0 0.0697222000006 9930.2778 
972.0 420.0 0.0327000000009 9967.3 
35.0 460.0 0.0384213560007 9961.578644 
92.0 460.0 0.132984240003 9867.01576 
145.0 459.0 0.232836776002 9767.163224 
192.0 484.0 0.106720000003 9893.28 
251.0 472.0 0.0135124400002 9986.48756 
319.0 464.0 0.0372752000003 9962.7248 
356.0 482.0 0.0286512800003 9971.34872 
412.0 468.0 0.0235800000006 9976.42 
473.0 471.0 0.0570079760001 9942.992024 
514.0 482.0 0.0490400000013 9950.96 
594.0 476.0 0.0329400000009 9967.06 
639.0 461.0 0.0353656000005 9964.6344 
684.0 464.0 0.0445047440009 9955.495256 
741.0 476.0 0.0169600000004 9983.04 
803.0 464.0 0.0306870000002 9969.313 
855.0 482.0 0.0246800000006 9975.32 
916.0 485.0 0.0545473200009 9945.45268 
960.0 458.0 0.0632073120005 9936.792688 
40.0 538.0 0.0930468280024 9906.953172 
77.0 538.0 0.207848000006 9792.15199999 
126.0 515.0 0.276642484001 9723.357516 
183.0 532.0 0.103087380002 9896.91262 
246.0 524.0 0.0260400000007 9973.96 
315.0 533.0 0.0260400000007 9973.96 
360.0 514.0 0.0359997240003 9964.000276 
414.0 519.0 0.0319734799996 9968.02652 
474.0 516.0 0.0603378080016 9939.662192 
519.0 538.0 0.0850568400022 9914.94316 
584.0 532.0 0.0791387680013 9920.861232 
650.0 530.0 0.0168200000004 9983.18 
701.0 516.0 0.0226688000007 9977.3312 
738.0 519.0 0.00892000000023 9991.08 
817.0 532.0 0.0275640400004 9972.43596 
858.0 514.0 0.0277075800006 9972.29242 
910.0 523.0 0.0163000000004 9983.7 
965.0 513.0 0.0378596000005 9962.1404 
30.0 587.0 0.0879917120021 9912.008288 
86.0 597.0 0.163198056002 9836.801944 
125.0 575.0 0.163198056002 9836.801944 
204.0 573.0 0.0382212000003 9961.7788 
258.0 580.0 0.0693617000004 9930.6383 
312.0 573.0 0.0528207399997 9947.17926 
359.0 575.0 0.0249000000007 9975.1 
413.0 574.0 0.0249000000007 9975.1 
481.0 586.0 0.0823835800005 9917.61642 
523.0 581.0 0.0823835800005 9917.61642 
596.0 579.0 0.0942485280015 9905.751472 
632.0 573.0 0.032529972 9967.470028 
697.0 592.0 0.0771475040006 9922.852496 
748.0 582.0 0.0335200000009 9966.48 
800.0 579.0 0.00868000000023 9991.32 
868.0 583.0 0.00784000000021 9992.16 
922.0 596.0 0.0113664319997 9988.633568 
965.0 576.0 0.00784000000021 9992.16 
21.0 641.0 0.0377566000006 9962.2434 
87.0 651.0 0.0555572400009 9944.44276 
145.0 635.0 0.194870840004 9805.12916 
189.0 638.0 0.242970700001 9757.0293 
248.0 642.0 0.175716340004 9824.28366 
297.0 648.0 0.106980000003 9893.02 
364.0 645.0 0.053787020001 9946.21298 
416.0 646.0 0.0916148800026 9908.38512 
462.0 648.0 0.0493200000013 9950.68 
532.0 629.0 0.0735982000008 9926.4018 
589.0 636.0 0.102204672002 9897.795328 
642.0 646.0 0.0867512000022 9913.2488 
700.0 640.0 0.104585552002 9895.414448 
738.0 639.0 0.0169000000004 9983.1 
802.0 633.0 0.0137491199999 9986.25088 
861.0 646.0 0.0137491199999 9986.25088 
921.0 643.0 0.0361535000009 9963.8465 
967.0 646.0 0.0403071200009 9959.69288 
35.0 704.0 0.0450561200009 9954.94388 
86.0 707.0 0.117860944003 9882.139056 
148.0 694.0 0.190115160004 9809.88484 
191.0 698.0 0.0619612800014 9938.03872 
242.0 701.0 0.00824000000022 9991.76 
311.0 700.0 0.0658468959998 9934.153104 
347.0 695.0 0.0493200000013 9950.68 
426.0 705.0 0.100330408002 9899.669592 
460.0 695.0 0.0118293199997 9988.17068 
538.0 682.0 0.0380227000008 9961.9773 
578.0 694.0 0.0388748000003 9961.1252 
643.0 683.0 0.0358922800008 9964.10772 
691.0 686.0 0.0382062160008 9961.793784 
742.0 681.0 0.0570164000013 9942.9836 
801.0 699.0 0.0305697600007 9969.43024 
849.0 695.0 0.0158400000004 9984.16 
914.0 704.0 0.149209920003 9850.79008 
960.0 698.0 0.0727000000019 9927.3 
29.0 740.0 0.0291866520001 9970.813348 
85.0 741.0 0.0601086800003 9939.89132 
134.0 737.0 0.138523600001 9861.4764 
189.0 760.0 0.0982800000026 9901.72 
258.0 763.0 0.0532764000015 9946.7236 
299.0 750.0 0.0857192640006 9914.280736 
373.0 749.0 0.052950496001 9947.049504 
419.0 763.0 0.0769775080014 9923.022492 
499.0 759.0 0.0356123200008 9964.38768 
545.0 765.0 0.0586353600014 9941.36464 
593.0 761.0 0.0320400000008 9967.96 
643.0 754.0 0.0740413040018 9925.958696 
692.0 759.0 0.0410400000011 9958.96 
747.0 756.0 0.0406400000011 9959.36 
809.0 755.0 0.0279432000008 9972.0568 
850.0 759.0 0.0153600000004 9984.64 
925.0 746.0 0.19952804 9800.47196 
969.0 756.0 0.118863100003 9881.1369 
53.0 821.0 0.0828890560005 9917.110944 
98.0 819.0 0.130935524003 9869.064476 
147.0 803.0 0.148207248003 9851.792752 
192.0 810.0 0.136524184002 9863.475816 
256.0 816.0 0.0437769960012 9956.223004 
312.0 812.0 0.0437769960012 9956.223004 
373.0 801.0 0.0367512960008 9963.248704 
429.0 805.0 0.0354078400006 9964.59216 
460.0 808.0 0.0318400000008 9968.16 
553.0 810.0 0.0418615840011 9958.138416 
588.0 802.0 0.0676719600017 9932.32804 
642.0 812.0 0.107945000002 9892.055 
694.0 808.0 0.0775176200015 9922.48238 
745.0 809.0 0.104164064003 9895.835936 
803.0 817.0 0.0406400000011 9959.36 
865.0 816.0 0.0135245040004 9986.475496 
930.0 798.0 0.180864200002 9819.1358 
944.0 812.0 0.0740838080014 9925.916192 
57.0 854.0 0.0421501000008 9957.8499 
118.0 856.0 0.0602249600017 9939.77504 
152.0 864.0 0.0158400000004 9984.16 
183.0 852.0 0.0699819600012 9930.01804 
263.0 866.0 0.0408998399998 9959.10016 
311.0 848.0 0.0164000000004 9983.6 
372.0 851.0 0.0130787999996 9986.9212 
411.0 861.0 0.0336800000009 9966.32 
480.0 858.0 0.062523200001 9937.4768 
536.0 870.0 0.0603363520014 9939.663648 
574.0 868.0 0.0338000000009 9966.2 
650.0 862.0 0.0385849440006 9961.415056 
689.0 851.0 0.0385849440006 9961.415056 
749.0 860.0 0.114883776003 9885.116224 
793.0 870.0 0.0495000000013 9950.5 
857.0 860.0 0.00798000000021 9992.02 
914.0 854.0 0.106855072003 9893.144928 
977.0 858.0 0.0287557000005 9971.2443 
49.0 921.0 0.00832000000022 9991.68 
94.0 902.0 0.0279318240006 9972.068176 
168.0 933.0 0.0359527200003 9964.04728 
222.0 933.0 0.0333600000009 9966.64 
261.0 915.0 0.0333600000009 9966.64 
292.0 907.0 0.0290670480003 9970.932952 
363.0 928.0 0.0248200000007 9975.18 
415.0 910.0 0.0543803519997 9945.619648 
482.0 907.0 0.0723575200009 9927.64248 
539.0 911.0 0.0683963440008 9931.603656 
575.0 906.0 0.0362276000006 9963.7724 
632.0 922.0 0.0248600000007 9975.14 
700.0 916.0 0.0374385520005 9962.561448 
753.0 909.0 0.101772968001 9898.227032 
810.0 917.0 0.0663832560009 9933.616744 
867.0 915.0 0.0376675000004 9962.3325 
918.0 903.0 0.0652844400006 9934.71556 
974.0 900.0 0.0166000000004 9983.4 
52.0 967.0 0.0118560000002 9988.144 
92.0 976.0 0.00832000000022 9991.68 
175.0 970.0 0.0367383680005 9963.261632 
212.0 975.0 0.0201918720002 9979.808128 
248.0 962.0 0.0288040840007 9971.195916 
298.0 973.0 0.0578724840008 9942.127516 
348.0 980.0 0.0559395559997 9944.060444 
413.0 964.0 0.0300847680002 9969.915232 
485.0 961.0 0.0285366000002 9971.4634 
533.0 981.0 0.00796000000021 9992.04 
595.0 982.0 0.0269283920004 9973.071608 
630.0 976.0 0.0344326400001 9965.56736 
688.0 969.0 0.0164600000004 9983.54 
758.0 961.0 0.0448717440007 9955.128256 
804.0 970.0 0.046465120001 9953.53488 
857.0 958.0 0.0368776000009 9963.1224 
915.0 964.0 0.0250600000007 9974.94 
965.0 969.0 0.0124012 9987.5988 
25.0 813.0 0.0417066240006 9958.293376 
348.0 804.0 0.00840000000022 9991.6 
232.0 548.0 0.0353912160006 9964.608784 
864.0 923.0 0.0549119200009 9945.08808 
842.0 990.0 0.0360732760006 9963.926724 
155.0 520.0 0.086002680002 9913.99732 
550.0 929.0 0.0258840400001 9974.11596 
381.0 924.0 0.0553843520005 9944.615648 
281.0 344.0 0.043537628001 9956.462372 
41.0 383.0 0.0850216000022 9914.9784 
993.0 300.0 0.0728563000016 9927.1437 
282.0 41.0 0.107795832003 9892.204168 
174.0 360.0 0.206999720002 9793.00028 
198.0 303.0 0.147378300003 9852.6217 
591.0 805.0 0.052514000001 9947.486 
978.0 655.0 0.0383915600008 9961.60844 
837.0 281.0 0.185610120002 9814.38988 
614.0 76.0 0.117172880003 9882.82712 
691.0 365.0 0.358982352009 9641.01764799 
50.0 594.0 0.0872300200015 9912.76998 
184.0 416.0 0.097857248002 9902.142752 
961.0 598.0 0.0322800000009 9967.72 
549.0 379.0 0.372727088006 9627.27291199 
639.0 618.0 0.0867443200021 9913.25568 
163.0 69.0 0.110294560003 9889.70544 
356.0 433.0 0.0236800000006 9976.32 
