1000.0 0.0
18.0 32.0 0.0367004000007 9963.2996 
84.0 35.0 0.0681003400017 9931.89966 
121.0 21.0 0.034507600001 9965.4924 
174.0 32.0 0.0166000000004 9983.4 
235.0 17.0 0.00923136000017 9990.76864 
266.0 24.0 0.0164200000004 9983.58 
313.0 20.0 0.0220636680003 9977.936332 
371.0 27.0 0.0415000000011 9958.5 
435.0 27.0 0.0536294400013 9946.37056 
474.0 30.0 0.0920063840005 9907.993616 
523.0 30.0 0.171102484004 9828.897516 
574.0 16.0 0.212552240003 9787.44776 
621.0 27.0 0.309119016006 9690.88098399 
672.0 32.0 0.130620000003 9869.38 
735.0 33.0 0.0478544160006 9952.145584 
774.0 31.0 0.0111923839999 9988.807616 
817.0 14.0 0.00784000000021 9992.16 
885.0 23.0 0.208543520005 9791.45647999 
922.0 24.0 0.391113300002 9608.8867 
981.0 22.0 0.279416160007 9720.58383999 
23.0 82.0 0.0907858520006 9909.214148 
84.0 67.0 0.151487152003 9848.512848 
133.0 82.0 0.116227363999 9883.772636 
167.0 81.0 0.0563200000015 9943.68 
227.0 63.0 0.0140574159999 9985.942584 
265.0 68.0 0.0164200000004 9983.58 
332.0 69.0 0.0469531000006 9953.0469 
371.0 69.0 0.0588470560016 9941.152944 
422.0 64.0 0.0273546000005 9972.6454 
486.0 69.0 0.092690600002 9907.3094 
523.0 76.0 0.229997924005 9770.00207599 
569.0 77.0 0.234426336004 9765.573664 
613.0 67.0 0.287726944004 9712.273056 
665.0 65.0 0.132449904003 9867.550096 
730.0 77.0 0.0528516400012 9947.14836 
767.0 83.0 0.099125768003 9900.874232 
836.0 76.0 0.0273699040002 9972.630096 
870.0 80.0 0.133010120003 9866.98988 
919.0 68.0 0.295520240006 9704.47975999 
982.0 79.0 0.191149000003 9808.851 
27.0 128.0 0.0609620640016 9939.037936 
68.0 120.0 0.151175440003 9848.82456 
128.0 129.0 0.159419724004 9840.580276 
168.0 117.0 0.0601065880013 9939.893412 
213.0 135.0 0.0987400000026 9901.26 
264.0 133.0 0.0988400000026 9901.16 
322.0 115.0 0.0284591400002 9971.54086 
371.0 117.0 0.0573553600016 9942.64464 
435.0 132.0 0.0533481920014 9946.651808 
482.0 129.0 0.112199184003 9887.800816 
527.0 130.0 0.165296960002 9834.70304 
571.0 127.0 0.122459280003 9877.54072 
613.0 131.0 0.0396959359997 9960.304064 
670.0 126.0 0.0262400000007 9973.76 
736.0 114.0 0.104069440003 9895.93056 
782.0 116.0 0.0921675200023 9907.83248 
824.0 130.0 0.241220000006 9758.77999999 
886.0 121.0 0.125415992003 9874.584008 
921.0 114.0 0.229532160006 9770.46783999 
976.0 127.0 0.115282000003 9884.718 
33.0 183.0 0.0925534400021 9907.44656 
76.0 167.0 0.161106352004 9838.893648 
131.0 184.0 0.169617500003 9830.3825 
166.0 164.0 0.260763096006 9739.23690399 
221.0 181.0 0.323294008005 9676.705992 
269.0 174.0 0.223244208004 9776.755792 
335.0 176.0 0.0181571160003 9981.842884 
362.0 164.0 0.00846000000022 9991.54 
437.0 162.0 0.0623427520017 9937.657248 
478.0 174.0 0.0923374360018 9907.662564 
534.0 164.0 0.129313384003 9870.686616 
587.0 166.0 0.159593240004 9840.40676 
612.0 185.0 0.0814400000021 9918.56 
678.0 171.0 0.0268520160004 9973.147984 
718.0 164.0 0.184315200004 9815.6848 
773.0 169.0 0.52417068001 9475.82931999 
815.0 170.0 0.456797591999 9543.202408 
884.0 186.0 0.0749287160015 9925.071284 
912.0 173.0 0.168100432002 9831.899568 
987.0 173.0 0.0284555240001 9971.544476 
23.0 236.0 0.0585647920007 9941.435208 
81.0 225.0 0.0856230800018 9914.37692 
133.0 224.0 0.0984118480026 9901.588152 
182.0 218.0 0.212669080004 9787.33092 
220.0 222.0 0.127700164003 9872.299836 
265.0 236.0 0.0161400000004 9983.86 
336.0 234.0 0.02208054 9977.91946 
386.0 224.0 0.0260351400007 9973.96486 
417.0 230.0 0.0562323840014 9943.767616 
484.0 228.0 0.141801876004 9858.198124 
523.0 222.0 0.180423872002 9819.576128 
575.0 214.0 0.202457632005 9797.542368 
613.0 214.0 0.148982216002 9851.017784 
673.0 236.0 0.0107369280003 9989.263072 
717.0 236.0 0.107780000003 9892.22 
787.0 227.0 0.499657920013 9500.34207999 
825.0 225.0 0.444420000008 9555.57999999 
878.0 229.0 0.0995360000025 9900.464 
922.0 221.0 0.100354960001 9899.64504 
963.0 225.0 0.0986000000026 9901.4 
26.0 281.0 0.036141856001 9963.858144 
80.0 267.0 0.0349812000007 9965.0188 
116.0 269.0 0.095488976001 9904.511024 
171.0 276.0 0.0764264199996 9923.57358 
212.0 278.0 0.0494200000013 9950.58 
267.0 266.0 0.045153264001 9954.846736 
326.0 271.0 0.0316317200007 9968.36828 
375.0 276.0 0.0327200000009 9967.28 
437.0 271.0 0.0806901560007 9919.309844 
472.0 279.0 0.254402100004 9745.5979 
532.0 284.0 0.347319900008 9652.68009999 
567.0 284.0 0.162840000004 9837.16 
636.0 281.0 0.0106192799998 9989.38072 
672.0 276.0 0.0328600000009 9967.14 
734.0 269.0 0.327510880004 9672.48912 
770.0 277.0 0.434785520003 9565.21448 
827.0 279.0 0.262633760005 9737.36624 
884.0 265.0 0.0934620800024 9906.53792 
921.0 267.0 0.0292624640001 9970.737536 
984.0 269.0 0.157872784001 9842.127216 
27.0 324.0 0.0474781440008 9952.521856 
86.0 333.0 0.0348640800006 9965.13592 
122.0 313.0 0.0344106720009 9965.589328 
186.0 328.0 0.0706081280012 9929.391872 
216.0 335.0 0.0380083440005 9961.991656 
271.0 319.0 0.0858524800014 9914.14752 
314.0 330.0 0.164426060003 9835.57394 
387.0 316.0 0.139253920004 9860.74608 
412.0 329.0 0.483279952001 9516.720048 
469.0 337.0 0.510765344009 9489.23465599 
516.0 327.0 0.509456500012 9490.54349999 
581.0 314.0 0.183659960004 9816.34004 
634.0 323.0 0.0557943800003 9944.20562 
681.0 325.0 0.0612819440007 9938.718056 
730.0 324.0 0.339469252006 9660.53074799 
787.0 320.0 0.278862096007 9721.13790399 
832.0 330.0 0.102409416002 9897.590584 
869.0 335.0 0.0332200000009 9966.78 
935.0 336.0 0.157466048002 9842.533952 
971.0 316.0 0.204718448001 9795.281552 
27.0 371.0 0.042826360001 9957.17364 
66.0 374.0 0.0888089400011 9911.19106 
117.0 376.0 0.128940000003 9871.06 
177.0 377.0 0.0428193600009 9957.18064 
215.0 373.0 0.0896236000018 9910.3764 
267.0 367.0 0.103905224002 9896.094776 
336.0 371.0 0.238954080003 9761.04592 
370.0 369.0 0.431673680002 9568.32632 
413.0 375.0 0.263995552007 9736.00444799 
467.0 375.0 0.0252600000007 9974.74 
534.0 384.0 0.330154816009 9669.84518399 
568.0 374.0 0.190836808004 9809.163192 
619.0 383.0 0.182160000005 9817.84 
684.0 378.0 0.187871344004 9812.128656 
734.0 366.0 0.288708720007 9711.29127999 
781.0 363.0 0.111995920003 9888.00408 
827.0 383.0 0.0580621600007 9941.93784 
887.0 386.0 0.0726144000013 9927.3856 
936.0 379.0 0.121924600003 9878.0754 
967.0 367.0 0.114182176003 9885.817824 
35.0 418.0 0.0738360000017 9926.164 
71.0 420.0 0.238161640004 9761.83836 
115.0 425.0 0.23029676 9769.70324 
181.0 428.0 0.0736090000017 9926.391 
227.0 425.0 0.0744808000018 9925.5192 
285.0 431.0 0.0418000000011 9958.2 
337.0 422.0 0.115434100003 9884.5659 
374.0 424.0 0.230770912005 9769.229088 
418.0 415.0 0.0376751280008 9962.324872 
469.0 420.0 0.0318980199997 9968.10198 
530.0 426.0 0.00858000000022 9991.42 
575.0 423.0 0.440324639999 9559.67536 
622.0 414.0 0.0570504400012 9942.94956 
681.0 421.0 0.156089424002 9843.910576 
719.0 413.0 0.292665864006 9707.33413599 
776.0 428.0 0.159012688004 9840.987312 
820.0 434.0 0.0500200000013 9949.98 
886.0 435.0 0.0436763360006 9956.323664 
915.0 426.0 0.0977702000013 9902.2298 
980.0 429.0 0.00840000000022 9991.6 
34.0 479.0 0.0678844480018 9932.115552 
77.0 471.0 0.150112028003 9849.887972 
115.0 465.0 0.162613600004 9837.3864 
183.0 471.0 0.0280011560002 9971.998844 
224.0 465.0 0.0465222560012 9953.477744 
273.0 484.0 0.0428666439998 9957.133356 
335.0 478.0 0.0861731160007 9913.826884 
376.0 478.0 0.146324480002 9853.67552 
432.0 474.0 0.0466459999999 9953.354 
465.0 468.0 0.0245600000006 9975.44 
534.0 480.0 0.177551312004 9822.448688 
568.0 480.0 0.567552296013 9432.44770399 
617.0 486.0 0.208151104004 9791.848896 
664.0 463.0 0.0951785120005 9904.821488 
725.0 464.0 0.101263608002 9898.736392 
787.0 485.0 0.130458560002 9869.54144 
827.0 476.0 0.052340800001 9947.6592 
879.0 477.0 0.0245000000006 9975.5 
933.0 471.0 0.0544381320012 9945.561868 
986.0 472.0 0.0199067999998 9980.0932 
25.0 513.0 0.0656492880012 9934.350712 
76.0 528.0 0.119820000002 9880.18 
116.0 522.0 0.0882260000007 9911.774 
186.0 536.0 0.0260203200002 9973.97968 
221.0 529.0 0.0403200000011 9959.68 
281.0 524.0 0.0432969600008 9956.70304 
327.0 534.0 0.0560720000016 9943.928 
382.0 512.0 0.0814625040015 9918.537496 
415.0 517.0 0.0881010560016 9911.898944 
485.0 528.0 0.0881010560016 9911.898944 
519.0 514.0 0.191394752005 9808.605248 
577.0 531.0 0.454353600005 9545.64639999 
634.0 525.0 0.0279360000002 9972.064 
663.0 535.0 0.138480000004 9861.52 
736.0 520.0 0.0308578160004 9969.142184 
778.0 517.0 0.0598182800013 9940.18172 
819.0 522.0 0.0814923080012 9918.507692 
867.0 513.0 0.0425840000011 9957.416 
916.0 518.0 0.0216850000001 9978.315 
982.0 533.0 0.238300000006 9761.69999999 
15.0 568.0 0.0292975000001 9970.7025 
80.0 573.0 0.0504515320009 9949.548468 
117.0 563.0 0.0778554880019 9922.144512 
186.0 565.0 0.070396960001 9929.60304 
232.0 577.0 0.113391120001 9886.60888 
268.0 574.0 0.163870832001 9836.129168 
324.0 568.0 0.250415300001 9749.5847 
381.0 584.0 0.173191444004 9826.808556 
413.0 581.0 0.0993400000026 9900.66 
475.0 563.0 0.0993400000026 9900.66 
535.0 569.0 0.144045864003 9855.954136 
580.0 577.0 0.518581500012 9481.41849999 
633.0 566.0 0.290254948001 9709.745052 
677.0 571.0 0.148508976004 9851.491024 
732.0 576.0 0.0345983200001 9965.40168 
763.0 576.0 0.0156000000004 9984.4 
833.0 569.0 0.233547240006 9766.45275999 
886.0 579.0 0.690777600007 9309.22239999 
914.0 583.0 0.83653000002 9163.46999998 
970.0 576.0 0.563286380007 9436.71361999 
36.0 632.0 0.0272977680003 9972.702232 
75.0 623.0 0.0246000000006 9975.4 
137.0 624.0 0.0244400000006 9975.56 
185.0 622.0 0.233980000006 9766.01999999 
219.0 622.0 0.257567352006 9742.43264799 
267.0 623.0 0.0699906400013 9930.00936 
321.0 615.0 0.105595192003 9894.404808 
371.0 625.0 0.110141948003 9889.858052 
430.0 624.0 0.187348200005 9812.6518 
467.0 626.0 0.335048340005 9664.95165999 
525.0 633.0 0.372934280006 9627.06571999 
582.0 622.0 0.480753936005 9519.24606399 
623.0 618.0 0.629645792009 9370.35420799 
672.0 636.0 0.122400000003 9877.6 
735.0 632.0 0.0526039400008 9947.39606 
779.0 635.0 0.0941144800007 9905.88552 
830.0 624.0 0.265346376007 9734.65362399 
869.0 630.0 0.724050240007 9275.94975999 
914.0 623.0 0.663115200017 9336.88479998 
966.0 618.0 0.0400800000011 9959.92 
22.0 673.0 0.0274532200002 9972.54678 
69.0 667.0 0.0738219200014 9926.17808 
121.0 671.0 0.092388920002 9907.61108 
185.0 686.0 0.436966612011 9563.03338799 
220.0 670.0 0.701019888019 9298.98011198 
266.0 674.0 0.544854272 9455.145728 
320.0 675.0 0.222460000006 9777.53999999 
369.0 674.0 0.0493200000013 9950.68 
429.0 676.0 0.0876149000018 9912.3851 
462.0 670.0 0.256518136005 9743.481864 
513.0 662.0 0.0909000000024 9909.1 
573.0 665.0 0.218193600006 9781.80639999 
631.0 671.0 0.386160300006 9613.83969999 
672.0 680.0 0.166339552004 9833.660448 
718.0 678.0 0.128236608001 9871.763392 
772.0 684.0 0.0733000000019 9926.7 
821.0 674.0 0.215878280005 9784.12172 
873.0 682.0 0.613324480011 9386.67551999 
916.0 670.0 0.184667024004 9815.332976 
984.0 672.0 0.0983318400021 9901.66816 
13.0 725.0 0.00792000000021 9992.08 
74.0 714.0 0.0695612000017 9930.4388 
131.0 723.0 0.154360656002 9845.639344 
166.0 716.0 0.306872460004 9693.12754 
222.0 717.0 0.639264044004 9360.735956 
282.0 731.0 0.253490460006 9746.50953999 
318.0 732.0 0.0962562720018 9903.743728 
372.0 716.0 0.182005360004 9817.99464 
431.0 719.0 0.242779560004 9757.22044 
478.0 735.0 0.0961801880019 9903.819812 
526.0 728.0 0.0242200000006 9975.78 
564.0 719.0 0.266285968006 9733.71403199 
614.0 723.0 0.354446532008 9645.55346799 
666.0 729.0 0.182433760005 9817.56624 
714.0 725.0 0.165467400001 9834.5326 
772.0 737.0 0.102999604002 9897.000396 
823.0 719.0 0.0513194440008 9948.680556 
886.0 725.0 0.529967248003 9470.032752 
928.0 736.0 0.375484640009 9624.51535999 
976.0 712.0 0.107242784001 9892.757216 
26.0 777.0 0.02700584 9972.99416 
68.0 766.0 0.0553190600015 9944.68094 
115.0 774.0 0.101702172002 9898.297828 
168.0 777.0 0.261526240007 9738.47375999 
222.0 767.0 0.484490000013 9515.50999999 
276.0 766.0 0.0682405120014 9931.759488 
331.0 768.0 0.0977719000022 9902.2281 
386.0 768.0 0.126208400002 9873.7916 
437.0 782.0 0.180300000005 9819.7 
471.0 763.0 0.0899161640024 9910.083836 
512.0 764.0 0.100038816002 9899.961184 
566.0 778.0 0.259136540001 9740.86346 
620.0 773.0 0.182754720005 9817.24528 
670.0 775.0 0.0704027040019 9929.597296 
717.0 780.0 0.0702272160015 9929.772784 
778.0 773.0 0.0526183040005 9947.381696 
820.0 780.0 0.0331800000009 9966.82 
864.0 763.0 0.140220000004 9859.78 
913.0 771.0 0.541365180011 9458.63481999 
970.0 777.0 0.331903140008 9668.09685999 
23.0 824.0 0.0693749120013 9930.625088 
65.0 836.0 0.237233240005 9762.76676 
123.0 835.0 0.327755792007 9672.24420799 
174.0 816.0 0.361399184006 9638.60081599 
226.0 818.0 0.389475624011 9610.52437599 
286.0 816.0 0.0375856000005 9962.4144 
329.0 827.0 0.119927336003 9880.072664 
377.0 824.0 0.350972960009 9649.02703999 
413.0 836.0 0.362156112003 9637.843888 
466.0 832.0 0.164783660004 9835.21634 
519.0 826.0 0.0161400000004 9983.86 
562.0 825.0 0.199367700001 9800.6323 
625.0 836.0 0.199367700001 9800.6323 
685.0 833.0 0.0291214160004 9970.878584 
716.0 830.0 0.0571400000015 9942.86 
781.0 827.0 0.0292302000002 9970.7698 
830.0 822.0 0.0317104960002 9968.289504 
878.0 834.0 0.154020352003 9845.979648 
924.0 813.0 0.470789560001 9529.21044 
962.0 818.0 0.159062200004 9840.9378 
13.0 866.0 0.159062200004 9840.9378 
67.0 865.0 0.139329000004 9860.671 
124.0 863.0 0.136740700002 9863.2593 
164.0 862.0 0.0910800000024 9908.92 
223.0 883.0 0.147022640001 9852.97736 
271.0 865.0 0.177506592002 9822.493408 
323.0 868.0 0.224850600005 9775.14939999 
367.0 881.0 0.314027924007 9685.97207599 
436.0 886.0 0.193638040005 9806.36196 
472.0 866.0 0.0678739520013 9932.126048 
518.0 877.0 0.130556480003 9869.44352 
564.0 881.0 0.180642320002 9819.35768 
623.0 886.0 0.0742600000019 9925.74 
684.0 876.0 0.106854872003 9893.145128 
733.0 882.0 0.153962812003 9846.037188 
773.0 875.0 0.153996640003 9846.00336 
832.0 882.0 0.184552700001 9815.4473 
875.0 886.0 0.318341000002 9681.659 
920.0 866.0 0.451523400009 9548.47659999 
974.0 886.0 0.180582288003 9819.417712 
31.0 924.0 0.0731807680006 9926.819232 
69.0 914.0 0.116223120001 9883.77688 
118.0 912.0 0.0584805880015 9941.519412 
186.0 924.0 0.0617037640013 9938.296236 
229.0 936.0 0.127139420003 9872.86058 
265.0 929.0 0.0413200000011 9958.68 
333.0 920.0 0.163193112004 9836.806888 
385.0 922.0 0.111908500003 9888.0915 
413.0 920.0 0.0534785200002 9946.52148 
477.0 918.0 0.0958274720022 9904.172528 
515.0 935.0 0.0778258200017 9922.17418 
587.0 919.0 0.085807288002 9914.192712 
629.0 935.0 0.0851535680022 9914.846432 
673.0 926.0 0.0944621480025 9905.537852 
718.0 924.0 0.125456384002 9874.543616 
778.0 913.0 0.158532920003 9841.46708 
829.0 937.0 0.113801884003 9886.198116 
883.0 935.0 0.157126320004 9842.87368 
923.0 917.0 0.265485320006 9734.51467999 
980.0 914.0 0.067841360001 9932.15864 
28.0 972.0 0.0383338720008 9961.666128 
65.0 972.0 0.0820367200021 9917.96328 
123.0 966.0 0.0385938120003 9961.406188 
186.0 965.0 0.0625670400013 9937.43296 
213.0 972.0 0.060771488001 9939.228512 
265.0 967.0 0.062980060001 9937.01994 
321.0 964.0 0.0335090520006 9966.490948 
371.0 977.0 0.0165400000004 9983.46 
414.0 974.0 0.0460455560006 9953.954444 
470.0 971.0 0.0389859960003 9961.014004 
513.0 979.0 0.00838000000022 9991.62 
580.0 974.0 0.0261343680001 9973.865632 
613.0 977.0 0.0552571200007 9944.74288 
678.0 965.0 0.0932541760014 9906.745824 
726.0 985.0 0.0294535360006 9970.546464 
783.0 980.0 0.0271518000005 9972.8482 
824.0 987.0 0.0649899000011 9935.0101 
869.0 979.0 0.0683479520018 9931.652048 
914.0 956.0 0.0446290320007 9955.370968 
973.0 972.0 0.0294027120005 9970.597288 
