1000.0 0.0
19.0 20.0 0.0299314880005 9970.068512 
72.0 35.0 0.0851605160019 9914.839484 
127.0 23.0 0.102637608002 9897.362392 
175.0 14.0 0.0762016000018 9923.7984 
215.0 15.0 0.059316720001 9940.68328 
272.0 15.0 0.0791214480008 9920.878552 
307.0 22.0 0.0836092400005 9916.39076 
346.0 34.0 0.0486000000013 9951.4 
404.0 13.0 0.0686825920017 9931.317408 
459.0 24.0 0.139511300004 9860.4887 
506.0 32.0 0.188850900005 9811.1491 
557.0 18.0 0.222850968002 9777.149032 
604.0 18.0 0.236936880007 9763.06311999 
636.0 32.0 0.356596048009 9643.40395199 
701.0 34.0 0.742880000019 9257.11999998 
726.0 24.0 0.741720000019 9258.27999998 
791.0 32.0 0.601071200015 9398.92879998 
841.0 26.0 0.622074528015 9377.92547198 
891.0 34.0 1.87638592005 8123.61407995 
929.0 35.0 2.36411838802 7635.88161198 
984.0 19.0 1.39337932 8606.62068 
13.0 83.0 0.0780785120018 9921.921488 
73.0 71.0 0.110311416002 9889.688584 
124.0 60.0 0.0939527160018 9906.047284 
157.0 60.0 0.179684440002 9820.31556 
203.0 77.0 0.197697680003 9802.30232 
267.0 82.0 0.197697680003 9802.30232 
311.0 64.0 0.0522805000013 9947.7195 
347.0 61.0 0.0777174040014 9922.282596 
406.0 65.0 0.0655999120016 9934.400088 
461.0 82.0 0.113035424001 9886.964576 
492.0 81.0 0.0293181920003 9970.681808 
539.0 59.0 0.124411960003 9875.58804 
599.0 61.0 0.0609432000012 9939.0568 
633.0 78.0 0.287496900007 9712.50309999 
680.0 62.0 0.943793600025 9056.20639997 
726.0 72.0 1.62615193605 8373.84806395 
797.0 71.0 0.581523680015 9418.47631999 
826.0 78.0 2.11469845602 7885.30154398 
885.0 69.0 1.93017620001 8069.82379999 
920.0 79.0 2.12007576402 7879.92423598 
984.0 64.0 0.670225100017 9329.77489998 
23.0 112.0 0.0758500000017 9924.15 
63.0 107.0 0.193550560002 9806.44944 
107.0 119.0 0.226660120005 9773.33987999 
174.0 125.0 0.264049600007 9735.95039999 
211.0 123.0 0.596340920015 9403.65907999 
260.0 120.0 0.46622462001 9533.77537999 
316.0 129.0 0.707529104019 9292.47089598 
353.0 107.0 0.0197483320002 9980.251668 
400.0 119.0 0.334600000009 9665.39999999 
463.0 129.0 0.0707064520014 9929.293548 
503.0 130.0 0.0330200000009 9966.98 
558.0 119.0 0.0339556240005 9966.044376 
588.0 112.0 0.0766500600017 9923.34994 
650.0 126.0 0.625132924016 9374.86707598 
692.0 123.0 1.78053336005 8219.46663995 
745.0 124.0 2.17796996003 7822.03003997 
775.0 123.0 1.08865384003 8911.34615997 
834.0 130.0 1.94836595202 8051.63404798 
891.0 110.0 0.606943168016 9393.05683198 
935.0 111.0 0.657775136016 9342.22486398 
971.0 114.0 0.0408600000011 9959.14 
15.0 164.0 0.0513655840012 9948.634416 
61.0 165.0 0.134722976001 9865.277024 
130.0 156.0 0.236066200006 9763.93379999 
156.0 159.0 0.526380768007 9473.61923199 
214.0 159.0 0.660877096006 9339.12290399 
255.0 159.0 0.860269312021 9139.73068798 
311.0 175.0 0.834522528019 9165.47747198 
346.0 177.0 1.11750142002 8882.49857998 
400.0 176.0 0.856341724011 9143.65827599 
463.0 159.0 0.0344452000009 9965.5548 
491.0 158.0 0.0258396480005 9974.160352 
552.0 170.0 0.201604448005 9798.39555199 
604.0 172.0 0.574884192015 9425.11580799 
642.0 174.0 1.15355980003 8846.44019997 
692.0 159.0 1.90130708004 8098.69291996 
729.0 158.0 2.45505982405 7544.94017595 
790.0 170.0 1.98805456001 8011.94543999 
830.0 160.0 0.541224000014 9458.77599999 
872.0 166.0 0.675260000018 9324.73999998 
936.0 158.0 0.0521652800014 9947.83472 
978.0 170.0 0.0214271000005 9978.5729 
17.0 211.0 0.045023040001 9954.97696 
70.0 217.0 0.0659793600002 9934.02064 
116.0 206.0 0.199088400005 9800.9116 
156.0 216.0 0.307615660007 9692.38433999 
222.0 202.0 0.271693168007 9728.30683199 
258.0 216.0 0.255461984005 9744.53801599 
304.0 205.0 0.527743580013 9472.25641999 
362.0 214.0 0.955506080025 9044.49391998 
396.0 210.0 1.00896755201 8991.03244799 
457.0 206.0 0.153006980003 9846.99302 
503.0 223.0 0.442301720011 9557.69827999 
536.0 210.0 0.552615224012 9447.38477599 
587.0 216.0 0.967117080014 9032.88291999 
644.0 210.0 1.90664344802 8093.35655198 
697.0 215.0 1.98337553605 8016.62446395 
734.0 205.0 2.41713530005 7582.86469995 
787.0 209.0 1.75668632004 8243.31367996 
831.0 220.0 0.654008288017 9345.99171198 
875.0 204.0 0.277414224003 9722.585776 
927.0 219.0 0.295492824008 9704.50717599 
966.0 223.0 0.196600000005 9803.39999999 
19.0 263.0 0.019665564 9980.334436 
66.0 263.0 0.0411600000011 9958.84 
129.0 263.0 0.202530944005 9797.469056 
172.0 271.0 0.169382100004 9830.6179 
225.0 269.0 0.0901792480024 9909.820752 
272.0 266.0 0.141347800004 9858.6522 
315.0 267.0 0.251351320007 9748.64867999 
358.0 270.0 0.349159580007 9650.84041999 
416.0 271.0 0.352044584005 9647.955416 
441.0 250.0 0.429623316007 9570.37668399 
493.0 263.0 0.46097165201 9539.02834799 
541.0 266.0 0.536635688014 9463.36431199 
596.0 251.0 0.555916916014 9444.08308399 
632.0 262.0 1.41554028804 8584.45971196 
679.0 265.0 0.905545440023 9094.45455998 
743.0 261.0 1.85697575603 8143.02424397 
791.0 269.0 0.565966300014 9434.03369999 
822.0 251.0 0.688789744017 9311.21025598 
875.0 261.0 0.553202076011 9446.79792399 
926.0 264.0 0.563040600005 9436.9594 
982.0 265.0 0.214375360005 9785.62464 
15.0 320.0 0.0471912000007 9952.8088 
68.0 313.0 0.109799532003 9890.200468 
107.0 317.0 0.159744000004 9840.256 
167.0 310.0 0.0615049600013 9938.49504 
219.0 306.0 0.0979832320021 9902.016768 
269.0 307.0 0.146268800003 9853.7312 
305.0 311.0 0.200550848005 9799.44915199 
353.0 311.0 0.371103048009 9628.89695199 
393.0 303.0 0.433532376011 9566.46762399 
459.0 307.0 0.249492160006 9750.50783999 
506.0 300.0 0.445105104011 9554.89489599 
558.0 310.0 0.214505400004 9785.4946 
606.0 299.0 1.01677982002 8983.22017998 
650.0 313.0 1.14652750001 8853.47249999 
693.0 299.0 0.516654088013 9483.34591199 
740.0 306.0 1.70141146405 8298.58853595 
792.0 306.0 0.523199400014 9476.80059999 
834.0 304.0 0.278652760007 9721.34723999 
885.0 311.0 0.420850400007 9579.14959999 
929.0 314.0 0.623088748012 9376.91125199 
966.0 310.0 0.211847300005 9788.15269999 
29.0 361.0 0.0517641560007 9948.235844 
59.0 352.0 0.0994884480012 9900.511552 
124.0 349.0 0.0671852160013 9932.814784 
158.0 355.0 0.0596977400014 9940.30226 
215.0 345.0 0.195967700005 9804.0323 
270.0 345.0 0.321508444007 9678.49155599 
302.0 360.0 0.504736628003 9495.263372 
361.0 360.0 0.621503816009 9378.49618399 
412.0 351.0 0.773933116005 9226.066884 
457.0 353.0 0.843685660007 9156.31433999 
506.0 355.0 0.936177584019 9063.82241598 
554.0 352.0 0.950506968019 9049.49303198 
602.0 355.0 1.01767044801 8982.32955199 
631.0 346.0 1.11479240001 8885.20759999 
692.0 363.0 0.603815184016 9396.18481598 
747.0 352.0 0.509819680013 9490.18031999 
774.0 351.0 1.73218281604 8267.81718396 
839.0 347.0 0.213701440005 9786.29855999 
871.0 361.0 0.115338880003 9884.66112 
938.0 364.0 0.516601400003 9483.3986 
986.0 354.0 0.0284136640006 9971.586336 
31.0 406.0 0.0352579280009 9964.742072 
72.0 407.0 0.134848864003 9865.151136 
108.0 395.0 0.0497800000013 9950.22 
175.0 414.0 0.220533056005 9779.46694399 
223.0 402.0 0.309837676006 9690.16232399 
269.0 397.0 0.409733920008 9590.26607999 
318.0 408.0 0.296402584007 9703.59741599 
357.0 403.0 0.146506624004 9853.493376 
402.0 406.0 0.425585000005 9574.41499999 
450.0 409.0 0.345944280009 9654.05571999 
499.0 401.0 0.305142020008 9694.85797999 
538.0 398.0 0.295164100007 9704.83589999 
598.0 406.0 0.699495240019 9300.50475998 
651.0 395.0 0.731635480013 9268.36451999 
682.0 393.0 0.500909552011 9499.09044799 
736.0 393.0 1.26566473603 8734.33526397 
785.0 400.0 1.35290071202 8647.09928798 
833.0 397.0 0.452201952011 9547.79804799 
890.0 397.0 0.342566404007 9657.43359599 
940.0 409.0 0.312130216007 9687.86978399 
985.0 395.0 0.335476800007 9664.52319999 
22.0 444.0 0.0590692800013 9940.93072 
70.0 457.0 0.125198008002 9874.801992 
111.0 448.0 0.171512804001 9828.487196 
158.0 448.0 0.216005088003 9783.994912 
211.0 453.0 0.344060260004 9655.93974 
273.0 445.0 0.122959864003 9877.040136 
300.0 454.0 0.0171400000004 9982.86 
357.0 453.0 0.134168936003 9865.831064 
404.0 463.0 0.196364236003 9803.635764 
441.0 463.0 0.0712602720016 9928.739728 
493.0 461.0 0.148740000004 9851.26 
553.0 460.0 0.322618480009 9677.38151999 
587.0 452.0 0.371760772001 9628.239228 
653.0 457.0 0.174282656002 9825.717344 
694.0 448.0 0.467095048011 9532.90495199 
743.0 457.0 0.870487520014 9129.51247999 
785.0 447.0 0.888348200008 9111.65179999 
841.0 447.0 0.400332688009 9599.66731199 
871.0 450.0 0.180257920004 9819.74208 
938.0 447.0 0.111006272003 9888.993728 
984.0 453.0 0.227163660005 9772.83634 
27.0 503.0 0.0313282480006 9968.671752 
67.0 492.0 0.0366835200005 9963.31648 
108.0 509.0 0.0256200000007 9974.38 
171.0 510.0 0.125561760003 9874.43824 
207.0 510.0 0.317074320004 9682.92568 
251.0 488.0 0.190280000005 9809.72 
320.0 488.0 0.0376371680009 9962.362832 
367.0 502.0 0.096846760002 9903.15324 
396.0 510.0 0.244853336006 9755.14666399 
450.0 499.0 0.204944424005 9795.055576 
509.0 508.0 0.350017760007 9649.98223999 
548.0 504.0 0.268522324007 9731.47767599 
585.0 503.0 0.312762404005 9687.237596 
648.0 508.0 0.152972192003 9847.027808 
699.0 489.0 0.41049200001 9589.50799999 
727.0 492.0 0.533960740014 9466.03925999 
774.0 500.0 0.818640440017 9181.35955998 
825.0 501.0 0.335335280007 9664.66471999 
872.0 501.0 0.139500344003 9860.499656 
932.0 494.0 0.0775209800015 9922.47902 
979.0 511.0 0.189745324003 9810.254676 
24.0 553.0 0.0077200000002 9992.28 
65.0 552.0 0.0635653760014 9936.434624 
115.0 546.0 0.160232008004 9839.767992 
166.0 541.0 0.305468864006 9694.53113599 
205.0 539.0 0.167517240003 9832.48276 
252.0 545.0 0.210924000003 9789.076 
315.0 535.0 0.078821280002 9921.17872 
361.0 558.0 0.290961140007 9709.03885999 
412.0 552.0 0.337638640006 9662.36135999 
445.0 541.0 0.393020428003 9606.979572 
489.0 550.0 0.457978544009 9542.02145599 
558.0 536.0 0.309130608008 9690.86939199 
583.0 548.0 0.283308888003 9716.691112 
640.0 545.0 0.174271696003 9825.728304 
697.0 544.0 0.0291847000003 9970.8153 
746.0 556.0 0.41983514001 9580.16485999 
778.0 545.0 0.724897436004 9275.102564 
825.0 539.0 0.284722608007 9715.27739199 
878.0 555.0 0.113596384002 9886.403616 
928.0 550.0 0.0657600000017 9934.24 
978.0 547.0 0.133806528001 9866.193472 
12.0 600.0 0.0278330320004 9972.166968 
69.0 599.0 0.137810340001 9862.18966 
126.0 583.0 0.224563232002 9775.436768 
175.0 588.0 0.170880436004 9829.119564 
212.0 594.0 0.0460844720007 9953.915528 
268.0 593.0 0.174102952003 9825.897048 
313.0 584.0 0.194749680002 9805.25032 
363.0 594.0 0.151497232004 9848.502768 
403.0 600.0 0.226742240004 9773.25776 
460.0 605.0 0.0686977120013 9931.302288 
496.0 586.0 0.219507960005 9780.49204 
548.0 589.0 0.189791936002 9810.208064 
602.0 600.0 0.184681620004 9815.31838 
650.0 597.0 0.104933648001 9895.066352 
685.0 603.0 0.0339200000009 9966.08 
743.0 587.0 0.412741520011 9587.25847999 
774.0 600.0 0.680380376013 9319.61962399 
821.0 591.0 0.0365776000007 9963.4224 
871.0 589.0 0.0631618200015 9936.83818 
930.0 583.0 0.084607496002 9915.392504 
975.0 587.0 0.116339192002 9883.660808 
22.0 638.0 0.065642048001 9934.357952 
74.0 641.0 0.0817873840013 9918.212616 
118.0 634.0 0.0710717200016 9928.92828 
156.0 647.0 0.140180000004 9859.82 
206.0 646.0 0.0700090000004 9929.991 
265.0 644.0 0.141446880003 9858.55312 
306.0 641.0 0.0631846560012 9936.815344 
348.0 649.0 0.0400000000011 9960.0 
397.0 647.0 0.0698675200012 9930.13248 
450.0 635.0 0.0251200000007 9974.88 
492.0 631.0 0.0442554040006 9955.744596 
552.0 636.0 0.0533602000008 9946.6398 
583.0 632.0 0.0853434200022 9914.65658 
642.0 638.0 0.0896054800023 9910.39452 
693.0 642.0 0.0281886200006 9971.81138 
734.0 641.0 0.402005392008 9597.99460799 
789.0 646.0 0.515358532009 9484.64146799 
840.0 631.0 0.0383924000006 9961.6076 
870.0 633.0 0.202980000005 9797.01999999 
919.0 646.0 0.253176560006 9746.82343999 
982.0 634.0 0.0830093680018 9916.990632 
12.0 693.0 0.0377375000004 9962.2625 
61.0 682.0 0.0164800000004 9983.52 
130.0 692.0 0.136084816003 9863.915184 
158.0 683.0 0.270107600003 9729.8924 
221.0 688.0 0.0283501360004 9971.649864 
268.0 687.0 0.0526386000015 9947.3614 
300.0 688.0 0.0774850600015 9922.51494 
362.0 683.0 0.0456125600014 9954.38744 
396.0 691.0 0.227080000006 9772.91999999 
445.0 682.0 0.119357712002 9880.642288 
489.0 692.0 0.110619572003 9889.380428 
540.0 696.0 0.0649600000017 9935.04 
602.0 702.0 0.0649600000017 9935.04 
654.0 686.0 0.144354720003 9855.64528 
693.0 702.0 0.115840000003 9884.16 
728.0 691.0 0.125979328002 9874.020672 
779.0 685.0 0.276322732007 9723.67726799 
827.0 692.0 0.497945440013 9502.05455999 
869.0 691.0 0.328438060007 9671.56193999 
925.0 688.0 0.41215760001 9587.84239999 
971.0 684.0 0.0562013920014 9943.798608 
26.0 731.0 0.0452392000011 9954.7608 
80.0 749.0 0.0638983360005 9936.101664 
128.0 731.0 0.169169012004 9830.830988 
164.0 740.0 0.427903600003 9572.0964 
214.0 738.0 0.219736280001 9780.26372 
272.0 749.0 0.250624624003 9749.375376 
311.0 730.0 0.0373370400005 9962.66296 
367.0 732.0 0.446422016012 9553.57798399 
411.0 728.0 0.276326752003 9723.673248 
446.0 741.0 0.195825368005 9804.174632 
506.0 730.0 0.0808556160019 9919.144384 
543.0 732.0 0.0264784400003 9973.52156 
587.0 738.0 0.00804000000021 9991.96 
653.0 739.0 0.278776631997 9721.223368 
691.0 730.0 0.0713124400014 9928.68756 
744.0 743.0 0.143109760003 9856.89024 
780.0 748.0 0.266729560006 9733.27043999 
824.0 745.0 0.50869530401 9491.30469599 
871.0 731.0 0.566234272015 9433.76572799 
927.0 739.0 0.398983800004 9601.0162 
978.0 735.0 0.116106000003 9883.894 
12.0 776.0 0.0214462000004 9978.5538 
67.0 776.0 0.0666400000017 9933.36 
130.0 775.0 0.306818176008 9693.18182399 
169.0 797.0 0.311947584003 9688.052416 
217.0 795.0 0.219776272002 9780.223728 
250.0 790.0 0.126407920003 9873.59208 
307.0 777.0 0.291970900006 9708.02909999 
360.0 781.0 0.439558804008 9560.44119599 
394.0 782.0 0.459141100009 9540.85889999 
455.0 781.0 0.0636674720006 9936.332528 
510.0 779.0 0.0287115560002 9971.288444 
540.0 792.0 0.109540000003 9890.46 
604.0 797.0 0.280433856004 9719.566144 
634.0 791.0 0.358239260006 9641.76073999 
701.0 790.0 0.0256000000007 9974.4 
730.0 779.0 0.086688656002 9913.311344 
787.0 794.0 0.233545140004 9766.45486 
827.0 789.0 0.273994980007 9726.00501999 
872.0 778.0 0.431645120011 9568.35487999 
930.0 776.0 0.334716344006 9665.28365599 
978.0 797.0 0.255240160002 9744.75984 
13.0 836.0 0.0893712000019 9910.6288 
81.0 822.0 0.188505560004 9811.49444 
116.0 824.0 0.278298208006 9721.70179199 
168.0 840.0 0.138562080004 9861.43792 
214.0 838.0 0.169968712005 9830.031288 
268.0 824.0 0.140107000001 9859.893 
301.0 830.0 0.0496000000013 9950.4 
366.0 826.0 0.279881760007 9720.11823999 
396.0 830.0 0.296151136007 9703.84886399 
460.0 827.0 0.0368282640008 9963.171736 
510.0 842.0 0.106708000003 9893.292 
548.0 831.0 0.204029900004 9795.9701 
597.0 825.0 0.175542772005 9824.457228 
632.0 839.0 0.257769168004 9742.230832 
683.0 832.0 0.0529705599999 9947.02944 
744.0 844.0 0.102549796003 9897.450204 
789.0 836.0 0.168641440004 9831.35856 
838.0 829.0 0.0554143720015 9944.585628 
869.0 824.0 0.272604500006 9727.39549999 
924.0 840.0 0.211302680004 9788.69732 
967.0 829.0 0.206806380002 9793.19362 
28.0 874.0 0.105402900002 9894.5971 
61.0 870.0 0.185116736004 9814.883264 
119.0 873.0 0.146479440004 9853.52056 
162.0 869.0 0.0406600000011 9959.34 
224.0 888.0 0.0731864000009 9926.8136 
253.0 876.0 0.158065956002 9841.934044 
313.0 885.0 0.0798413840019 9920.158616 
357.0 884.0 0.126373320003 9873.62668 
405.0 887.0 0.267837880006 9732.16211999 
457.0 884.0 0.0568163400009 9943.18366 
500.0 872.0 0.127922272003 9872.077728 
544.0 882.0 0.276472612008 9723.52738799 
600.0 871.0 0.144243296003 9855.756704 
642.0 888.0 0.190619940004 9809.38006 
686.0 887.0 0.0694014240011 9930.598576 
747.0 877.0 0.0711444160007 9928.855584 
792.0 880.0 0.156220780004 9843.77922 
838.0 885.0 0.153243040004 9846.75696 
870.0 880.0 0.231920212001 9768.079788 
922.0 878.0 0.142777856003 9857.222144 
967.0 870.0 0.171317884002 9828.682116 
12.0 926.0 0.0673761600006 9932.62384 
71.0 926.0 0.112139984003 9887.860016 
122.0 939.0 0.101184072001 9898.815928 
169.0 919.0 0.102188468001 9897.811532 
208.0 922.0 0.0994495680026 9900.550432 
265.0 933.0 0.0953766600022 9904.62334 
314.0 940.0 0.119663228001 9880.336772 
361.0 920.0 0.204526000005 9795.474 
404.0 939.0 0.163477960003 9836.52204 
452.0 932.0 0.0448020360009 9955.197964 
499.0 929.0 0.116961728003 9883.038272 
545.0 930.0 0.189298460004 9810.70154 
604.0 931.0 0.153179588003 9846.820412 
652.0 939.0 0.120350528002 9879.649472 
695.0 917.0 0.0353241560003 9964.675844 
735.0 920.0 0.0540759320011 9945.924068 
797.0 931.0 0.102456136003 9897.543864 
834.0 919.0 0.207496456005 9792.50354399 
883.0 939.0 0.0825776480023 9917.422352 
920.0 934.0 0.0375072800005 9962.49272 
968.0 926.0 0.0867176000003 9913.2824 
14.0 966.0 0.0270728160007 9972.927184 
79.0 968.0 0.052370080001 9947.62992 
130.0 983.0 0.042784000001 9957.216 
174.0 977.0 0.0548206320012 9945.179368 
223.0 966.0 0.045517764001 9954.482236 
262.0 978.0 0.0377431360003 9962.256864 
320.0 978.0 0.053497440001 9946.50256 
345.0 974.0 0.0872582080016 9912.741792 
394.0 984.0 0.0439800000011 9956.02 
445.0 980.0 0.0546923000008 9945.3077 
501.0 977.0 0.0762687360019 9923.731264 
543.0 966.0 0.0655964600011 9934.40354 
606.0 964.0 0.0348137280007 9965.186272 
645.0 978.0 0.0517206000011 9948.2794 
686.0 981.0 0.053680480001 9946.31952 
737.0 981.0 0.0362069040004 9963.793096 
782.0 967.0 0.0567470720009 9943.252928 
832.0 973.0 0.111486080002 9888.51392 
888.0 969.0 0.0261940000003 9973.806 
940.0 966.0 0.0517713600011 9948.22864 
970.0 972.0 0.0432913600012 9956.70864 
400.0 748.0 0.268749900002 9731.2501 
219.0 911.0 0.0811449160012 9918.855084 
607.0 829.0 0.361293340009 9638.70665999 
902.0 67.0 1.87936065605 8120.63934395 
257.0 311.0 0.143600128004 9856.399872 
506.0 794.0 0.119708800003 9880.2912 
374.0 469.0 0.0852074560019 9914.792544 
993.0 144.0 0.0183608319998 9981.639168 
192.0 199.0 0.430426528006 9569.57347199 
