1000.0 0.0
31.0 28.0 0.0207993000003 9979.2007 
79.0 23.0 0.0414600000011 9958.54 
117.0 19.0 0.100115948002 9899.884052 
177.0 26.0 0.197200624005 9802.799376 
213.0 32.0 0.130858472003 9869.141528 
268.0 31.0 0.121920000003 9878.08 
317.0 23.0 0.514928016014 9485.07198399 
364.0 31.0 0.567354912004 9432.645088 
411.0 28.0 0.180802292004 9819.197708 
446.0 34.0 0.178820000005 9821.18 
511.0 12.0 0.0512083200011 9948.79168 
543.0 22.0 0.158344440001 9841.65556 
600.0 28.0 0.166860640002 9833.13936 
644.0 35.0 0.292012936007 9707.98706399 
701.0 25.0 0.411023520011 9588.97647999 
747.0 23.0 0.248514032003 9751.485968 
775.0 21.0 0.171400000005 9828.6 
837.0 32.0 0.053224528001 9946.775472 
880.0 19.0 0.523461984014 9476.53801599 
923.0 22.0 0.670569192014 9329.43080799 
971.0 19.0 0.482011440006 9517.98855999 
26.0 64.0 0.0551726280011 9944.827372 
81.0 78.0 0.114891072003 9885.108928 
126.0 75.0 0.225485528005 9774.51447199 
158.0 72.0 0.293186096005 9706.813904 
207.0 63.0 0.315806000009 9684.19399999 
268.0 66.0 0.387943980007 9612.05601999 
314.0 73.0 0.484418796009 9515.58120399 
349.0 68.0 0.493780536012 9506.21946399 
406.0 63.0 0.44854267201 9551.45732799 
442.0 70.0 0.210340000006 9789.65999999 
509.0 68.0 0.0711154880016 9928.884512 
557.0 59.0 0.0840141120022 9915.985888 
593.0 69.0 0.139127400004 9860.8726 
634.0 82.0 0.236266000002 9763.734 
683.0 71.0 0.440180980004 9559.81902 
742.0 67.0 0.483169016011 9516.83098399 
791.0 82.0 0.388784080003 9611.21592 
841.0 77.0 0.294856840006 9705.14315999 
887.0 72.0 0.500294368004 9499.705632 
920.0 60.0 0.353913856009 9646.08614399 
974.0 59.0 0.266543892007 9733.45610799 
17.0 126.0 0.0377543440004 9962.245656 
74.0 121.0 0.0805117280019 9919.488272 
110.0 118.0 0.181225220004 9818.77478 
157.0 113.0 0.191185392005 9808.814608 
222.0 114.0 0.254598276007 9745.40172399 
255.0 126.0 0.202582720005 9797.41727999 
305.0 128.0 0.250216984007 9749.78301599 
366.0 121.0 0.0486436800006 9951.35632 
398.0 119.0 0.262479600006 9737.52039999 
449.0 126.0 0.0911782400021 9908.82176 
510.0 122.0 0.0684575000015 9931.5425 
550.0 127.0 0.0662794400014 9933.72056 
603.0 126.0 0.218363712005 9781.636288 
643.0 129.0 0.134712240003 9865.28776 
687.0 122.0 0.136521240004 9863.47876 
733.0 119.0 0.0503000000013 9949.7 
796.0 108.0 1.08196232803 8918.03767197 
839.0 108.0 1.27690176003 8723.09823997 
887.0 114.0 2.20364051206 7796.35948794 
936.0 129.0 2.16044368405 7839.55631595 
973.0 127.0 0.947520000025 9052.47999998 
23.0 176.0 0.046088400001 9953.9116 
76.0 175.0 0.114058064003 9885.941936 
117.0 174.0 0.188033180005 9811.96682 
170.0 160.0 0.125401360003 9874.59864 
221.0 161.0 0.146949200004 9853.0508 
264.0 162.0 0.193784820003 9806.21518 
318.0 173.0 0.241181744003 9758.818256 
369.0 163.0 0.0521387400008 9947.86126 
408.0 174.0 0.0856343880021 9914.365612 
457.0 158.0 0.106422996002 9893.577004 
510.0 166.0 0.0902740000012 9909.726 
547.0 162.0 0.0716790080012 9928.320992 
606.0 158.0 0.117319492001 9882.680508 
651.0 160.0 0.146234248004 9853.765752 
696.0 168.0 0.157518680003 9842.48132 
749.0 162.0 0.927019160024 9072.98083998 
780.0 167.0 2.91174230403 7088.25769597 
830.0 155.0 3.03134924004 6968.65075996 
871.0 172.0 1.82860448405 8171.39551595 
928.0 154.0 1.99582139205 8004.17860795 
964.0 162.0 1.00081088803 8999.18911197 
29.0 204.0 0.0375692560007 9962.430744 
70.0 225.0 0.0821101280023 9917.889872 
111.0 206.0 0.128561936003 9871.438064 
162.0 211.0 0.105367736 9894.632264 
209.0 224.0 0.0565400000015 9943.46 
253.0 218.0 0.0786169280014 9921.383072 
320.0 223.0 0.351125820004 9648.87418 
353.0 206.0 0.149000000004 9851.0 
413.0 215.0 0.143650472004 9856.349528 
449.0 206.0 0.190651408004 9809.348592 
501.0 204.0 0.0745965480013 9925.403452 
544.0 214.0 0.0487600000013 9951.24 
595.0 204.0 0.382908680009 9617.09131999 
630.0 222.0 1.22055584002 8779.44415998 
695.0 208.0 2.50855228004 7491.44771996 
742.0 217.0 2.48838501604 7511.61498396 
784.0 212.0 2.67975713603 7320.24286397 
835.0 222.0 0.828299400021 9171.70059998 
886.0 215.0 0.121251808003 9878.748192 
918.0 220.0 0.0942088480019 9905.791152 
970.0 213.0 0.143411344003 9856.588656 
12.0 268.0 0.0431122560009 9956.887744 
69.0 257.0 0.0686856400017 9931.31436 
108.0 258.0 0.0908400000024 9909.16 
164.0 254.0 0.0695370000013 9930.463 
205.0 263.0 0.037684472001 9962.315528 
271.0 258.0 0.232461536007 9767.53846399 
310.0 272.0 0.272715080005 9727.28492 
359.0 255.0 0.319172640007 9680.82735999 
408.0 258.0 0.340532072002 9659.467928 
449.0 258.0 0.390888660006 9609.11133999 
493.0 251.0 0.573974400015 9426.02559999 
535.0 265.0 1.16171922002 8838.28077998 
593.0 266.0 1.24613088001 8753.86911999 
645.0 253.0 1.74566660005 8254.33339995 
698.0 269.0 2.27561052006 7724.38947994 
728.0 252.0 2.58483610005 7415.16389995 
792.0 271.0 0.850081400022 9149.91859998 
832.0 267.0 0.0535015280014 9946.498472 
885.0 251.0 0.089605000001 9910.395 
936.0 253.0 0.102777792002 9897.222208 
984.0 269.0 0.0842422720013 9915.757728 
24.0 301.0 0.113638300001 9886.3617 
71.0 305.0 0.144642720002 9855.35728 
114.0 310.0 0.0953517600017 9904.64824 
177.0 306.0 0.0531981200013 9946.80188 
204.0 306.0 0.090032320002 9909.96768 
252.0 314.0 0.193731964001 9806.268036 
311.0 302.0 0.153932052003 9846.067948 
352.0 306.0 0.101020000003 9898.98 
414.0 314.0 0.438465000011 9561.53499999 
454.0 319.0 0.609085240011 9390.91475999 
505.0 311.0 0.791631264023 9208.36873598 
541.0 298.0 0.361133384009 9638.86661599 
586.0 297.0 0.38447788001 9615.52211999 
648.0 316.0 1.08343784001 8916.56215999 
695.0 310.0 1.44669768004 8553.30231996 
738.0 309.0 1.45979454404 8540.20545596 
778.0 311.0 0.0951534080021 9904.846592 
824.0 298.0 0.0748148720016 9925.185128 
873.0 313.0 0.327560000009 9672.43999999 
936.0 319.0 0.327560000009 9672.43999999 
984.0 303.0 0.0264034720003 9973.596528 
12.0 356.0 0.0687317840015 9931.268216 
78.0 354.0 0.0673892400011 9932.61076 
111.0 359.0 0.0726712800017 9927.32872 
173.0 347.0 0.0367943600007 9963.20564 
208.0 368.0 0.0791291360017 9920.870864 
255.0 366.0 0.129059544003 9870.940456 
308.0 351.0 0.117255408003 9882.744592 
347.0 357.0 0.158449200004 9841.5508 
402.0 357.0 0.317319584008 9682.68041599 
454.0 357.0 0.794003488019 9205.99651198 
503.0 354.0 0.0263381600007 9973.66184 
540.0 358.0 0.79004419602 9209.95580398 
583.0 358.0 1.09954032002 8900.45967998 
637.0 358.0 1.07426922 8925.73078 
690.0 359.0 0.671700000018 9328.29999998 
728.0 345.0 0.347643344009 9652.35665599 
791.0 353.0 0.0274437280006 9972.556272 
821.0 351.0 0.356715336009 9643.28466399 
873.0 365.0 0.813606560015 9186.39343999 
931.0 358.0 0.388034420008 9611.96557999 
982.0 360.0 0.0485800000013 9951.42 
18.0 409.0 0.0385392600008 9961.46074 
67.0 407.0 0.0700742400012 9929.92576 
121.0 414.0 0.0793565680018 9920.643432 
168.0 407.0 0.0988566400027 9901.14336 
214.0 409.0 0.147251544002 9852.748456 
265.0 400.0 0.240350560005 9759.64943999 
316.0 403.0 0.294236284004 9705.763716 
349.0 403.0 0.378855700005 9621.14429999 
406.0 399.0 0.453274960005 9546.72504 
460.0 407.0 0.710479840015 9289.52015999 
499.0 396.0 1.11746280001 8882.53719999 
555.0 398.0 1.01558665602 8984.41334398 
596.0 413.0 0.694091480016 9305.90851998 
642.0 396.0 0.769761944021 9230.23805598 
685.0 399.0 0.84219800001 9157.80199999 
747.0 413.0 0.211955620004 9788.04438 
788.0 415.0 0.513169600014 9486.83039999 
828.0 415.0 1.00688388003 8993.11611997 
873.0 407.0 1.01465728003 8985.34271997 
939.0 395.0 0.0774543840014 9922.545616 
964.0 408.0 0.0943487360005 9905.651264 
23.0 459.0 0.0718128280018 9928.187172 
76.0 459.0 0.159749940001 9840.25006 
118.0 447.0 0.0956841480019 9904.315852 
170.0 454.0 0.141716632003 9858.283368 
225.0 462.0 0.184067680004 9815.93232 
269.0 440.0 0.216756448004 9783.243552 
302.0 455.0 0.282965200007 9717.03479999 
363.0 441.0 0.123075840003 9876.92416 
402.0 452.0 0.373418272009 9626.58172799 
443.0 450.0 0.39064880801 9609.35119199 
497.0 448.0 1.03974872002 8960.25127998 
545.0 455.0 0.303627000007 9696.37299999 
602.0 456.0 0.399152540008 9600.84745999 
634.0 460.0 1.04176816002 8958.23183998 
680.0 453.0 1.21091148801 8789.08851199 
742.0 451.0 0.288839776007 9711.16022399 
777.0 444.0 0.0551613000005 9944.8387 
839.0 457.0 0.642251080016 9357.74891998 
872.0 441.0 0.499951536012 9500.04846399 
933.0 446.0 0.0450486520011 9954.951348 
978.0 461.0 0.0673286200015 9932.67138 
33.0 497.0 0.0516321600015 9948.36784 
63.0 509.0 0.105490548002 9894.509452 
124.0 488.0 0.183899712003 9816.100288 
174.0 494.0 0.215758000005 9784.24199999 
219.0 504.0 0.293492944005 9706.50705599 
262.0 500.0 0.39991968001 9600.08031999 
306.0 504.0 0.608015840015 9391.98415999 
354.0 508.0 0.713584544018 9286.41545598 
403.0 489.0 0.932565008022 9067.43499198 
451.0 502.0 1.21303830002 8786.96169998 
508.0 490.0 0.788142440001 9211.85756 
543.0 499.0 0.75518439202 9244.81560798 
594.0 503.0 1.01919529601 8980.80470399 
637.0 500.0 0.40196305601 9598.03694399 
686.0 505.0 0.51141296001 9488.58703999 
743.0 491.0 0.197444208004 9802.555792 
791.0 494.0 0.242053792006 9757.94620799 
839.0 488.0 0.567179800005 9432.8202 
881.0 500.0 0.202210440005 9797.78956 
919.0 507.0 0.0407400000011 9959.26 
981.0 508.0 0.0284286480008 9971.571352 
30.0 544.0 0.0380108240006 9961.989176 
75.0 539.0 0.0605092000014 9939.4908 
114.0 546.0 0.0855132400013 9914.48676 
170.0 557.0 0.142129920004 9857.87008 
221.0 537.0 0.351668400006 9648.33159999 
259.0 537.0 0.506285736012 9493.71426399 
310.0 547.0 0.525265680011 9474.73431999 
358.0 545.0 0.404073160011 9595.92683999 
405.0 548.0 0.92094299202 9079.05700798 
463.0 540.0 0.866229944009 9133.77005599 
496.0 537.0 1.01464386802 8985.35613198 
553.0 549.0 0.878561956013 9121.43804399 
606.0 541.0 0.850960864024 9149.03913598 
632.0 544.0 0.554485444014 9445.51455599 
691.0 555.0 0.206510900004 9793.4891 
737.0 551.0 0.308558764003 9691.441236 
782.0 549.0 0.483328680003 9516.67132 
838.0 546.0 0.549620200011 9450.37979999 
892.0 539.0 0.174746872004 9825.253128 
921.0 536.0 0.0421393200011 9957.86068 
966.0 544.0 0.0446413440004 9955.358656 
19.0 589.0 0.00784000000021 9992.16 
79.0 599.0 0.00784000000021 9992.16 
118.0 588.0 0.0479865600012 9952.01344 
177.0 591.0 0.0708757800017 9929.12422 
208.0 583.0 0.172491180004 9827.50882 
271.0 605.0 0.0374887360007 9962.511264 
298.0 598.0 0.116647200001 9883.3528 
355.0 588.0 0.350211360009 9649.78863999 
403.0 592.0 0.617557760016 9382.44223998 
460.0 605.0 0.279645120007 9720.35487999 
501.0 602.0 0.0584123200008 9941.58768 
549.0 586.0 0.292236360008 9707.76363999 
586.0 602.0 0.153680000004 9846.32 
647.0 585.0 0.0846537280022 9915.346272 
691.0 593.0 0.150274160004 9849.72584 
726.0 595.0 0.287996068002 9712.003932 
773.0 597.0 0.298912660007 9701.08733999 
827.0 585.0 0.239000100003 9760.9999 
879.0 585.0 0.201318472005 9798.681528 
938.0 601.0 0.0163400000004 9983.66 
985.0 600.0 0.0306849000001 9969.3151 
21.0 643.0 0.0282447680004 9971.755232 
76.0 644.0 0.0770950040008 9922.904996 
117.0 648.0 0.0852867000011 9914.7133 
172.0 642.0 0.0766751200019 9923.32488 
216.0 644.0 0.0572400000015 9942.76 
263.0 636.0 0.0371985040009 9962.801496 
314.0 637.0 0.0826170560014 9917.382944 
347.0 635.0 0.192733280005 9807.26672 
395.0 631.0 0.550671120012 9449.32887999 
455.0 639.0 0.163387600002 9836.6124 
498.0 643.0 0.322100416009 9677.89958399 
557.0 649.0 0.324374400002 9675.6256 
598.0 638.0 0.0102524800003 9989.74752 
653.0 652.0 0.113840000003 9886.16 
701.0 638.0 0.0846680000021 9915.332 
726.0 647.0 0.219189472004 9780.810528 
796.0 633.0 0.0838663600014 9916.13364 
839.0 631.0 0.072703760001 9927.29624 
871.0 631.0 0.131520000003 9868.48 
932.0 640.0 0.0108059360003 9989.194064 
980.0 635.0 0.0128303999999 9987.1696 
33.0 702.0 0.0322600000008 9967.74 
60.0 696.0 0.203882016004 9796.117984 
116.0 696.0 0.478516328007 9521.48367199 
177.0 679.0 0.061246144001 9938.753856 
217.0 688.0 0.196969768005 9803.030232 
251.0 691.0 0.194818024005 9805.181976 
299.0 686.0 0.171820000005 9828.18 
360.0 693.0 0.0770362720019 9922.963728 
394.0 687.0 0.545198512003 9454.801488 
453.0 690.0 0.252274180004 9747.72582 
501.0 688.0 0.165395088004 9834.604912 
540.0 699.0 0.254548072004 9745.451928 
590.0 689.0 0.290193704007 9709.80629599 
641.0 694.0 0.256396256 9743.603744 
699.0 681.0 0.176617008004 9823.382992 
743.0 695.0 0.189805492001 9810.194508 
794.0 689.0 0.153111920004 9846.88808 
841.0 689.0 0.153751712003 9846.248288 
875.0 682.0 0.290864276008 9709.13572399 
928.0 699.0 0.223186424002 9776.813576 
972.0 700.0 0.105580000003 9894.42 
13.0 739.0 0.0508780800014 9949.12192 
59.0 737.0 0.070090288002 9929.909712 
129.0 741.0 0.363316904002 9636.683096 
163.0 728.0 0.491269624008 9508.73037599 
209.0 743.0 0.588118496007 9411.88150399 
265.0 729.0 0.434023700009 9565.97629999 
307.0 733.0 0.223602488006 9776.39751199 
358.0 727.0 0.340392000008 9659.60799999 
403.0 740.0 0.409098000006 9590.90199999 
454.0 744.0 0.185694976003 9814.305024 
500.0 746.0 0.140377960003 9859.62204 
555.0 747.0 0.150900960003 9849.09904 
594.0 741.0 0.166206080004 9833.79392 
649.0 741.0 0.245868568006 9754.13143199 
681.0 738.0 0.203124140006 9796.87585999 
749.0 730.0 0.102776608002 9897.223392 
774.0 741.0 0.087057044002 9912.942956 
840.0 726.0 0.297088420008 9702.91157999 
879.0 743.0 0.118495132003 9881.504868 
933.0 742.0 0.153050200003 9846.9498 
982.0 734.0 0.118157248003 9881.842752 
21.0 777.0 0.0712960160015 9928.703984 
78.0 786.0 0.189173680005 9810.82632 
108.0 787.0 0.237921412004 9762.078588 
169.0 792.0 0.0897284000007 9910.2716 
213.0 790.0 0.283006900007 9716.99309999 
257.0 791.0 0.123620000003 9876.38 
299.0 785.0 0.0158000000004 9984.2 
360.0 777.0 0.190515168005 9809.484832 
396.0 783.0 0.293069896007 9706.93010399 
448.0 781.0 0.134418980003 9865.58102 
503.0 794.0 0.0845458400021 9915.45416 
539.0 776.0 0.100400796002 9899.599204 
589.0 774.0 0.112797000002 9887.203 
636.0 783.0 0.182006596004 9817.993404 
682.0 792.0 0.118151000003 9881.849 
727.0 791.0 0.0892400000023 9910.76 
776.0 780.0 0.104049300002 9895.9507 
833.0 782.0 0.217222020005 9782.77797999 
888.0 780.0 0.0711480160016 9928.851984 
930.0 795.0 0.176281776005 9823.718224 
985.0 797.0 0.149386464001 9850.613536 
29.0 831.0 0.0867592000022 9913.2408 
67.0 826.0 0.209447628005 9790.55237199 
129.0 834.0 0.137983872003 9862.016128 
157.0 836.0 0.0949441600019 9905.05584 
214.0 822.0 0.241188480006 9758.81151999 
250.0 830.0 0.223378240003 9776.62176 
310.0 842.0 0.0623771200017 9937.62288 
354.0 828.0 0.155954996004 9844.045004 
400.0 839.0 0.264719936003 9735.280064 
453.0 836.0 0.102206800002 9897.7932 
501.0 840.0 0.0910800000024 9908.92 
552.0 837.0 0.0910800000024 9908.92 
592.0 821.0 0.0611617280016 9938.838272 
646.0 838.0 0.125215000002 9874.785 
692.0 829.0 0.0897952600018 9910.20474 
743.0 827.0 0.113582016 9886.417984 
796.0 829.0 0.169356360004 9830.64364 
829.0 826.0 0.154275584004 9845.724416 
885.0 843.0 0.0766110000013 9923.389 
928.0 838.0 0.0740600000019 9925.94 
980.0 835.0 0.0744786480016 9925.521352 
17.0 871.0 0.0703867600018 9929.61324 
66.0 884.0 0.150612620003 9849.38738 
126.0 873.0 0.0627600000016 9937.24 
176.0 873.0 0.188931868004 9811.068132 
216.0 870.0 0.295546752004 9704.453248 
260.0 892.0 0.0901800000024 9909.82 
318.0 871.0 0.0251299000003 9974.8701 
357.0 870.0 0.164540800004 9835.4592 
396.0 876.0 0.173303980005 9826.69602 
463.0 873.0 0.0624967600012 9937.50324 
499.0 887.0 0.152802432003 9847.197568 
551.0 875.0 0.101764460002 9898.23554 
605.0 884.0 0.0570600000015 9942.94 
653.0 876.0 0.0518760160009 9948.123984 
680.0 880.0 0.169343840003 9830.65616 
729.0 883.0 0.174589008002 9825.410992 
776.0 891.0 0.0574600000015 9942.54 
832.0 879.0 0.0608400720013 9939.159928 
886.0 870.0 0.157794280004 9842.20572 
938.0 873.0 0.1655912 9834.4088 
974.0 880.0 0.110271720003 9889.72828 
28.0 928.0 0.0937103200024 9906.28968 
81.0 934.0 0.0851765000018 9914.8235 
114.0 937.0 0.0517576640013 9948.242336 
164.0 923.0 0.138394480001 9861.60552 
215.0 925.0 0.140761072003 9859.238928 
265.0 923.0 0.0431185840011 9956.881416 
312.0 938.0 0.066598240001 9933.40176 
345.0 939.0 0.100446084002 9899.553916 
398.0 931.0 0.150929680003 9849.07032 
445.0 928.0 0.0805497120002 9919.450288 
510.0 926.0 0.176829400003 9823.1706 
555.0 940.0 0.0998487000014 9900.1513 
606.0 928.0 0.0708384360011 9929.161564 
645.0 927.0 0.0761273680009 9923.872632 
692.0 927.0 0.133099380002 9866.90062 
733.0 939.0 0.0918620480014 9908.137952 
781.0 928.0 0.0289677120004 9971.032288 
835.0 939.0 0.0245000000006 9975.5 
887.0 938.0 0.104096656002 9895.903344 
916.0 918.0 0.210494220004 9789.50578 
965.0 932.0 0.112928880001 9887.07112 
12.0 981.0 0.0305950200005 9969.40498 
66.0 984.0 0.00854000000022 9991.46 
126.0 968.0 0.0484346040009 9951.565396 
156.0 975.0 0.084440320001 9915.55968 
224.0 967.0 0.0359343600004 9964.06564 
256.0 974.0 0.0369819280006 9963.018072 
311.0 964.0 0.0325679960008 9967.432004 
367.0 980.0 0.0923864400021 9907.61356 
413.0 974.0 0.092358880002 9907.64112 
456.0 985.0 0.0527745600011 9947.22544 
506.0 987.0 0.0370772000008 9962.9228 
558.0 978.0 0.0517389880011 9948.261012 
598.0 968.0 0.0933687680021 9906.631232 
639.0 980.0 0.0373092400008 9962.69076 
698.0 966.0 0.0345889200009 9965.41108 
737.0 968.0 0.041233492001 9958.766508 
783.0 977.0 0.0361642000004 9963.8358 
844.0 969.0 0.044862120001 9955.13788 
873.0 987.0 0.0527928720007 9947.207128 
931.0 983.0 0.0365259200006 9963.47408 
973.0 967.0 0.0547355720005 9945.264428 
548.0 951.0 0.0730008040004 9926.999196 
109.0 791.0 0.304055600006 9695.94439999 
702.0 603.0 0.133102400003 9866.8976 
100.0 19.0 0.0250843640007 9974.915636 
647.0 798.0 0.106892216002 9893.107784 
884.0 0.0 0.371739960009 9628.26003999 
919.0 60.0 0.354459992009 9645.54000799 
566.0 117.0 0.103383308002 9896.616692 
856.0 442.0 0.689040064005 9310.95993599 
845.0 881.0 0.0696446080013 9930.355392 
44.0 722.0 0.0843352480017 9915.664752 
246.0 77.0 0.345246540004 9654.75346 
261.0 373.0 0.136576552003 9863.423448 
658.0 262.0 1.51952686803 8480.47313197 
51.0 777.0 0.230815672006 9769.18432799 
915.0 738.0 0.167061320004 9832.93868 
438.0 438.0 0.428872844011 9571.12715599 
662.0 452.0 0.78518772802 9214.81227198 
914.0 49.0 0.553289560012 9446.71043999 
677.0 735.0 0.137975872004 9862.024128 
527.0 882.0 0.17286464 9827.13536 
502.0 32.0 0.0683583600017 9931.64164 
625.0 464.0 0.694237424018 9305.76257598 
691.0 715.0 0.206556288005 9793.443712 
479.0 908.0 0.185590640003 9814.40936 
953.0 757.0 0.207282960005 9792.71704 
530.0 1.0 0.0580774800015 9941.92252 
553.0 826.0 0.0722301440015 9927.769856 
705.0 32.0 0.255938368007 9744.06163199 
530.0 329.0 0.223166872005 9776.83312799 
945.0 837.0 0.111540000003 9888.46 
967.0 869.0 0.108406768003 9891.593232 
883.0 146.0 3.38931536003 6610.68463997 
562.0 480.0 0.320396416008 9679.60358399 
