1000.0 0.0
27.0 26.0 0.0429829760011 9957.017024 
61.0 31.0 0.0983290560013 9901.670944 
115.0 12.0 0.119212136003 9880.787864 
166.0 31.0 0.166341800003 9833.6582 
207.0 13.0 0.195062000001 9804.938 
246.0 31.0 0.287998636002 9712.001364 
304.0 15.0 0.0283629000003 9971.6371 
340.0 18.0 0.167871784003 9832.128216 
387.0 31.0 0.325126480007 9674.87351999 
441.0 23.0 0.165297236002 9834.702764 
475.0 16.0 0.172568800004 9827.4312 
523.0 24.0 0.217110000003 9782.89 
558.0 29.0 0.528049764008 9471.95023599 
604.0 28.0 0.0275714080007 9972.428592 
655.0 18.0 0.0680518520012 9931.948148 
694.0 18.0 0.124139824001 9875.860176 
754.0 24.0 0.0225854000001 9977.4146 
784.0 32.0 0.0186475960003 9981.352404 
848.0 13.0 0.108146432002 9891.853568 
891.0 33.0 0.698381456017 9301.61854398 
934.0 20.0 0.739456920019 9260.54307998 
971.0 16.0 1.52884226001 8471.15773999 
17.0 59.0 0.0698358400016 9930.16416 
63.0 76.0 0.0862810040022 9913.718996 
105.0 75.0 0.0247600000006 9975.24 
164.0 72.0 0.136836680003 9863.16332 
195.0 70.0 0.130330232003 9869.669768 
244.0 63.0 0.219834804005 9780.16519599 
292.0 60.0 0.378327808008 9621.67219199 
351.0 65.0 0.422536460009 9577.46353999 
392.0 75.0 0.446107944007 9553.89205599 
437.0 68.0 0.179277864004 9820.722136 
484.0 63.0 0.850512736019 9149.48726398 
522.0 74.0 1.15865836 8841.34164 
563.0 78.0 1.24845206402 8751.54793598 
603.0 65.0 0.510540000013 9489.45999999 
666.0 69.0 0.0756831760018 9924.316824 
706.0 68.0 0.186779720003 9813.22028 
745.0 61.0 0.164801764005 9835.198236 
796.0 65.0 0.0821200000022 9917.88 
840.0 62.0 0.155775580004 9844.22442 
878.0 63.0 1.37014538404 8629.85461596 
933.0 72.0 2.19777866405 7802.22133595 
976.0 67.0 2.35153099205 7648.46900795 
26.0 111.0 0.0651889360012 9934.811064 
73.0 121.0 0.128675232004 9871.324768 
102.0 112.0 0.0948240400014 9905.17596 
161.0 123.0 0.263058688006 9736.94131199 
203.0 104.0 0.160123560003 9839.87644 
245.0 124.0 0.233488624006 9766.51137599 
292.0 112.0 0.137969800003 9862.0302 
341.0 109.0 0.315184752007 9684.81524799 
389.0 119.0 0.403042928011 9596.95707199 
438.0 106.0 0.627161560012 9372.83843999 
481.0 115.0 1.23956867202 8760.43132798 
531.0 104.0 1.09781088403 8902.18911597 
575.0 123.0 1.30365852002 8696.34147998 
610.0 119.0 1.12269915999 8877.30084001 
656.0 114.0 0.00792000000021 9992.08 
709.0 104.0 0.143602960003 9856.39704 
746.0 110.0 0.173859892004 9826.140108 
791.0 104.0 0.129094120002 9870.90588 
844.0 111.0 0.768377120017 9231.62287998 
887.0 116.0 2.02527260803 7974.72739197 
941.0 122.0 2.03955937603 7960.44062397 
982.0 113.0 1.22665155203 8773.34844797 
13.0 155.0 0.0366248200009 9963.37518 
76.0 149.0 0.108448444002 9891.551556 
119.0 151.0 0.208013936003 9791.986064 
149.0 156.0 0.225504536005 9774.49546399 
208.0 156.0 0.383880956007 9616.11904399 
255.0 168.0 0.450801664007 9549.19833599 
306.0 160.0 0.174870400004 9825.1296 
343.0 165.0 0.536831840005 9463.16816 
387.0 153.0 0.594966448014 9405.03355199 
437.0 149.0 0.841291024014 9158.70897599 
471.0 156.0 0.737848100019 9262.15189998 
514.0 168.0 0.197450880005 9802.54911999 
556.0 154.0 0.970746720025 9029.25327998 
604.0 150.0 1.36907522404 8630.92477596 
662.0 170.0 0.0427539360006 9957.246064 
707.0 168.0 0.0779816840009 9922.018316 
747.0 151.0 0.0958232000027 9904.1768 
803.0 159.0 0.755028040019 9244.97195998 
849.0 164.0 0.658176696015 9341.82330398 
892.0 152.0 1.67780559601 8322.19440399 
920.0 169.0 1.11547560003 8884.52439997 
981.0 154.0 0.567953856014 9432.04614399 
18.0 203.0 0.0696106840015 9930.389316 
66.0 210.0 0.0786568000015 9921.3432 
102.0 212.0 0.0661800000017 9933.82 
155.0 199.0 0.0466364880009 9953.363512 
210.0 212.0 0.184310256005 9815.68974399 
240.0 200.0 0.253104920006 9746.89507999 
305.0 196.0 0.473438340004 9526.56166 
332.0 205.0 0.234568500006 9765.43149999 
381.0 207.0 0.527096320013 9472.90367999 
437.0 194.0 0.271336944007 9728.66305599 
471.0 210.0 0.462989088012 9537.01091199 
515.0 206.0 0.162785060003 9837.21494 
577.0 203.0 0.176781536005 9823.218464 
611.0 213.0 0.203484960006 9796.51503999 
654.0 201.0 0.0951090400022 9904.89096 
701.0 210.0 0.252519040006 9747.48095999 
743.0 214.0 0.330459080008 9669.54091999 
806.0 209.0 1.15777222402 8842.22777598 
844.0 199.0 1.73511212004 8264.88787996 
897.0 198.0 1.76466052003 8235.33947997 
933.0 201.0 0.551195776014 9448.80422399 
975.0 211.0 0.0272247680004 9972.775232 
21.0 239.0 0.125525272002 9874.474728 
74.0 254.0 0.162251296003 9837.748704 
103.0 246.0 0.0939224360018 9906.077564 
163.0 241.0 0.0362850000009 9963.715 
205.0 260.0 0.102673892003 9897.326108 
242.0 260.0 0.193018260001 9806.98174 
296.0 255.0 0.216054000003 9783.946 
351.0 260.0 0.713888240019 9286.11175998 
394.0 241.0 1.03457856001 8965.42143999 
432.0 260.0 1.21189050003 8788.10949997 
487.0 260.0 1.29192696003 8708.07303997 
532.0 241.0 0.123225144002 9876.774856 
570.0 244.0 0.119097464003 9880.902536 
624.0 258.0 0.0877693840017 9912.230616 
649.0 239.0 0.242900608005 9757.099392 
697.0 247.0 0.313338480003 9686.66152 
742.0 249.0 0.452899920009 9547.10007999 
784.0 241.0 0.788474256015 9211.52574399 
832.0 243.0 1.35276074401 8647.23925599 
881.0 239.0 1.29252048001 8707.47951999 
922.0 242.0 0.849871788022 9150.12821198 
974.0 248.0 0.132080000003 9867.92 
23.0 290.0 0.0856411400003 9914.35886 
72.0 288.0 0.0972363040012 9902.763696 
109.0 300.0 0.146986296003 9853.013704 
159.0 303.0 0.0945843840017 9905.415616 
198.0 298.0 0.0499600000013 9950.04 
240.0 293.0 0.119365096002 9880.634904 
301.0 291.0 0.0859786840016 9914.021316 
346.0 295.0 0.336620440009 9663.37955999 
379.0 288.0 0.928510256019 9071.48974398 
440.0 298.0 0.360900736009 9639.09926399 
483.0 287.0 1.05382692403 8946.17307597 
525.0 300.0 1.45407299202 8545.92700798 
578.0 293.0 0.0289116200006 9971.08838 
602.0 300.0 0.529420000014 9470.57999999 
662.0 302.0 0.621160000016 9378.83999998 
713.0 292.0 0.134295440003 9865.70456 
755.0 296.0 0.195332616003 9804.667384 
801.0 299.0 0.612312684016 9387.68731598 
833.0 292.0 1.02879171203 8971.20828797 
891.0 289.0 0.632688080016 9367.31191998 
940.0 288.0 0.136787248003 9863.212752 
970.0 296.0 0.263748000006 9736.25199999 
12.0 346.0 0.0588745120007 9941.125488 
67.0 345.0 0.0393250880004 9960.674912 
109.0 343.0 0.129266060003 9870.73394 
169.0 332.0 0.216877260005 9783.12273999 
205.0 339.0 0.281785208007 9718.21479199 
250.0 335.0 0.246656560006 9753.34343999 
297.0 347.0 0.690636592007 9309.36340799 
346.0 336.0 0.801025316013 9198.97468399 
394.0 342.0 0.566736588015 9433.26341199 
442.0 345.0 0.127953856003 9872.046144 
478.0 349.0 0.372535080007 9627.46491999 
524.0 342.0 0.828192136021 9171.80786398 
574.0 331.0 1.75889638403 8241.10361597 
624.0 337.0 1.37937250403 8620.62749597 
668.0 350.0 0.692030800018 9307.96919998 
699.0 345.0 0.22109368 9778.90632 
750.0 334.0 0.068880692001 9931.119308 
792.0 349.0 0.276760000007 9723.23999999 
835.0 335.0 0.958162080008 9041.83791999 
886.0 338.0 0.305351712008 9694.64828799 
929.0 341.0 0.0254600000007 9974.54 
988.0 339.0 0.338854176004 9661.145824 
14.0 386.0 0.0355399840009 9964.460016 
74.0 396.0 0.0942517280023 9905.748272 
113.0 395.0 0.188066420004 9811.93358 
155.0 378.0 0.268649600006 9731.35039999 
206.0 379.0 0.308862880004 9691.13712 
242.0 382.0 0.496429732006 9503.57026799 
287.0 386.0 0.627184220012 9372.81577999 
348.0 383.0 0.322782432008 9677.21756799 
377.0 396.0 0.217083700004 9782.9163 
432.0 376.0 0.248344760005 9751.65523999 
487.0 394.0 0.214212520006 9785.78747999 
518.0 381.0 0.295485764008 9704.51423599 
578.0 391.0 0.0595525360015 9940.447464 
609.0 386.0 0.587656304015 9412.34369598 
651.0 385.0 0.737790800016 9262.20919998 
703.0 384.0 0.257274924007 9742.72507599 
751.0 377.0 0.353551800009 9646.44819999 
805.0 376.0 0.940008804006 9059.99119599 
842.0 393.0 0.75455097202 9245.44902798 
884.0 377.0 0.0610443880002 9938.955612 
928.0 392.0 0.202282080005 9797.71792 
980.0 376.0 0.296805836004 9703.194164 
27.0 423.0 0.085803520002 9914.19648 
59.0 439.0 0.141124184003 9858.875816 
114.0 440.0 0.137638808003 9862.361192 
157.0 433.0 0.254592816006 9745.40718399 
214.0 428.0 0.329849600008 9670.15039999 
250.0 423.0 0.486522432007 9513.47756799 
298.0 439.0 0.365994616008 9634.00538399 
351.0 421.0 0.152273096001 9847.726904 
393.0 420.0 0.093571960002 9906.42804 
420.0 439.0 0.0414000000011 9958.6 
486.0 423.0 0.060280064001 9939.719936 
532.0 421.0 0.0824324960018 9917.567504 
566.0 421.0 0.0918903040026 9908.109696 
610.0 421.0 0.161168200004 9838.8318 
661.0 420.0 0.0985676000014 9901.4324 
704.0 437.0 0.105877160003 9894.12284 
753.0 440.0 0.0740800000019 9925.92 
784.0 423.0 0.612809200013 9387.19079999 
837.0 422.0 0.82369408001 9176.30591999 
896.0 430.0 0.265266544006 9734.73345599 
921.0 434.0 0.128543440003 9871.45656 
970.0 422.0 0.254791264004 9745.208736 
23.0 475.0 0.0794790400017 9920.52096 
60.0 468.0 0.125953440002 9874.04656 
105.0 477.0 0.074400000002 9925.6 
168.0 475.0 0.146987040004 9853.01296 
194.0 477.0 0.238290000006 9761.70999999 
244.0 477.0 0.246658144003 9753.341856 
304.0 480.0 0.604801268016 9395.19873198 
340.0 467.0 0.383140796009 9616.85920399 
379.0 477.0 0.78791375602 9212.08624398 
437.0 474.0 0.822555128021 9177.44487198 
480.0 469.0 1.69984971204 8300.15028796 
515.0 480.0 0.808940000021 9191.05999998 
557.0 477.0 0.121193392003 9878.806608 
617.0 486.0 0.179100000005 9820.9 
668.0 475.0 0.0404654960005 9959.534504 
695.0 475.0 0.106380000003 9893.62 
758.0 483.0 0.0116033120003 9988.396688 
796.0 477.0 0.207805520004 9792.19448 
849.0 472.0 0.628130064004 9371.869936 
895.0 485.0 0.189057180005 9810.94282 
939.0 470.0 0.168235560003 9831.76444 
984.0 466.0 0.120841792003 9879.158208 
31.0 515.0 0.0513668400011 9948.63316 
60.0 520.0 0.124978848003 9875.021152 
123.0 518.0 0.0491049600008 9950.89504 
157.0 520.0 0.108199804002 9891.800196 
201.0 525.0 0.236060472005 9763.939528 
256.0 511.0 0.626967280016 9373.03271998 
305.0 531.0 0.905391948013 9094.60805199 
340.0 525.0 1.48948691203 8510.51308797 
392.0 517.0 2.49830055205 7501.69944795 
433.0 523.0 1.43806344004 8561.93655996 
474.0 526.0 1.52076968004 8479.23031996 
528.0 522.0 0.0707282120014 9929.271788 
568.0 520.0 0.222458292004 9777.541708 
616.0 515.0 0.0986705680024 9901.329432 
659.0 518.0 0.2427497 9757.2503 
701.0 523.0 0.167792080004 9832.20792 
757.0 525.0 0.126708140003 9873.29186 
798.0 533.0 0.179851120002 9820.14888 
846.0 525.0 0.382266472009 9617.73352799 
885.0 519.0 0.577904220004 9422.09578 
942.0 523.0 0.218370744005 9781.629256 
975.0 522.0 0.0295586720005 9970.441328 
28.0 576.0 0.0343505880004 9965.649412 
64.0 571.0 0.073655336002 9926.344664 
110.0 562.0 0.0350066000006 9964.9934 
157.0 571.0 0.0719632000008 9928.0368 
203.0 563.0 0.50159160001 9498.40839999 
256.0 560.0 0.983013128007 9016.98687199 
298.0 565.0 0.38747793601 9612.52206399 
347.0 574.0 0.52603000001 9473.96999999 
392.0 574.0 1.60288072804 8397.11927196 
423.0 559.0 1.64166430003 8358.33569997 
481.0 575.0 0.0705975200016 9929.40248 
512.0 560.0 0.173074800003 9826.9252 
556.0 578.0 0.313811792004 9686.188208 
614.0 576.0 0.240221200005 9759.77879999 
649.0 566.0 0.307100960003 9692.89904 
708.0 557.0 0.180694300004 9819.3057 
739.0 577.0 0.0438755920012 9956.124408 
799.0 577.0 0.0695001120016 9930.499888 
848.0 576.0 0.247208200005 9752.7918 
896.0 566.0 0.455919960004 9544.08004 
923.0 576.0 0.242974360006 9757.02563999 
969.0 558.0 0.0452077760008 9954.792224 
15.0 617.0 0.055967300001 9944.0327 
79.0 607.0 0.0818023400021 9918.19766 
115.0 624.0 0.0912857200022 9908.71428 
164.0 618.0 0.163010688004 9836.989312 
200.0 622.0 0.441355200011 9558.64479999 
242.0 616.0 0.724513840009 9275.48615999 
298.0 614.0 0.260217740006 9739.78225999 
334.0 611.0 0.223955456005 9776.044544 
377.0 614.0 0.608970816013 9391.02918399 
425.0 602.0 1.21549845201 8784.50154799 
476.0 611.0 0.38991212001 9610.08787999 
519.0 622.0 0.199383800004 9800.6162 
559.0 619.0 0.197045080005 9802.95491999 
623.0 623.0 0.0774688800017 9922.53112 
651.0 610.0 0.225179600006 9774.82039999 
708.0 608.0 0.0543808920008 9945.619108 
738.0 616.0 0.269600000007 9730.39999999 
801.0 610.0 0.0542217200012 9945.77828 
848.0 619.0 0.0752915280015 9924.708472 
893.0 614.0 0.310932032007 9689.06796799 
927.0 610.0 0.352841780006 9647.15821999 
978.0 620.0 0.190417840003 9809.58216 
27.0 656.0 0.0258040400003 9974.19596 
61.0 650.0 0.111972104003 9888.027896 
106.0 657.0 0.180362976002 9819.637024 
164.0 657.0 0.220104612004 9779.895388 
211.0 650.0 0.311786900008 9688.21309999 
242.0 664.0 0.642984352018 9357.01564798 
303.0 654.0 0.111495280002 9888.50472 
349.0 653.0 0.149182440003 9850.81756 
392.0 662.0 0.106286628002 9893.713372 
436.0 656.0 1.06262088002 8937.37911998 
487.0 649.0 0.0685419320016 9931.458068 
523.0 660.0 0.138402720003 9861.59728 
571.0 654.0 0.175895084004 9824.104916 
617.0 658.0 0.248892080005 9751.10792 
651.0 660.0 0.191810000005 9808.18999999 
695.0 667.0 0.370930304009 9629.06969599 
745.0 663.0 0.686946416014 9313.05358399 
784.0 669.0 0.319540000008 9680.45999999 
845.0 670.0 0.0499734160011 9950.026584 
879.0 659.0 0.143454400002 9856.5456 
931.0 664.0 0.213590048005 9786.409952 
984.0 660.0 0.152855568003 9847.144432 
15.0 699.0 0.0165200000004 9983.48 
77.0 703.0 0.133696632003 9866.303368 
117.0 706.0 0.214332816004 9785.667184 
161.0 696.0 0.262207392006 9737.79260799 
194.0 714.0 0.435490656012 9564.50934399 
248.0 704.0 0.501638688009 9498.36131199 
296.0 696.0 0.0781268680014 9921.873132 
347.0 714.0 0.289876000008 9710.12399999 
392.0 709.0 0.292622760007 9707.37723999 
441.0 697.0 0.92655464002 9073.44535998 
480.0 714.0 0.355895648009 9644.10435199 
534.0 704.0 0.0919215800003 9908.07842 
561.0 713.0 0.0738600000019 9926.14 
624.0 713.0 0.175479368003 9824.520632 
652.0 699.0 0.206411960004 9793.58804 
705.0 693.0 0.542380000014 9457.61999999 
755.0 702.0 0.833890688017 9166.10931198 
786.0 699.0 0.595373824015 9404.62617599 
842.0 697.0 0.119567076003 9880.432924 
895.0 694.0 0.0665740560013 9933.425944 
927.0 693.0 0.0986414840026 9901.358516 
980.0 697.0 0.132141000003 9867.859 
23.0 756.0 0.0559623120004 9944.037688 
66.0 758.0 0.123810000003 9876.19 
118.0 755.0 0.196046004005 9803.953996 
169.0 749.0 0.274328400007 9725.67159999 
207.0 745.0 0.307681496007 9692.31850399 
253.0 758.0 0.308784120007 9691.21587999 
294.0 753.0 0.264100944007 9735.89905599 
338.0 761.0 0.714150800017 9285.84919998 
379.0 756.0 0.923525400015 9076.47459999 
436.0 745.0 0.931636412016 9068.36358798 
487.0 740.0 0.289875100007 9710.12489999 
520.0 739.0 0.0772224360008 9922.777564 
575.0 745.0 0.128737800003 9871.2622 
605.0 751.0 0.104850940002 9895.14906 
655.0 754.0 0.317557864007 9682.44213599 
708.0 759.0 0.655485992017 9344.51400798 
758.0 748.0 0.642701500015 9357.29849999 
792.0 743.0 0.477254384012 9522.74561599 
839.0 746.0 0.250327608005 9749.672392 
887.0 743.0 0.161340000004 9838.66 
920.0 755.0 0.082213072002 9917.786928 
983.0 744.0 0.0852480480023 9914.751952 
25.0 804.0 0.0369005120009 9963.099488 
74.0 794.0 0.205237448003 9794.762552 
117.0 797.0 0.0995000000026 9900.5 
166.0 786.0 0.206780920005 9793.21907999 
203.0 806.0 0.137963252003 9862.036748 
258.0 796.0 0.186525548004 9813.474452 
294.0 794.0 0.537409700012 9462.59029999 
350.0 787.0 0.512486848007 9487.51315199 
382.0 787.0 0.623078160018 9376.92183998 
442.0 790.0 0.276256676007 9723.74332399 
470.0 800.0 0.0254800000007 9974.52 
529.0 788.0 0.0668995200011 9933.10048 
570.0 789.0 0.0626306800015 9937.36932 
610.0 785.0 0.0797689840019 9920.231016 
664.0 805.0 0.363134496009 9636.86550399 
694.0 806.0 0.582232120005 9417.76788 
745.0 799.0 0.242094772006 9757.90522799 
798.0 795.0 0.187612640003 9812.38736 
848.0 792.0 0.258263472003 9741.736528 
875.0 797.0 0.210388184001 9789.611816 
922.0 789.0 0.192697588004 9807.302412 
987.0 799.0 0.0599482840011 9940.051716 
19.0 836.0 0.0718449200014 9928.15508 
76.0 850.0 0.165636720003 9834.36328 
109.0 836.0 0.193324560004 9806.67544 
156.0 839.0 0.234426600006 9765.57339999 
199.0 846.0 0.156440700004 9843.5593 
254.0 830.0 0.407135008009 9592.86499199 
299.0 839.0 0.436235584009 9563.76441599 
351.0 841.0 0.321843268003 9678.156732 
391.0 843.0 0.272324460006 9727.67553999 
425.0 849.0 0.0884000000023 9911.6 
477.0 840.0 0.0687967040015 9931.203296 
515.0 833.0 0.175500164004 9824.499836 
568.0 851.0 0.339769504005 9660.230496 
609.0 842.0 0.402716832002 9597.283168 
654.0 846.0 0.542246400015 9457.75359998 
707.0 846.0 0.37281214401 9627.18785599 
744.0 841.0 0.0334200000009 9966.58 
804.0 840.0 0.191760792002 9808.239208 
833.0 845.0 0.207667500002 9792.3325 
889.0 830.0 0.277898200007 9722.10179999 
933.0 837.0 0.211443000001 9788.557 
975.0 836.0 0.0277442040001 9972.255796 
29.0 880.0 0.127787776002 9872.212224 
72.0 880.0 0.249139500003 9750.8605 
116.0 882.0 0.218792120005 9781.20787999 
158.0 883.0 0.141032800002 9858.9672 
203.0 880.0 0.157395560004 9842.60444 
257.0 886.0 0.162601040004 9837.39896 
300.0 879.0 0.199374752004 9800.625248 
348.0 895.0 0.123867204003 9876.132796 
377.0 891.0 0.247220000007 9752.77999999 
430.0 889.0 0.171622500003 9828.3775 
475.0 886.0 0.153613856003 9846.386144 
515.0 878.0 0.262403160006 9737.59683999 
570.0 879.0 0.214884288004 9785.115712 
611.0 880.0 0.279000480007 9720.99951999 
652.0 891.0 0.182564972004 9817.435028 
713.0 894.0 0.0872401600022 9912.75984 
755.0 879.0 0.127660460003 9872.33954 
787.0 896.0 0.158065600003 9841.9344 
849.0 881.0 0.0811776640016 9918.822336 
877.0 875.0 0.137051584004 9862.948416 
926.0 895.0 0.146738120003 9853.26188 
967.0 883.0 0.132270656002 9867.729344 
26.0 937.0 0.0985354240005 9901.464576 
79.0 936.0 0.0960906600025 9903.90934 
107.0 927.0 0.108487792002 9891.512208 
152.0 941.0 0.0254600000007 9974.54 
213.0 941.0 0.0995532280013 9900.446772 
256.0 941.0 0.137983336003 9862.016664 
285.0 935.0 0.196351244004 9803.648756 
345.0 931.0 0.060256416001 9939.743584 
396.0 929.0 0.187402192003 9812.597808 
420.0 938.0 0.137283168003 9862.716832 
479.0 933.0 0.0878000000011 9912.2 
521.0 934.0 0.123857920002 9876.14208 
573.0 938.0 0.112966760003 9887.03324 
621.0 932.0 0.0599088320011 9940.091168 
659.0 922.0 0.0490028800012 9950.99712 
699.0 932.0 0.0638483600002 9936.15164 
741.0 921.0 0.118447840003 9881.55216 
796.0 929.0 0.115043600003 9884.9564 
835.0 940.0 0.0784000880014 9921.599912 
885.0 923.0 0.114615904002 9885.384096 
935.0 926.0 0.0738538880016 9926.146112 
972.0 941.0 0.0964200880018 9903.579912 
14.0 984.0 0.0452177480008 9954.782252 
61.0 977.0 0.045677400001 9954.3226 
109.0 975.0 0.037851296001 9962.148704 
169.0 982.0 0.0266396000007 9973.3604 
201.0 976.0 0.0623596040015 9937.640396 
242.0 976.0 0.0926563360022 9907.343664 
289.0 966.0 0.118442880003 9881.55712 
341.0 970.0 0.052751080001 9947.24892 
377.0 981.0 0.103755220002 9896.24478 
429.0 968.0 0.0904602320018 9909.539768 
480.0 973.0 0.0426280040009 9957.371996 
523.0 983.0 0.0361940800005 9963.80592 
577.0 980.0 0.042636480001 9957.36352 
605.0 984.0 0.0448216800007 9955.17832 
654.0 984.0 0.00806000000021 9991.94 
714.0 982.0 0.0296889000003 9970.3111 
745.0 981.0 0.0296889000003 9970.3111 
799.0 980.0 0.045931720001 9954.06828 
837.0 971.0 0.0559743000009 9944.0257 
893.0 975.0 0.052604512001 9947.395488 
934.0 983.0 0.0531471360013 9946.852864 
980.0 984.0 0.0432573200012 9956.74268 
343.0 760.0 0.577808992015 9422.19100799 
470.0 371.0 0.225154480005 9774.84551999 
963.0 397.0 0.183216600004 9816.7834 
198.0 828.0 0.257711600003 9742.2884 
480.0 467.0 0.820942688021 9179.05731198 
36.0 831.0 0.0445038840009 9955.496116 
639.0 11.0 0.076334864001 9923.665136 
443.0 511.0 2.64770068003 7352.29931997 
520.0 397.0 0.224725600006 9775.27439999 
882.0 847.0 0.195394684003 9804.605316 
345.0 474.0 0.060344580001 9939.65542 
505.0 289.0 0.870793156023 9129.20684398 
382.0 452.0 0.147127048003 9852.872952 
711.0 651.0 0.321114904008 9678.88509599 
317.0 679.0 0.0934592000015 9906.5408 
380.0 252.0 0.690984640017 9309.01535998 
