0.0 0.0
64.0 43.0 0.174348910001 8256.51089999 
130.0 66.0 0.114365308002 8856.34691998 
254.0 60.0 0.0161820000004 9838.18 
323.0 35.0 0.0416332503999 9583.667496 
389.0 63.0 0.0324465600002 9675.5344 
515.0 54.0 0.00805800000021 9919.42 
578.0 40.0 0.014770314 9852.29686 
659.0 65.0 0.00837200000022 9916.28 
753.0 91.0 0.0140366975999 9859.633024 
823.0 86.0 0.0411560000011 9588.43999999 
889.0 86.0 0.0403177008007 9596.82299199 
72.0 118.0 0.185767736804 8142.32263196 
167.0 145.0 0.0574220000015 9425.77999998 
251.0 106.0 0.113716376003 8862.83623997 
319.0 121.0 0.0980033956012 9019.96604399 
389.0 155.0 0.0691705856002 9308.294144 
511.0 110.0 0.0998515072005 9001.48492799 
576.0 140.0 0.0996012000002 9003.988 
654.0 138.0 0.0173367376 9826.632624 
743.0 149.0 0.0164000000004 9836.0 
833.0 160.0 0.0937495744014 9062.50425599 
890.0 155.0 0.0980861728008 9019.13827199 
75.0 190.0 0.132384774802 8676.15225198 
144.0 198.0 0.0733878300015 9266.12169998 
280.0 229.0 0.0411800000011 9588.19999999 
333.0 229.0 0.0843053100018 9156.94689998 
411.0 211.0 0.0388931280007 9611.06871999 
481.0 184.0 0.0330360000009 9669.63999999 
601.0 212.0 0.0688113496005 9311.88650399 
670.0 218.0 0.0328311012006 9671.68898799 
745.0 217.0 0.0156127647996 9843.872352 
823.0 204.0 0.0327220000009 9672.77999999 
914.0 230.0 0.0691619856004 9308.380144 
107.0 263.0 0.0511281184007 9488.71881599 
188.0 264.0 0.0350305648006 9649.69435199 
261.0 318.0 0.0327620000009 9672.37999999 
337.0 305.0 0.102534857601 8974.65142399 
404.0 276.0 0.049893728001 9501.06271999 
529.0 285.0 0.00821600000022 9917.84 
601.0 315.0 0.0182132288003 9817.867712 
677.0 301.0 0.0182132288003 9817.867712 
744.0 296.0 0.0245060000006 9754.93999999 
896.0 313.0 0.0245060000006 9754.93999999 
927.0 285.0 0.0295170624005 9704.82937599 
125.0 356.0 0.0494740000013 9505.25999999 
195.0 372.0 0.124708004799 8752.91995201 
263.0 392.0 0.0912002080018 9087.99791998 
359.0 372.0 0.041069450001 9589.30549999 
441.0 370.0 0.0164800000004 9835.2 
519.0 356.0 0.0455388800007 9544.61119999 
589.0 391.0 0.0350810000005 9649.19 
676.0 394.0 0.0350810000005 9649.19 
745.0 368.0 0.066446722001 9335.53277999 
811.0 376.0 0.0639507520005 9360.49247999 
882.0 392.0 0.0336333764001 9663.666236 
132.0 435.0 0.01878656 9812.1344 
197.0 425.0 0.125551796803 8744.48203197 
231.0 493.0 0.102938504001 8970.61495999 
363.0 480.0 0.0244680000006 9755.31999999 
422.0 474.0 0.0579587912016 9420.41208798 
492.0 508.0 0.0686143360002 9313.85664 
566.0 500.0 0.0334559840007 9665.44015999 
707.0 514.0 0.0162000000004 9838.0 
786.0 518.0 0.0444886800007 9555.11319999 
855.0 515.0 0.0480992640011 9519.00735999 
867.0 455.0 0.0480992640011 9519.00735999 
94.0 556.0 0.00815800000021 9918.42 
172.0 552.0 0.0347547600008 9652.45239999 
240.0 567.0 0.0764081416013 9235.91858399 
308.0 562.0 0.0328041452005 9671.95854799 
449.0 564.0 0.0490960000013 9509.03999999 
517.0 584.0 0.139237660802 8607.62339198 
589.0 591.0 0.0657635104012 9342.36489599 
718.0 596.0 0.0574320000015 9425.67999998 
793.0 600.0 0.171420782399 8285.79217601 
863.0 570.0 0.108543760002 8914.56239998 
927.0 563.0 0.0309155540004 9690.84446 
126.0 654.0 0.0325240000009 9674.75999999 
191.0 668.0 0.0857077208019 9142.92279198 
296.0 674.0 0.0167100000004 9832.9 
354.0 669.0 0.0363880380004 9636.11962 
451.0 665.0 0.00829000000022 9917.1 
522.0 658.0 0.142153133203 8578.46866797 
607.0 683.0 0.0163680000004 9836.32 
731.0 695.0 0.00844800000022 9915.52 
767.0 660.0 0.045665481601 9543.34518399 
843.0 653.0 0.158680804401 8413.19195599 
910.0 684.0 0.101424320002 8985.75679998 
61.0 758.0 0.0246740000006 9753.25999999 
204.0 742.0 0.100826954001 8991.73045999 
279.0 750.0 0.041887550401 9581.12449599 
360.0 743.0 0.0342692448001 9657.307552 
437.0 737.0 0.0416620400009 9583.37959999 
513.0 736.0 0.111925316001 8880.74683999 
588.0 757.0 0.0687156576011 9312.84342399 
706.0 785.0 0.0164480000004 9835.52 
791.0 801.0 0.0328500000009 9671.49999999 
866.0 807.0 0.0339796604002 9660.203396 
926.0 759.0 0.0772872908014 9227.12709199 
62.0 821.0 0.0607971559996 9392.02844 
164.0 807.0 0.0585637800008 9414.36219999 
252.0 811.0 0.0585637800008 9414.36219999 
373.0 831.0 0.0569720000015 9430.27999999 
446.0 856.0 0.1735902576 8264.097424 
510.0 859.0 0.163757034003 8362.42965997 
588.0 831.0 0.057639217601 9423.60782399 
742.0 856.0 0.0537821952002 9462.178048 
799.0 873.0 0.0415637120007 9584.36287999 
905.0 884.0 0.0166100000004 9833.9 
944.0 827.0 0.0329999296003 9670.000704 
58.0 890.0 0.0329999296003 9670.000704 
117.0 870.0 0.0754705264004 9245.294736 
186.0 897.0 0.0337188160006 9662.81183999 
346.0 891.0 0.0337188160006 9662.81183999 
452.0 925.0 0.0808323068019 9191.67693198 
517.0 925.0 0.0885211020016 9114.78897998 
616.0 920.0 0.0562704736013 9437.29526399 
681.0 925.0 0.0394356000007 9605.64399999 
759.0 933.0 0.051274084801 9487.25915199 
910.0 936.0 0.0339457379999 9660.54262 
944.0 964.0 0.0280887600007 9719.11239999 
582.0 886.0 0.126518918002 8734.81081998 
105.0 501.0 0.126518918002 8734.81081998 
222.0 144.0 0.0987169920007 9012.83007999 
263.0 258.0 0.0430399800013 9569.60019999 
