0.0 0.0
38.0 51.0 0.266850426 7331.49574 
106.0 49.0 0.328533108802 6714.66891198 
221.0 27.0 0.0327860000009 9672.13999999 
268.0 56.0 0.0773774600003 9226.2254 
346.0 54.0 0.0393889120004 9606.11088 
413.0 40.0 0.0393889120004 9606.11088 
503.0 77.0 0.0406020000011 9593.97999999 
556.0 78.0 0.0958723240017 9041.27675998 
616.0 91.0 0.0994004160017 9005.99583998 
684.0 101.0 0.0721187408012 9278.81259199 
751.0 101.0 0.0315371580004 9684.62842 
811.0 98.0 0.0315371580004 9684.62842 
52.0 117.0 0.113437910403 8865.62089597 
152.0 100.0 0.289918239602 7100.81760398 
209.0 130.0 0.266897261604 7331.02738396 
275.0 132.0 0.246283488004 7537.16511996 
371.0 123.0 0.047792857601 9522.07142399 
438.0 121.0 0.00821600000022 9917.84 
499.0 133.0 0.0228089679999 9771.91032 
619.0 226.0 0.0165500000004 9834.5 
639.0 168.0 0.0372968400007 9627.03159999 
693.0 158.0 0.0459833216013 9540.16678399 
815.0 181.0 0.0410920000011 9589.07999999 
864.0 164.0 0.0127592479999 9872.40752 
90.0 179.0 0.0247380000006 9752.61999999 
155.0 174.0 0.0818040000021 9181.95999998 
206.0 194.0 0.0997184624025 9002.81537598 
290.0 194.0 0.187148476004 8128.51523996 
354.0 175.0 0.0807424304019 9192.57569598 
430.0 199.0 0.0164600000004 9835.4 
495.0 187.0 0.0236598596 9763.401404 
609.0 289.0 0.0236598596 9763.401404 
675.0 275.0 0.0410280000011 9589.71999999 
765.0 224.0 0.0327960000009 9672.03999999 
816.0 241.0 0.076414088 9235.85912 
905.0 245.0 0.076414088 9235.85912 
75.0 237.0 0.0589449364005 9410.550636 
148.0 247.0 0.00812400000021 9918.76 
210.0 261.0 0.0317557240003 9682.44276 
302.0 240.0 0.121254392001 8787.45607999 
354.0 243.0 0.0616548268012 9383.45173199 
442.0 267.0 0.0160546847998 9839.453152 
582.0 338.0 0.00825000000022 9917.5 
628.0 358.0 0.0124014000002 9875.986 
705.0 325.0 0.101681040002 8983.18959998 
753.0 320.0 0.113740813202 8862.59186798 
836.0 284.0 0.0849469676002 9150.530324 
900.0 302.0 0.0637820640005 9362.17935999 
102.0 344.0 0.0164100000004 9835.9 
150.0 330.0 0.0314467860002 9685.53214 
228.0 332.0 0.0655220000017 9344.77999998 
291.0 301.0 0.0700402016018 9299.59798398 
351.0 311.0 0.0387230000004 9612.77 
401.0 372.0 0.0644018820011 9355.98117999 
466.0 413.0 0.0407980000011 9592.01999999 
610.0 403.0 0.0407980000011 9592.01999999 
702.0 395.0 0.0494400000013 9505.59999999 
762.0 379.0 0.091407704801 9085.92295199 
819.0 396.0 0.0607700904012 9392.29909599 
886.0 364.0 0.0312758400003 9687.2416 
119.0 411.0 0.0161610784001 9838.389216 
169.0 401.0 0.00812800000021 9918.72 
226.0 397.0 0.0150026623997 9849.973376 
279.0 366.0 0.149821851602 8501.78148398 
340.0 394.0 0.192157102002 8078.42897998 
406.0 491.0 0.0966139552007 9033.86044799 
471.0 479.0 0.0479968592006 9520.03140799 
545.0 460.0 0.0836622144017 9163.37785598 
672.0 496.0 0.0493440000013 9506.55999999 
744.0 450.0 0.138049632003 8619.50367997 
804.0 474.0 0.158137011202 8418.62988798 
883.0 415.0 0.0317537788006 9682.46221199 
116.0 488.0 0.0407340000011 9592.65999999 
161.0 477.0 0.0908550327998 9091.449672 
228.0 477.0 0.0795389292013 9204.61070799 
327.0 472.0 0.00821400000022 9917.86 
356.0 445.0 0.125539633202 8744.60366798 
402.0 543.0 0.058133424001 9418.66575999 
470.0 554.0 0.0323427180003 9676.57282 
588.0 563.0 0.0321971008006 9678.02899199 
679.0 555.0 0.125438864002 8745.61135998 
741.0 562.0 0.155769478803 8442.30521197 
831.0 534.0 0.127531547202 8724.68452798 
885.0 555.0 0.0906904076023 9093.09592398 
103.0 537.0 0.0906904076023 9093.09592398 
186.0 535.0 0.0783570672009 9216.42932799 
245.0 521.0 0.0360371300004 9639.6287 
304.0 527.0 0.0220865112003 9779.134888 
347.0 628.0 0.0150291596002 9849.708404 
473.0 668.0 0.00819400000022 9918.06 
461.0 599.0 0.00819400000022 9918.06 
599.0 640.0 0.00821800000022 9917.82 
700.0 647.0 0.0827720000022 9172.27999998 
753.0 608.0 0.114155888001 8858.44111999 
820.0 623.0 0.0979266904001 9020.733096 
897.0 615.0 0.0616188608016 9383.81139198 
109.0 611.0 0.0616188608016 9383.81139198 
165.0 593.0 0.0306810560004 9693.18944 
230.0 619.0 0.0306810560004 9693.18944 
284.0 616.0 0.0328820000009 9671.17999999 
345.0 687.0 0.0607839880007 9392.16011999 
469.0 737.0 0.0164240000004 9835.76 
515.0 715.0 0.0147049523999 9852.950476 
578.0 703.0 0.0154662760001 9845.33724 
700.0 707.0 0.126912160002 8730.87839998 
756.0 722.0 0.152019636003 8479.80363997 
813.0 681.0 0.060851787201 9391.48212799 
902.0 677.0 0.0310246832 9689.753168 
86.0 666.0 0.0164280000004 9835.72 
200.0 691.0 0.0273885944007 9726.11405599 
243.0 694.0 0.0517579480014 9482.42051999 
286.0 678.0 0.0679958656006 9320.04134399 
361.0 735.0 0.0286413920004 9713.58608 
432.0 801.0 0.0286413920004 9713.58608 
484.0 794.0 0.0139482040004 9860.51796 
585.0 799.0 0.00808200000021 9919.18 
669.0 794.0 0.0163760000004 9836.24 
756.0 790.0 0.1299151808 8700.848192 
814.0 786.0 0.0913844320023 9086.15567998 
852.0 718.0 0.0294400040003 9705.59996 
82.0 723.0 0.0353834840001 9646.16516 
189.0 768.0 0.0133218539998 9866.78146 
242.0 750.0 0.0653260000017 9346.73999998 
299.0 787.0 0.158868809602 8411.31190398 
382.0 823.0 0.158868809602 8411.31190398 
431.0 891.0 0.0887334464006 9112.66553599 
538.0 875.0 0.0163720000004 9836.28 
589.0 859.0 0.0139269024001 9860.730976 
652.0 856.0 0.00837200000022 9916.28 
719.0 842.0 0.0402880607997 9597.119392 
810.0 916.0 0.0110170880002 9889.82912 
856.0 818.0 0.0590471920004 9409.52808 
86.0 787.0 0.0314227072006 9685.77292799 
202.0 845.0 0.0489620000013 9510.37999999 
270.0 840.0 0.182556260005 8174.43739995 
314.0 863.0 0.142350988003 8576.49011997 
381.0 865.0 0.126992360001 8730.07639999 
457.0 936.0 0.0576638128008 9423.36187199 
521.0 941.0 0.0312808144004 9687.191856 
571.0 927.0 0.014578794 9854.21206 
656.0 917.0 0.0146292328001 9853.707672 
714.0 902.0 0.0304830500003 9695.1695 
776.0 894.0 0.00829600000022 9917.04 
875.0 865.0 0.0291605000007 9708.39499999 
584.0 98.0 0.0506596576008 9493.40342399 
309.0 105.0 0.151172908803 8488.27091197 
131.0 268.0 0.0628131300014 9371.86869999 
532.0 522.0 0.0617763020004 9382.23698 
172.0 676.0 0.0161080000004 9838.92 
499.0 454.0 0.0831844280022 9168.15571998 
