0.0 0.0
48.0 32.0 0.1458844192 8541.155808 
189.0 123.0 0.125117027203 8748.82972797 
196.0 75.0 0.125117027203 8748.82972797 
308.0 39.0 0.00818600000022 9918.14 
365.0 19.0 0.0572760000015 9427.23999998 
407.0 29.0 0.127698492801 8723.01507199 
468.0 41.0 0.094444832001 9055.55167999 
532.0 29.0 0.0313897600002 9686.1024 
628.0 56.0 0.186808480004 8131.91519996 
685.0 67.0 0.211314612003 7886.85387997 
801.0 64.0 0.134555108003 8654.44891997 
864.0 79.0 0.0943551192022 9056.44880798 
26.0 89.0 0.0943551192022 9056.44880798 
130.0 104.0 0.149022358401 8509.77641599 
224.0 175.0 0.0944001432018 9055.99856798 
262.0 134.0 0.00818600000022 9918.14 
320.0 100.0 0.0155861440001 9844.13856 
405.0 94.0 0.142123818801 8578.76181199 
460.0 94.0 0.0884061800019 9115.93819998 
614.0 124.0 0.0820140000022 9179.85999998 
655.0 151.0 0.0321215080006 9678.78491999 
742.0 92.0 0.185793564804 8142.06435196 
858.0 137.0 0.0602640800015 9397.35919998 
897.0 151.0 0.0273788912008 9726.21108799 
38.0 227.0 0.0327520000009 9672.47999999 
144.0 231.0 0.0490400000013 9509.59999999 
195.0 229.0 0.0623101560011 9376.89843999 
295.0 257.0 0.0246760000006 9753.23999999 
362.0 248.0 0.0158555760003 9841.44424 
471.0 172.0 0.180062000005 8199.37999995 
508.0 127.0 0.0602200392009 9397.79960799 
565.0 160.0 0.0317274072002 9682.725928 
655.0 215.0 0.0309695424007 9690.30457599 
755.0 155.0 0.0640563192011 9359.43680799 
837.0 227.0 0.0330460000009 9669.53999999 
886.0 207.0 0.0330460000009 9669.53999999 
54.0 291.0 0.0857793408012 9142.20659199 
137.0 295.0 0.130604160001 8693.95839999 
197.0 313.0 0.154810168004 8451.89831996 
301.0 314.0 0.0136835059998 9863.16494 
345.0 305.0 0.0159491471997 9840.508528 
471.0 272.0 0.323127008008 6768.72991992 
526.0 283.0 0.594383349609 4056.16650391 
547.0 201.0 0.00822200000022 9917.78 
655.0 288.0 0.0165220000004 9834.78 
772.0 299.0 0.00833200000022 9916.68 
867.0 286.0 0.0867429051996 9132.570948 
922.0 289.0 0.0460932160009 9539.06783999 
52.0 384.0 0.0344191900002 9655.8081 
103.0 357.0 0.0389737084006 9610.26291599 
197.0 380.0 0.127580541202 8724.19458798 
287.0 396.0 0.0577445936009 9422.55406399 
365.0 382.0 0.00813000000021 9918.7 
404.0 347.0 0.0125949960004 9874.05004 
538.0 356.0 0.42459527121 5754.0472879 
630.0 374.0 0.114382000003 8856.17999997 
667.0 316.0 0.0279164832004 9720.835168 
801.0 356.0 0.015147576 9848.52424 
862.0 353.0 0.0730243416005 9269.756584 
906.0 378.0 0.0292488700004 9707.5113 
23.0 430.0 0.00815200000021 9918.48 
144.0 454.0 0.00815200000021 9918.48 
191.0 442.0 0.00815200000021 9918.48
266.0 463.0 0.00824400000022 9917.56 
340.0 438.0 0.0319159900002 9680.8401 
488.0 435.0 0.0245280000006 9754.71999999 
557.0 419.0 0.490658756007 5093.41243993 
624.0 438.0 0.454254540004 5457.45459996 
710.0 469.0 0.345352180002 6546.47819998 
784.0 480.0 0.0836050180019 9163.94981998 
837.0 465.0 0.0163800000004 9836.2 
957.0 454.0 0.0163800000004 9836.2 
22.0 485.0 0.0130855904 9869.144096 
131.0 504.0 0.0162680000004 9837.32 
215.0 513.0 0.00824400000022 9917.56 
269.0 513.0 0.0123808392001 9876.191608 
360.0 575.0 0.0123808392001 9876.191608 
480.0 494.0 0.0302099260007 9697.90073999 
561.0 521.0 0.0387401820005 9612.59817999 
610.0 498.0 0.235192657606 7648.07342394 
700.0 542.0 0.0903280000024 9096.71999998 
786.0 553.0 0.234095848004 7659.04151996 
829.0 543.0 0.234095848004 7659.04151996 
923.0 528.0 0.0308775024005 9691.22497599 
50.0 588.0 0.0247580000006 9752.41999999 
133.0 570.0 0.0386596960002 9613.40304 
198.0 577.0 0.0314884888004 9685.115112 
252.0 655.0 0.0164100000004 9835.9 
342.0 630.0 0.0245140000006 9754.85999999 
400.0 636.0 0.0575915200014 9424.08479999 
539.0 608.0 0.0413880000011 9586.11999999 
632.0 598.0 0.0413880000011 9586.11999999 
715.0 598.0 0.233108481604 7668.91518396 
803.0 616.0 0.187948171203 8120.51828797 
871.0 620.0 0.136299328003 8637.00671997 
923.0 624.0 0.0659876160012 9340.12383999 
42.0 649.0 0.0407398000005 9592.602 
124.0 649.0 0.0354562820006 9645.43717999 
247.0 762.0 0.0409040000011 9590.95999999 
271.0 699.0 0.0321327540007 9678.67245999 
334.0 707.0 0.0476032144006 9523.96785599 
400.0 686.0 0.0654860000017 9345.13999998 
548.0 667.0 0.1040488112 8959.511888 
630.0 688.0 0.0864074408003 9135.925592 
692.0 655.0 0.308408047203 6915.91952797 
811.0 667.0 0.0610511880014 9389.48811999 
885.0 674.0 0.0461484096008 9538.51590399 
952.0 668.0 0.0290182800001 9709.8172 
49.0 803.0 0.00815600000021 9918.44 
164.0 820.0 0.0165100000004 9834.9 
247.0 811.0 0.0120636299997 9879.3637 
299.0 806.0 0.0875877120018 9124.12287998 
354.0 798.0 0.0875877120018 9124.12287998 
408.0 742.0 0.0298166400009 9701.83359999 
534.0 805.0 0.1352335476 8647.664524 
638.0 742.0 0.0595395600004 9404.6044 
728.0 742.0 0.207839280002 7921.60719998 
794.0 735.0 0.175610236001 8243.89763999 
874.0 722.0 0.00817200000021 9918.28 
930.0 746.0 0.0142388927997 9857.611072 
80.0 854.0 0.0304763344003 9695.236656 
127.0 864.0 0.04387111 9561.2889 
228.0 863.0 0.0324900000009 9675.09999999 
285.0 870.0 0.0944535792021 9055.46420798 
413.0 852.0 0.00811600000021 9918.84 
469.0 823.0 0.0493620000013 9506.37999999 
562.0 877.0 0.120138100802 8798.61899198 
593.0 828.0 0.164079524004 8359.20475996 
656.0 806.0 0.0730434080013 9269.56591999 
728.0 797.0 0.100727250002 8992.72749998 
838.0 786.0 0.128266793601 8717.33206399 
888.0 818.0 0.0689724912006 9310.27508799 
68.0 922.0 0.0689724912006 9310.27508799 
147.0 922.0 0.0310442176007 9689.55782399 
191.0 916.0 0.0147802511997 9852.197488 
273.0 938.0 0.0643044224005 9356.95577599 
378.0 921.0 0.00811600000021 9918.84 
442.0 904.0 0.0138702440002 9861.29756 
578.0 938.0 0.0474753236009 9525.24676399 
619.0 902.0 0.0698524464014 9301.47553599 
670.0 909.0 0.0289486400004 9710.5136 
722.0 859.0 0.0313836960002 9686.16304 
822.0 849.0 0.0480520400005 9519.4796 
898.0 874.0 0.0298351520006 9701.64847999 
489.0 226.0 0.425213120004 5747.86879996 
701.0 351.0 0.0288157936003 9711.842064 
607.0 645.0 0.125690568002 8743.09431998 
254.0 356.0 0.0923261500007 9076.73849999 
724.0 714.0 0.288466812003 7115.33187997 
40.0 355.0 0.0946439680022 9053.56031998 
753.0 492.0 0.271685063202 7283.14936798 
220.0 287.0 0.0315300564002 9684.699436 
740.0 425.0 0.176044648005 8239.55351995 
103.0 617.0 0.0593053400014 9406.94659999 
108.0 54.0 0.1894621968 8105.378032 
554.0 325.0 0.488302396809 5116.97603191 
897.0 472.0 0.0365601239999 9634.39876 
338.0 960.0 0.0319232572004 9680.767428 
534.0 469.0 0.166270761604 8337.29238396 
647.0 453.0 0.325257082403 6747.42917597 
