0.0 0.0
21.0 47.0 0.532023740005 4679.76259995 
102.0 29.0 0.213562000006 7864.37999994 
156.0 38.0 0.0345613168006 9654.38683199 
212.0 33.0 0.0298821552008 9701.17844799 
352.0 55.0 0.0298821552008 9701.17844799 
436.0 65.0 0.00821000000022 9917.9 
497.0 48.0 0.0147944200003 9852.0558 
576.0 46.0 0.0325720000009 9674.27999999 
642.0 54.0 0.085937648 9140.62352 
716.0 54.0 0.0395570000007 9604.42999999 
792.0 40.0 0.0491820000013 9508.17999999 
840.0 43.0 0.0924032376016 9075.96762398 
891.0 48.0 0.0777733296019 9222.26670398 
39.0 97.0 0.731870144007 2681.29855993 
127.0 129.0 0.491710244009 5082.89755991 
186.0 145.0 0.246810290005 7531.89709995 
222.0 107.0 0.0783888000018 9216.11199998 
347.0 117.0 0.0411040000011 9588.95999999 
404.0 120.0 0.0789974591993 9210.02540801 
496.0 119.0 0.0245680000006 9754.31999999 
558.0 120.0 0.0145128759998 9854.87124 
673.0 103.0 0.0900102128013 9099.89787199 
736.0 127.0 0.0403097960004 9596.90204 
795.0 97.0 0.0137181895997 9862.818104 
855.0 92.0 0.102725644002 8972.74355998 
906.0 125.0 0.0612284400012 9387.71559999 
89.0 148.0 0.582639610012 4173.60389988 
97.0 183.0 0.328813832004 6711.86167996 
200.0 185.0 0.174174555203 8258.25444797 
258.0 198.0 0.0963686236024 9036.31376398 
340.0 212.0 0.0963686236024 9036.31376398 
437.0 181.0 0.0976196800015 9023.80319998 
504.0 179.0 0.0639166904007 9360.83309599 
561.0 198.0 0.120694176003 8793.05823997 
656.0 204.0 0.0330420000009 9669.57999999 
724.0 195.0 0.0330420000009 9669.57999999 
783.0 189.0 0.00829000000022 9917.1 
845.0 178.0 0.0148639700001 9851.3603 
929.0 178.0 0.0302044040005 9697.95596 
53.0 202.0 0.220011560005 7799.88439995 
72.0 247.0 0.364190050003 6358.09949997 
174.0 260.0 0.364190050003 6358.09949997 
247.0 271.0 0.0822036980001 9177.96302 
330.0 273.0 0.0244480000006 9755.51999999 
391.0 269.0 0.0591284352008 9408.71564799 
501.0 258.0 0.0901960000024 9098.03999998 
564.0 259.0 0.252211624001 7477.88375999 
668.0 263.0 0.0817634500003 9182.3655 
722.0 274.0 0.0894568684013 9105.43131599 
796.0 281.0 0.0328900000009 9671.09999999 
861.0 292.0 0.0861519879998 9138.48012 
909.0 235.0 0.00829000000022 9917.1 
55.0 352.0 0.249744331202 7502.55668798 
80.0 306.0 0.304504424005 6954.95575995 
172.0 356.0 0.00818200000021 9918.18 
250.0 333.0 0.0618356752002 9381.643248 
317.0 341.0 0.0320627412002 9679.372588 
388.0 337.0 0.0643356528012 9356.64347199 
515.0 330.0 0.0643356528012 9356.64347199 
581.0 317.0 0.306483475204 6935.16524796 
633.0 343.0 0.272231096006 7277.68903994 
732.0 333.0 0.0614672172012 9385.32782799 
789.0 340.0 0.0302180392007 9697.81960799 
850.0 334.0 0.0606900840009 9393.09915999 
908.0 341.0 0.0808602040017 9191.39795998 
42.0 400.0 0.201464722404 7985.35277596 
85.0 434.0 0.178077894004 8219.22105996 
142.0 419.0 0.0492636316009 9507.36368399 
301.0 434.0 0.00824600000022 9917.54 
365.0 411.0 0.0241495500004 9758.5045 
410.0 401.0 0.0405108160005 9594.89183999 
520.0 416.0 0.00814600000021 9918.54 
580.0 385.0 0.00814600000021 9918.54 
669.0 387.0 0.240118323205 7598.81676795 
716.0 402.0 0.200704841604 7992.95158396 
789.0 414.0 0.112532480002 8874.67519998 
851.0 411.0 0.0310408976001 9689.591024 
914.0 404.0 0.0311357920003 9688.64208 
60.0 484.0 0.0957380000019 9042.61999998 
116.0 479.0 0.143543680803 8564.56319197 
176.0 505.0 0.0957307696025 9042.69230398 
220.0 517.0 0.0562492160004 9437.50784 
388.0 506.0 0.0329980000009 9670.01999999 
446.0 506.0 0.0800210543994 9199.78945601 
493.0 473.0 0.0146269575998 9853.730424 
561.0 495.0 0.0245600000006 9754.39999999 
616.0 472.0 0.0139019608 9860.980392 
684.0 462.0 0.0492580000013 9507.41999999 
743.0 461.0 0.189079236004 8109.20763996 
811.0 470.0 0.129429562002 8705.70437998 
862.0 486.0 0.0581498200011 9418.50179999 
59.0 601.0 0.0491760000013 9508.23999999 
124.0 595.0 0.0853914996016 9146.08500398 
171.0 555.0 0.0853914996016 9146.08500398 
274.0 556.0 0.0316988408006 9683.01159199 
322.0 554.0 0.00826000000022 9917.4 
434.0 568.0 0.0248220000007 9751.77999999 
500.0 546.0 0.0966732304017 9033.26769598 
563.0 560.0 0.0632015220008 9367.98477999 
617.0 560.0 0.0295048992005 9704.951008 
763.0 592.0 0.103354800002 8966.45199998 
711.0 563.0 0.0412000000011 9587.99999999 
862.0 616.0 0.0601932824005 9398.06717599 
885.0 532.0 0.0286145660007 9713.85433999 
71.0 650.0 0.0491142220003 9508.85778 
130.0 656.0 0.0859898088017 9140.10191198 
154.0 634.0 0.0451576388005 9548.42361199 
293.0 638.0 0.0451576388005 9548.42361199 
335.0 611.0 0.0139065359999 9860.93464 
423.0 637.0 0.0139065359999 9860.93464 
516.0 654.0 0.0900800000024 9099.19999998 
570.0 656.0 0.0550341440003 9449.65856 
629.0 650.0 0.0601973520016 9398.02647998 
693.0 682.0 0.0161980000004 9838.02 
782.0 633.0 0.112440329603 8875.59670397 
825.0 659.0 0.0868652100013 9131.34789999 
905.0 654.0 0.0300947136003 9699.052864 
47.0 696.0 0.0371574992008 9628.42500799 
111.0 720.0 0.0400907920009 9599.09207999 
202.0 705.0 0.0415120000011 9584.87999999 
251.0 751.0 0.1122679408 8877.320592 
320.0 742.0 0.107254442401 8927.45557599 
439.0 743.0 0.0982480000026 9017.51999997 
498.0 718.0 0.181020776 8189.79224 
547.0 756.0 0.216325676002 7836.74323998 
642.0 718.0 0.0319488000007 9680.51199999 
711.0 731.0 0.03318191 9668.1809 
769.0 727.0 0.0298674560007 9701.32543999 
894.0 717.0 0.00829000000022 9917.1 
938.0 735.0 0.0202970800001 9797.0292 
41.0 801.0 0.112614434402 8873.85565598 
107.0 780.0 0.0408760000011 9591.23999999 
184.0 808.0 0.0250200000007 9749.79999999 
252.0 809.0 0.0553443640013 9446.55635999 
329.0 786.0 0.0565363040004 9434.63696 
411.0 789.0 0.0761017200011 9238.98279999 
500.0 811.0 0.0653960000017 9346.03999998 
557.0 819.0 0.187619663204 8123.80336796 
605.0 803.0 0.0615654240013 9384.34575999 
767.0 793.0 0.00842200000022 9915.78 
811.0 808.0 0.0120619883999 9879.380116 
858.0 791.0 0.00826000000022 9917.4 
926.0 799.0 0.0242945760004 9757.05424 
70.0 863.0 0.128199114002 8718.00885998 
122.0 864.0 0.102961448001 8970.38551999 
181.0 867.0 0.0612468960014 9387.53103999 
260.0 885.0 0.00835200000022 9916.48 
338.0 852.0 0.0567842940013 9432.15705999 
396.0 847.0 0.0993308120015 9006.69187998 
457.0 855.0 0.0611336240008 9388.66375999 
576.0 881.0 0.134286440001 8657.13559999 
643.0 899.0 0.0816248448018 9183.75155198 
729.0 901.0 0.152277454 8477.22546 
807.0 887.0 0.0938128100003 9061.8719 
871.0 880.0 0.0396645140006 9603.35485999 
920.0 876.0 0.0396645140006 9603.35485999 
46.0 951.0 0.0396645140006 9603.35485999 
121.0 931.0 0.0630698040008 9369.30195999 
201.0 932.0 0.0414164500008 9585.83549999 
248.0 934.0 0.0210771680001 9789.22832 
328.0 920.0 0.00810200000021 9918.98 
392.0 934.0 0.0231307568005 9768.692432 
454.0 920.0 0.0392450632008 9607.54936799 
593.0 944.0 0.0727887456016 9272.11254398 
659.0 956.0 0.0387618880003 9612.38112 
740.0 969.0 0.0810749400015 9189.25059998 
788.0 948.0 0.0625972032015 9374.02796798 
759.0 898.0 0.138245256402 8617.54743598 
852.0 914.0 0.0372594584009 9627.40541599 
356.0 158.0 0.0110788607999 9889.211392 
212.0 249.0 0.142957920001 8570.42079999 
98.0 86.0 0.733237636009 2667.62363991 
111.0 977.0 0.0277407136003 9722.592864 
32.0 315.0 0.159868436004 8401.31563996 
672.0 873.0 0.0571900000015 9428.09999998 
