0.0 0.0
25.0 28.0 0.0293151912003 9706.848088 
115.0 47.0 0.0494720000013 9505.27999999 
180.0 58.0 0.134316400002 8656.83599998 
225.0 45.0 0.0935024064005 9064.97593599 
308.0 49.0 0.0164180000004 9835.82 
349.0 58.0 0.0110355839999 9889.64416 
402.0 134.0 0.0770733520019 9229.26647998 
490.0 155.0 0.180224370002 8197.75629998 
545.0 112.0 0.00822400000022 9917.76 
669.0 132.0 0.0567960000015 9432.03999999 
736.0 115.0 0.0703260000013 9296.73999999 
849.0 99.0 0.038087776001 9619.12223999 
894.0 150.0 0.038087776001 9619.12223999 
39.0 81.0 0.0295897860006 9704.10213999 
96.0 100.0 0.0295897860006 9704.10213999 
176.0 96.0 0.0517013760012 9482.98623999 
261.0 83.0 0.058628928001 9413.71071999 
306.0 101.0 0.0285736084005 9714.263916 
358.0 131.0 0.0820480000022 9179.51999998 
443.0 187.0 0.195534483205 8044.65516795 
525.0 160.0 0.133927000002 8660.72999998 
572.0 155.0 0.0530704832013 9469.29516799 
715.0 168.0 0.144065590403 8559.34409597 
762.0 186.0 0.149756059202 8502.43940798 
835.0 157.0 0.0884611680006 9115.38831999 
857.0 210.0 0.0457794828007 9542.20517199 
58.0 157.0 0.0246000000006 9753.99999999 
144.0 190.0 0.0246000000006 9753.99999999 
220.0 170.0 0.0574600000015 9425.39999998 
289.0 189.0 0.0163500000004 9836.5 
348.0 188.0 0.189092824004 8109.07175996 
399.0 193.0 0.239924345605 7600.75654395 
475.0 250.0 0.0162420000004 9837.58 
526.0 217.0 0.0985842000009 9014.15799999 
571.0 231.0 0.0568626304004 9431.373696 
697.0 255.0 0.0568626304004 9431.373696 
769.0 246.0 0.0247660000006 9752.33999999 
830.0 249.0 0.0162880000004 9837.12 
884.0 253.0 0.0211492560001 9788.50744 
73.0 210.0 0.0560552800005 9439.4472 
129.0 226.0 0.0606885952014 9393.11404799 
206.0 221.0 0.138843124003 8611.56875997 
262.0 233.0 0.0926536000019 9073.46399998 
275.0 365.0 0.0300942792001 9699.057208 
365.0 321.0 0.00828400000022 9917.16 
431.0 300.0 0.0244920000006 9755.07999999 
479.0 300.0 0.0318503136009 9681.49686399 
574.0 288.0 0.0301013648001 9698.986352 
691.0 312.0 0.0244360000006 9755.63999999 
760.0 317.0 0.0247660000006 9752.33999999 
799.0 285.0 0.0533956971995 9466.04302801 
888.0 349.0 0.0298032408008 9701.96759199 
95.0 389.0 0.0298032408008 9701.96759199 
148.0 276.0 0.0296527256005 9703.472744 
193.0 273.0 0.133804594002 8661.95405998 
266.0 281.0 0.0282347520007 9717.65247999 
272.0 438.0 0.0165840000004 9834.16 
390.0 372.0 0.0218788368001 9781.211632 
444.0 352.0 0.0212744500002 9787.2555 
493.0 349.0 0.0285856056001 9714.143944 
545.0 393.0 0.0243880000006 9756.11999999 
685.0 367.0 0.0557517192003 9442.482808 
721.0 378.0 0.0618772904012 9381.22709599 
836.0 375.0 0.00825200000022 9917.48 
909.0 421.0 0.0407440000011 9592.55999999 
88.0 448.0 0.0820440000022 9179.55999998 
152.0 408.0 0.0114534639998 9885.46536 
218.0 357.0 0.0607672960016 9392.32703998 
323.0 442.0 0.033524065601 9664.75934399 
388.0 417.0 0.00826000000022 9917.4 
309.0 511.0 0.0339292400005 9660.7076 
552.0 535.0 0.0339292400005 9660.7076 
578.0 477.0 0.0562424960003 9437.57504 
649.0 451.0 0.0408480000011 9591.51999999 
692.0 428.0 0.0269999536004 9730.000464 
768.0 466.0 0.0818440000022 9181.55999998 
809.0 428.0 0.0129252499997 9870.7475 
899.0 471.0 0.09448888 9055.1112 
97.0 495.0 0.193660152002 8063.39847998 
155.0 544.0 0.224059256004 7759.40743996 
217.0 527.0 0.0939230000025 9060.76999998 
257.0 497.0 0.0571840000015 9428.15999998 
360.0 499.0 0.0289952900002 9710.0471 
370.0 560.0 0.0299807472001 9700.192528 
509.0 571.0 0.0243940000006 9756.05999999 
598.0 527.0 0.0293074000006 9706.92599999 
649.0 499.0 0.0923827584026 9076.17241597 
672.0 541.0 0.112975723202 8870.24276798 
776.0 517.0 0.178933370002 8210.66629998 
874.0 523.0 0.119343116401 8806.56883599 
944.0 525.0 0.119343116401 8806.56883599 
79.0 634.0 0.0738240000019 9261.75999998 
151.0 603.0 0.245472285602 7545.27714398 
207.0 582.0 0.175744500002 8242.55499998 
255.0 582.0 0.0844405984023 9155.59401598 
314.0 579.0 0.0600547280014 9399.45271999 
415.0 644.0 0.00819800000022 9918.02 
517.0 624.0 0.0546567924005 9453.432076 
545.0 644.0 0.0526970528003 9473.029472 
592.0 647.0 0.0280979560008 9719.02043999 
727.0 579.0 0.0354435440005 9645.56455999 
798.0 600.0 0.185275163203 8147.24836797 
841.0 638.0 0.0711406704013 9288.59329599 
906.0 611.0 0.0574985104013 9425.01489599 
77.0 690.0 0.14238724 8576.1276 
150.0 683.0 0.0272459400004 9727.5406 
196.0 641.0 0.182322983601 8176.77016399 
247.0 657.0 0.146929683203 8530.70316797 
304.0 663.0 0.0767660360008 9232.33963999 
347.0 701.0 0.0302447188003 9697.552812 
398.0 700.0 0.01381363 9861.8637 
535.0 725.0 0.0493260000013 9506.73999999 
672.0 650.0 0.00817200000021 9918.28 
723.0 638.0 0.0370904064006 9629.09593599 
791.0 654.0 0.155476558001 8445.23441999 
880.0 696.0 0.0296457500001 9703.5425 
903.0 659.0 0.0283536744006 9716.46325599 
61.0 751.0 0.146568950001 8534.31049999 
91.0 706.0 0.151688481601 8483.11518399 
187.0 749.0 0.0162360000004 9837.64 
250.0 714.0 0.0765083304006 9234.91669599 
301.0 730.0 0.0295057616005 9704.94238399 
420.0 798.0 0.0659400000017 9340.59999998 
468.0 776.0 0.1179067584 8820.932416 
579.0 747.0 0.114351784001 8856.48215999 
652.0 736.0 0.0101370119996 9898.62988 
714.0 717.0 0.0140491019998 9859.50898 
780.0 711.0 0.106487512002 8935.12487998 
830.0 721.0 0.0984384800016 9015.61519998 
953.0 769.0 0.0287016968003 9712.983032 
55.0 792.0 0.109451542403 8905.48457597 
107.0 804.0 0.0877624384022 9122.37561598 
166.0 815.0 0.0164080000004 9835.92 
218.0 799.0 0.0355885592001 9644.114408 
275.0 816.0 0.0300914664006 9699.08533599 
427.0 852.0 0.0348290079995 9651.70992 
499.0 823.0 0.149400028003 8505.99971997 
595.0 788.0 0.139296284803 8607.03715197 
642.0 807.0 0.115602264003 8843.97735997 
710.0 820.0 0.0560935440003 9439.06456 
775.0 768.0 0.0492420000013 9507.57999999 
849.0 784.0 0.110390252001 8896.09747999 
906.0 786.0 0.068038490801 9319.61509199 
53.0 840.0 0.0163560000004 9836.44 
144.0 849.0 0.0603317504008 9396.68249599 
211.0 866.0 0.0245680000006 9754.31999999 
259.0 896.0 0.0568771744015 9431.22825599 
341.0 894.0 0.00816600000021 9918.34 
398.0 888.0 0.0284977104004 9715.022896 
504.0 881.0 0.121088842002 8789.11157998 
589.0 877.0 0.0493140000013 9506.85999999 
642.0 885.0 0.0763235212007 9236.76478799 
693.0 867.0 0.0458919100007 9541.08089999 
766.0 827.0 0.0299666740007 9700.33325999 
833.0 873.0 0.0410720000011 9589.27999999 
926.0 886.0 0.038279056001 9617.20943999 
44.0 899.0 0.0362360144 9637.639856 
102.0 905.0 0.0301790400008 9698.20959999 
167.0 887.0 0.0278186172004 9721.813828 
238.0 949.0 0.0383488000005 9616.512 
299.0 933.0 0.0376594732002 9623.405268 
368.0 946.0 0.0137727755999 9862.272244 
490.0 933.0 0.0624517600014 9375.48239999 
547.0 917.0 0.0763154680007 9236.84531999 
602.0 938.0 0.0305252416008 9694.74758399 
680.0 927.0 0.0679656736016 9320.34326398 
801.0 915.0 0.0128626607997 9871.373392 
895.0 923.0 0.0382058560009 9617.94143999 
124.0 652.0 0.0323428812003 9676.571188 
536.0 698.0 0.0323428812003 9676.571188 
166.0 25.0 0.121196224 8788.03776 
900.0 560.0 0.0831828760008 9168.17123999 
657.0 703.0 0.0166080000004 9833.92 
371.0 453.0 0.0288501 9711.499 
545.0 443.0 0.0528860000014 9471.13999999 
788.0 568.0 0.233031340002 7669.68659998 
667.0 807.0 0.0771765000001 9228.235 
757.0 695.0 0.0784535768018 9215.46423198 
145.0 500.0 0.256301832004 7436.98167996 
874.0 838.0 0.0470172272012 9529.82772799 
689.0 598.0 0.0906773464017 9093.22653598 
164.0 366.0 0.00829000000022 9917.1 
765.0 379.0 0.0277770768005 9722.22923199 
847.0 313.0 0.059931628801 9400.68371199 
868.0 872.0 0.0467838136003 9532.161864 
204.0 299.0 0.0776682264002 9223.317736 
828.0 747.0 0.116886 8831.14 
668.0 398.0 0.00821800000022 9917.82 
793.0 196.0 0.103600357202 8963.99642798 
738.0 919.0 0.0302651168006 9697.34883199 
