0.0 0.0
31.0 27.0 0.0494258680012 9505.74131999 
89.0 38.0 0.0608000120002 9391.99988 
260.0 106.0 0.0608000120002 9391.99988 
339.0 64.0 0.0245220000006 9754.77999999 
390.0 41.0 0.0562927720013 9437.07227999 
440.0 52.0 0.0577513640015 9422.48635999 
492.0 69.0 0.0377837172009 9622.16282799 
651.0 81.0 0.0349697180004 9650.30282 
644.0 45.0 0.0327580000009 9672.41999999 
690.0 67.0 0.0618327200001 9381.6728 
761.0 86.0 0.0285698192003 9714.301808 
720.0 112.0 0.0587248600005 9412.7514 
806.0 75.0 0.0587248600005 9412.7514 
859.0 60.0 0.0163420000004 9836.58 
44.0 112.0 0.0246040000006 9753.95999999 
86.0 92.0 0.0295356500002 9704.6435 
211.0 121.0 0.00821200000022 9917.88 
344.0 204.0 0.080532474802 9194.67525198 
326.0 121.0 0.080532474802 9194.67525198 
386.0 118.0 0.0165700000004 9834.3 
445.0 127.0 0.036626468 9633.73532 
501.0 114.0 0.0384785720004 9615.21428 
542.0 110.0 0.0161920000004 9838.08 
586.0 126.0 0.0313425728002 9686.574272 
615.0 107.0 0.0261797008005 9738.202992 
834.0 147.0 0.0163420000004 9836.58 
921.0 132.0 0.0299504672007 9700.49532799 
865.0 116.0 0.0307318648001 9692.681352 
39.0 166.0 0.0341318947996 9658.681052 
91.0 166.0 0.0289824576006 9710.17542399 
134.0 154.0 0.00821200000022 9917.88 
188.0 165.0 0.0131999688 9868.000312 
259.0 166.0 0.0131999688 9868.000312 
309.0 156.0 0.0328060000009 9671.93999999 
395.0 182.0 0.0623732320012 9376.26767999 
545.0 196.0 0.0737380000019 9262.61999998 
590.0 205.0 0.170372445601 8296.27554399 
682.0 192.0 0.0491200000013 9508.79999999 
620.0 228.0 0.215503620804 7844.96379196 
729.0 173.0 0.115375680003 8846.24319997 
784.0 173.0 0.147687840003 8523.12159997 
973.0 162.0 0.147687840003 8523.12159997 
51.0 234.0 0.0246540000006 9753.45999999 
103.0 241.0 0.0336536135998 9663.463864 
155.0 211.0 0.0336536135998 9663.463864 
269.0 258.0 0.0409660000011 9590.33999999 
313.0 284.0 0.0951706383998 9048.293616 
394.0 235.0 0.0771426872011 9228.57312799 
423.0 274.0 0.0370032640004 9629.96736 
575.0 339.0 0.0370032640004 9629.96736 
620.0 269.0 0.136596008403 8634.03991597 
663.0 237.0 0.171782076003 8282.17923997 
721.0 245.0 0.121234300802 8787.65699198 
772.0 236.0 0.0661977416009 9338.02258399 
828.0 201.0 0.116184000002 8838.15999998 
956.0 217.0 0.116184000002 8838.15999998 
52.0 285.0 0.0209082792005 9790.917208 
104.0 287.0 0.0364568328008 9635.43167199 
202.0 284.0 0.0324660000009 9675.33999999 
248.0 340.0 0.0558893480008 9441.10651999 
329.0 334.0 0.116345564802 8836.54435198 
386.0 320.0 0.0686810640008 9313.18935999 
429.0 321.0 0.035994660001 9640.05339999 
561.0 394.0 0.00805000000021 9919.5 
610.0 405.0 0.0121104199998 9878.8958 
661.0 297.0 0.0283723140006 9716.27685999 
726.0 302.0 0.0465565056006 9534.43494399 
783.0 289.0 0.0293072120008 9706.92787999 
846.0 258.0 0.0913163060016 9086.83693998 
892.0 285.0 0.0586505300012 9413.49469999 
123.0 366.0 0.0586505300012 9413.49469999 
203.0 349.0 0.0842949804025 9157.05019597 
162.0 325.0 0.0782561892 9217.438108 
252.0 397.0 0.0299305560004 9700.69444 
329.0 392.0 0.0463837904006 9536.16209599 
370.0 379.0 0.0163980000004 9836.02 
419.0 395.0 0.0332058972006 9667.94102799 
544.0 449.0 0.00810400000021 9918.96 
609.0 460.0 0.0246880000006 9753.11999999 
690.0 404.0 0.0735680000019 9264.31999998 
713.0 353.0 0.0735680000019 9264.31999998 
778.0 341.0 0.0163540000004 9836.46 
827.0 360.0 0.0334619496008 9665.38050399 
931.0 319.0 0.0291998024005 9708.001976 
141.0 528.0 0.0739200000019 9260.79999998 
194.0 473.0 0.0329500000009 9670.49999999 
221.0 435.0 0.0574020000015 9425.97999998 
267.0 463.0 0.139939160002 8600.60839998 
319.0 460.0 0.174465794402 8255.34205598 
369.0 455.0 0.144053500002 8559.46499998 
443.0 444.0 0.0293111676008 9706.88832399 
538.0 500.0 0.0296390368006 9703.60963199 
658.0 492.0 0.0579992800005 9420.0072 
674.0 456.0 0.0579992800005 9420.0072 
726.0 444.0 0.181500585603 8184.99414397 
758.0 472.0 0.219664435204 7803.35564796 
870.0 383.0 0.0282679944001 9717.320056 
911.0 372.0 0.00835600000022 9916.44 
100.0 565.0 0.0987477000004 9012.523 
165.0 591.0 0.0329600000009 9670.39999999 
196.0 531.0 0.0797811199991 9202.18880001 
239.0 546.0 0.0842330128018 9157.66987198 
298.0 546.0 0.0606491736004 9393.508264 
386.0 509.0 0.119859514002 8801.40485998 
445.0 518.0 0.091655456801 9083.44543199 
483.0 511.0 0.0541297896005 9458.702104 
662.0 531.0 0.0543573600015 9456.42639999 
719.0 546.0 0.0303448144008 9696.55185599 
760.0 530.0 0.188274816001 8117.25183999 
807.0 504.0 0.0789603900017 9210.39609998 
855.0 477.0 0.00811600000021 9918.84 
896.0 502.0 0.0118590992 9881.409008 
62.0 655.0 0.0118590992 9881.409008 
119.0 628.0 0.083311376 9166.88624 
190.0 625.0 0.0694243520012 9305.75647999 
245.0 628.0 0.0972945232015 9027.05476798 
295.0 597.0 0.0535532560012 9464.46743999 
371.0 647.0 0.0488200000013 9511.79999999 
457.0 618.0 0.0407420000011 9592.57999999 
506.0 617.0 0.0407420000011 9592.57999999 
615.0 605.0 0.0658060000017 9341.93999998 
692.0 599.0 0.119907594002 8800.92405998 
788.0 570.0 0.141973372802 8580.26627198 
837.0 584.0 0.164238284802 8357.61715198 
872.0 563.0 0.0707225080019 9292.77491998 
915.0 572.0 0.0358865320006 9641.13467999 
61.0 702.0 0.0327440000009 9672.55999999 
133.0 678.0 0.0585189760011 9414.81023999 
187.0 685.0 0.0298920840001 9701.07916 
242.0 683.0 0.0594339280009 9405.66071999 
313.0 689.0 0.0594339280009 9405.66071999 
362.0 688.0 0.0109246871999 9890.753128 
440.0 710.0 0.115638873602 8843.61126398 
538.0 684.0 0.0328600000009 9671.39999999 
608.0 684.0 0.00820000000022 9918.0 
652.0 636.0 0.153945596 8460.54404 
707.0 642.0 0.173112356803 8268.87643197 
795.0 630.0 0.0575580000015 9424.41999998 
845.0 643.0 0.157535272403 8424.64727597 
882.0 612.0 0.0700381312017 9299.61868798 
37.0 751.0 0.076945777602 9230.54222398 
132.0 758.0 0.115714836799 8842.85163201 
180.0 740.0 0.0489780000013 9510.21999999 
259.0 734.0 0.0294974360003 9705.02564 
331.0 752.0 0.0408080000011 9591.91999999 
383.0 765.0 0.0545101068005 9454.898932 
448.0 768.0 0.106289548802 8937.10451198 
530.0 742.0 0.058312827201 9416.87172799 
588.0 710.0 0.0298158496002 9701.841504 
646.0 695.0 0.0797738800021 9202.26119998 
724.0 695.0 0.1187301424 8812.698576 
795.0 656.0 0.0586747520017 9413.25247998 
857.0 688.0 0.141100166002 8588.99833998 
912.0 680.0 0.141100166002 8588.99833998 
50.0 806.0 0.0897461928015 9102.53807198 
155.0 812.0 0.150942866001 8490.57133999 
199.0 803.0 0.0722557260008 9277.44273999 
272.0 795.0 0.0722557260008 9277.44273999 
328.0 791.0 0.0297577000006 9702.42299999 
408.0 803.0 0.0796193528007 9203.80647199 
472.0 814.0 0.0574523888012 9425.47611199 
537.0 816.0 0.0164300000004 9835.7 
560.0 757.0 0.0615271500007 9384.72849999 
616.0 775.0 0.0307258880004 9692.74112 
731.0 745.0 0.0613643604012 9386.35639599 
802.0 776.0 0.0298746168002 9701.253832 
854.0 741.0 0.117069457602 8829.30542398 
889.0 768.0 0.0834891056011 9165.10894399 
56.0 855.0 0.0575309236015 9424.69076399 
144.0 863.0 0.0743793184008 9256.20681599 
206.0 857.0 0.0295481800001 9704.5182 
267.0 881.0 0.0161940000004 9838.06 
308.0 844.0 0.0300342532005 9699.657468 
421.0 860.0 0.0295776592003 9704.223408 
478.0 858.0 0.0356425840009 9643.57415999 
531.0 867.0 0.0205613648004 9794.386352 
584.0 824.0 0.0120411788003 9879.588212 
688.0 865.0 0.0407880000011 9592.11999999 
742.0 847.0 0.0781552480017 9218.44751998 
796.0 825.0 0.0781552480017 9218.44751998 
859.0 860.0 0.00824400000022 9917.56 
873.0 802.0 0.0538466096013 9461.53390399 
75.0 911.0 0.0387104428003 9612.895572 
124.0 911.0 0.0371647648008 9628.35235199 
229.0 913.0 0.00818000000021 9918.2 
267.0 949.0 0.0126626400001 9873.3736 
310.0 916.0 0.0342240711999 9657.759288 
360.0 933.0 0.0287716772001 9712.283228 
520.0 926.0 0.00824400000022 9917.56 
575.0 941.0 0.0136025999998 9863.974 
622.0 916.0 0.00821200000022 9917.88 
681.0 910.0 0.0116183376002 9883.816624 
750.0 893.0 0.0839369200013 9160.63079999 
801.0 909.0 0.0580852508011 9419.14749199 
849.0 905.0 0.0281155360007 9718.84463999 
911.0 876.0 0.0131244479998 9868.75552 
77.0 617.0 0.119643427602 8803.56572398 
420.0 662.0 0.0948816984017 9051.18301598 
927.0 822.0 0.0301155248003 9698.844752 
759.0 738.0 0.075441551201 9245.58448799 
