0.0 0.0
18.0 28.0 0.356081081604 6439.18918396 
68.0 27.0 0.0246640000006 9753.35999999 
132.0 33.0 0.212688000006 7873.11999994 
168.0 13.0 0.212688000006 7873.11999994 
230.0 33.0 0.188050000005 8119.49999995 
286.0 29.0 0.0133073247998 9866.926752 
324.0 15.0 0.0412380000011 9587.61999999 
371.0 22.0 0.0926850808017 9073.14919198 
425.0 34.0 0.118872288002 8811.27711998 
467.0 34.0 0.0604347264016 9395.65273598 
24.0 85.0 0.569695576004 4303.04423996 
80.0 70.0 0.0510590704005 9489.409296 
118.0 70.0 0.0542296832012 9457.70316799 
178.0 64.0 0.548004195204 4519.95804796 
224.0 67.0 0.640848400012 3591.51599988 
281.0 82.0 0.348038699208 6519.61300792 
337.0 80.0 0.207936912002 7920.63087998 
365.0 78.0 0.0410300000011 9589.69999999 
433.0 70.0 0.0515263520009 9484.73647999 
477.0 63.0 0.0551420120013 9448.57987999 
14.0 134.0 0.0161640000004 9838.36 
64.0 124.0 0.534767410408 4652.32589592 
126.0 116.0 0.0283650480004 9716.34952 
166.0 112.0 0.265536784006 7344.63215994 
225.0 126.0 0.466768102408 5332.31897592 
264.0 114.0 0.0654040000017 9345.95999998 
331.0 128.0 0.118507216003 8814.92783997 
366.0 114.0 0.155691382002 8443.08617998 
434.0 135.0 0.0164540000004 9835.46 
477.0 135.0 0.0306486891999 9693.513108 
22.0 180.0 0.170567504004 8294.32495996 
71.0 163.0 0.477767872008 5222.32127992 
136.0 184.0 0.147474000004 8525.25999996 
165.0 167.0 0.0752671288012 9247.32871199 
219.0 183.0 0.259101737606 7408.98262394 
263.0 164.0 0.359736115207 6402.63884793 
320.0 174.0 0.120119436403 8798.80563597 
384.0 170.0 0.121088536002 8789.11463998 
417.0 162.0 0.059283226001 9407.16773999 
481.0 177.0 0.0357651600009 9642.34839999 
36.0 218.0 0.157951424004 8420.48575996 
79.0 214.0 0.471145660009 5288.54339991 
130.0 222.0 0.413130196008 5868.69803992 
186.0 214.0 0.0605222400015 9394.77759998 
224.0 235.0 0.118163030002 8818.36969998 
273.0 217.0 0.310395708404 6896.04291596 
322.0 235.0 0.228493470003 7715.06529997 
374.0 234.0 0.174664022002 8253.35977998 
415.0 212.0 0.107519990002 8924.80009998 
467.0 217.0 0.0373837812005 9626.162188 
35.0 271.0 0.0247720000006 9752.27999999 
69.0 269.0 0.267404500006 7325.95499994 
113.0 273.0 0.389020980006 6109.79019994 
171.0 277.0 0.210109680005 7898.90319995 
217.0 273.0 0.0819440000022 9180.55999998 
280.0 266.0 0.114528800002 8854.71199998 
316.0 269.0 0.0841934140018 9158.06585998 
381.0 272.0 0.101047325602 8989.52674398 
421.0 270.0 0.154449066001 8455.50933999 
466.0 286.0 0.0850392208018 9149.60779198 
19.0 333.0 0.00812800000021 9918.72 
72.0 317.0 0.134498256002 8655.01743998 
128.0 314.0 0.336894188007 6631.05811993 
164.0 315.0 0.118785257602 8812.14742398 
234.0 323.0 0.201432363199 7985.67636801 
284.0 334.0 0.260163476006 7398.36523994 
322.0 337.0 0.175918617203 8240.81382797 
370.0 322.0 0.0615995368012 9384.00463199 
433.0 329.0 0.0163380000004 9836.62 
471.0 318.0 0.052625265201 9473.74734799 
30.0 364.0 0.0181588992 9818.411008 
79.0 375.0 0.0384944672007 9615.05532799 
124.0 369.0 0.260349915605 7396.50084395 
181.0 365.0 0.0944325436018 9055.67456398 
215.0 362.0 0.0944325436018 9055.67456398 
278.0 366.0 0.100232696003 8997.67303997 
313.0 366.0 0.178373612004 8216.26387996 
364.0 371.0 0.112758336002 8872.41663998 
434.0 379.0 0.0409022676006 9590.97732399 
482.0 367.0 0.0532562208009 9467.43779199 
26.0 435.0 0.0324480000009 9675.51999999 
76.0 435.0 0.0120900000003 9879.1 
119.0 421.0 0.0683647080013 9316.35291999 
274.0 415.0 0.0407520000011 9592.47999999 
327.0 416.0 0.0290531264005 9709.46873599 
365.0 414.0 0.0552160600015 9447.83939998 
425.0 431.0 0.0244980000006 9755.01999999 
477.0 415.0 0.0459226400006 9540.77359999 
21.0 475.0 0.0269925500004 9730.0745 
70.0 463.0 0.0413334560005 9586.66543999 
118.0 480.0 0.0285805068002 9714.194932 
281.0 478.0 0.0632648696002 9367.351304 
322.0 478.0 0.0267201348002 9732.798652 
375.0 473.0 0.0304971104006 9695.02889599 
436.0 482.0 0.0127845431997 9872.154568 
463.0 471.0 0.0211269280005 9788.73072 
203.0 426.0 0.151097576803 8489.02423197 
243.0 453.0 0.112948448002 8870.51551998 
193.0 478.0 0.0459727500006 9540.27249999 
158.0 404.0 0.198732830002 8012.67169998 
