0.0 0.0
136.0 15.0 0.0739360000019 9260.63999998 
348.0 49.0 0.00806000000021 9919.4 
160.0 180.0 0.0948784832018 9051.21516798 
255.0 172.0 0.157106209201 8428.93790799 
385.0 104.0 0.0151431280002 9848.56872 
161.0 236.0 0.0464775788005 9535.22421199 
280.0 245.0 0.103514180801 8964.85819199 
104.0 385.0 0.0111718000001 9888.282 
360.0 347.0 0.0165405132002 9834.594868 
190.0 126.0 0.237582891203 7624.17108797 
67.0 366.0 0.00830000000022 9917.0 
272.0 52.0 0.0920689600023 9079.31039998 
194.0 56.0 0.214271424001 7857.28575999 
357.0 254.0 0.0690264960013 9309.73503999 
294.0 372.0 0.00828600000022 9917.14 
90.0 236.0 0.0515070936008 9484.92906399 
33.0 188.0 0.0165560000004 9834.44 
93.0 295.0 0.0306527960007 9693.47203999 
63.0 39.0 0.0174343800002 9825.6562 
401.0 299.0 0.0310221704004 9689.778296 
