0.0 0.0
71.0 34.0 0.0182376735997 9817.623264 
140.0 28.0 0.0161600000004 9838.4 
257.0 47.0 0.0655020000017 9344.97999998 
329.0 48.0 0.166366390003 8336.33609997 
407.0 50.0 0.0754769120019 9245.23087998 
66.0 110.0 0.0570760000015 9429.23999998 
168.0 89.0 0.03875216 9612.4784 
244.0 107.0 0.0339910400008 9660.08959999 
341.0 124.0 0.180443120004 8195.56879996 
432.0 185.0 0.1038065296 8961.934704 
83.0 186.0 0.175183188003 8248.16811997 
193.0 167.0 0.00807600000021 9919.24 
243.0 188.0 0.0128263031997 9871.736968 
356.0 200.0 0.1385138072 8614.861928 
427.0 250.0 0.0634170000009 9365.82999999 
94.0 262.0 0.204249995604 7957.50004396 
154.0 313.0 0.172520051601 8274.79948399 
231.0 299.0 0.110739300002 8892.60699998 
420.0 318.0 0.0406436820007 9593.56317999 
65.0 384.0 0.00833600000022 9916.64 
140.0 390.0 0.0592056000011 9407.94399999 
250.0 374.0 0.0679175128003 9320.824872 
326.0 392.0 0.0342714400008 9657.28559999 
416.0 382.0 0.0266131348003 9733.868652 
343.0 354.0 0.00829800000022 9917.02 
