0.0 0.0
27.0 38.0 0.151263962401 8487.36037599 
100.0 55.0 0.236537920801 7634.62079199 
172.0 66.0 0.199722006001 8002.77993999 
232.0 77.0 0.153211081603 8467.88918397 
312.0 83.0 0.153211081603 8467.88918397  
52.0 160.0 0.0580140000015 9419.85999998 
151.0 131.0 0.0580140000015 9419.85999998 
258.0 152.0 0.139327223602 8606.72776398 
321.0 180.0 0.0968202180003 9031.79782 
399.0 143.0 0.0275514288007 9724.48571199 
92.0 280.0 0.153682078402 8463.17921598 
171.0 286.0 0.140600840402 8593.99159598 
263.0 242.0 0.0953863863998 9046.136136 
355.0 295.0 0.0543652812009 9456.34718799 
417.0 262.0 0.0329711284002 9670.288716 
68.0 351.0 0.0329711284002 9670.288716 
153.0 335.0 0.087852750001 9121.47249999 
223.0 352.0 0.0669750264011 9330.24973599 
354.0 362.0 0.0162880000004 9837.12 
426.0 352.0 0.0415991584001 9584.008416 
66.0 459.0 0.0415991584001 9584.008416 
145.0 453.0 0.0132047499997 9867.9525 
195.0 428.0 0.0165480000004 9834.52 
255.0 425.0 0.0357109932002 9642.890068 
434.0 425.0 0.0331205028004 9668.794972 
373.0 179.0 0.0576794140007 9423.20585999 
330.0 267.0 0.100093674402 8999.06325598 
55.0 233.0 0.144107179202 8558.92820798 
224.0 178.0 0.0659140000017 9340.85999998 
103.0 141.0 0.0132519528002 9867.480472 
