0.0 0.0
73.0 86.0 0.219338539205 7806.61460795 
142.0 28.0 0.091401384802 9085.98615198 
238.0 38.0 0.091401384802 9085.98615198 
310.0 31.0 0.0410660000011 9589.33999999 
437.0 19.0 0.00837800000022 9916.22 
92.0 182.0 0.127590684801 8724.09315199 
162.0 137.0 0.0669590336016 9330.40966398 
248.0 160.0 0.0353112639999 9646.88736 
318.0 195.0 0.0350688500005 9649.3115 
400.0 208.0 0.0275934880005 9724.06511999 
44.0 226.0 0.0718215680006 9281.78431999 
140.0 241.0 0.0503766420008 9496.23357999 
211.0 283.0 0.00824800000022 9917.52 
338.0 300.0 0.0248060000007 9751.93999999 
449.0 286.0 0.0161219664001 9838.780336 
51.0 295.0 0.0330124960005 9669.87503999 
139.0 373.0 0.0328100000009 9671.89999999 
271.0 334.0 0.0184771695998 9815.228304 
360.0 365.0 0.0645782908002 9354.217092 
439.0 369.0 0.0432089436009 9567.91056399 
48.0 380.0 0.00827400000022 9917.26 
174.0 426.0 0.0606796448011 9393.20355199 
253.0 428.0 0.0693206520014 9306.79347999 
346.0 442.0 0.0511491000009 9488.50899999 
432.0 446.0 0.0511491000009 9488.50899999 
86.0 126.0 0.164938498004 8350.61501996 
390.0 88.0 0.118727069602 8812.72930398 
393.0 167.0 0.078114000001 9218.85999999 
337.0 103.0 0.122552651602 8774.47348398 
84.0 429.0 0.0143917956003 9856.082044 
271.0 452.0 0.0340452400009 9659.54759999 
65.0 28.0 0.212718433202 7872.81566798 
452.0 71.0 0.0482252548008 9517.74745199 
382.0 269.0 0.00824400000022 9917.56 
216.0 114.0 0.0165880000004 9834.12 
