0.0 0.0
51.0 45.0 0.184175396002 8158.24603998 
140.0 29.0 0.184175396002 8158.24603998 
209.0 28.0 0.0330040000009 9669.95999999 
282.0 20.0 0.0933361144004 9066.638856 
354.0 29.0 0.100146902001 8998.53097999 
451.0 41.0 0.0279676844004 9720.323156 
49.0 115.0 0.229237465603 7707.62534397 
129.0 102.0 0.00784200000021 9921.58 
197.0 122.0 0.0157216416002 9842.783584 
284.0 140.0 0.0411360000011 9588.63999999 
403.0 121.0 0.0643520000013 9356.47999999 
470.0 134.0 0.0325934072003 9674.065928 
51.0 189.0 0.202037600002 7979.62399998 
125.0 189.0 0.168044153602 8319.55846398 
195.0 194.0 0.106421410001 8935.78589999 
281.0 190.0 0.0329485884005 9670.514116 
351.0 203.0 0.0330760156003 9669.239844 
455.0 205.0 0.0245160000006 9754.83999999 
64.0 289.0 0.0327000000009 9672.99999999 
142.0 258.0 0.0573535200009 9426.46479999 
227.0 290.0 0.0280295312002 9719.704688 
318.0 300.0 0.0163600000004 9836.4 
387.0 277.0 0.00810000000021 9919.0 
470.0 290.0 0.0556655600013 9443.34439999 
39.0 344.0 0.0140579800003 9859.4202 
115.0 325.0 0.060190975601 9398.09024399 
218.0 351.0 0.00819600000022 9918.04 
309.0 361.0 0.0369341439998 9630.65856 
385.0 341.0 0.0147420000004 9852.58 
473.0 364.0 0.0417099680002 9582.90032 
67.0 422.0 0.0311367000007 9688.63299999 
122.0 392.0 0.0642007264001 9357.992736 
236.0 398.0 0.0123480935999 9876.519064 
323.0 432.0 0.0330135516004 9669.864484 
411.0 418.0 0.00831600000022 9916.84 
470.0 430.0 0.0224891000001 9775.109 
225.0 245.0 0.0608736824004 9391.263176 
337.0 109.0 0.0598002919999 9401.99708 
407.0 56.0 0.0607791664012 9392.20833599 
439.0 257.0 0.0553454719998 9446.54528 
