0.0 0.0
34.0 58.0 0.134872272001 8651.27727999 
140.0 35.0 0.0164620000004 9835.38 
210.0 64.0 0.00820600000022 9917.94 
290.0 59.0 0.00821800000022 9917.82 
375.0 40.0 0.0634801599999 9365.1984 
483.0 98.0 0.00835000000022 9916.5 
60.0 104.0 0.146247254401 8537.52745599 
140.0 101.0 0.0390636944003 9609.363056 
183.0 141.0 0.0304197480004 9695.80252 
246.0 124.0 0.0162413152001 9837.586848 
385.0 157.0 0.0360792040003 9639.20796 
470.0 171.0 0.0175316600002 9824.6834 
60.0 246.0 0.0563017499996 9436.9825 
124.0 202.0 0.101097536001 8989.02463999 
206.0 216.0 0.0273150500007 9726.84949999 
305.0 171.0 0.0162060000004 9837.94 
376.0 189.0 0.0245542480003 9754.45752 
462.0 231.0 0.0163120000004 9836.88 
67.0 313.0 0.0642130960001 9357.86904 
154.0 292.0 0.0494360000013 9505.63999999 
188.0 309.0 0.0859394600006 9140.60539999 
294.0 281.0 0.00828400000022 9917.16 
367.0 292.0 0.0173135600003 9826.8644 
463.0 300.0 0.0400055488006 9599.94451199 
29.0 330.0 0.0400055488006 9599.94451199 
106.0 343.0 0.0287729232001 9712.270768 
199.0 379.0 0.131878222002 8681.21777998 
267.0 372.0 0.0974773880013 9025.22611999 
335.0 345.0 0.0974773880013 9025.22611999 
455.0 348.0 0.0283336288006 9716.66371199 
56.0 446.0 0.0 10000.0 
117.0 441.0 0.00818400000022 9918.16 
188.0 445.0 0.0164612975999 9835.387024 
267.0 441.0 0.0654711816003 9345.288184 
337.0 453.0 0.0331604240006 9668.39575999 
433.0 418.0 0.0125645976002 9874.354024 
311.0 233.0 0.0146164799998 9853.8352 
439.0 17.0 0.0146164799998 9853.8352 
384.0 403.0 0.0164680000004 9835.32 
309.0 95.0 0.0109414451998 9890.585548 
68.0 154.0 0.115683169601 8843.16830399 
167.0 210.0 0.0557793696016 9442.20630398 
385.0 108.0 0.063987993601 9360.12006399 
50.0 191.0 0.0492400000013 9507.59999999 
314.0 9.0 0.0244000000006 9755.99999999 
