0.0 0.0
35.0 24.0 0.0692743988005 9307.25601199 
95.0 28.0 0.0918558976017 9081.44102398 
156.0 32.0 0.0619544596011 9380.45540399 
202.0 42.0 0.0776991520016 9223.00847998 
325.0 43.0 0.0330860000009 9669.13999999 
378.0 37.0 0.0767919340012 9232.08065999 
463.0 45.0 0.0315516572006 9684.48342799 
64.0 111.0 0.0315516572006 9684.48342799 
127.0 103.0 0.0490800000013 9509.19999999 
185.0 106.0 0.131445368003 8685.54631997 
252.0 93.0 0.137120532001 8628.79467999 
313.0 103.0 0.092821836401 9071.78163599 
382.0 101.0 0.095073312002 9049.26687998 
449.0 106.0 0.0649120088003 9350.879912 
33.0 164.0 0.0649120088003 9350.879912 
133.0 194.0 0.0574500000015 9425.49999998 
191.0 164.0 0.0627316800016 9372.68319998 
262.0 177.0 0.0627316800016 9372.68319998 
311.0 163.0 0.0611405616012 9388.59438399 
377.0 183.0 0.0323511088003 9676.488912 
463.0 179.0 0.0164880000004 9835.12 
56.0 253.0 0.0164880000004 9835.12 
135.0 259.0 0.132116239199 8678.83760801 
188.0 253.0 0.132116239199 8678.83760801 
240.0 249.0 0.0164340000004 9835.66 
338.0 236.0 0.0164340000004 9835.66 
384.0 265.0 0.0131449639996 9868.55036 
462.0 238.0 0.0361402432007 9638.59756799 
52.0 295.0 0.0410740000011 9589.25999999 
112.0 316.0 0.154289514402 8457.10485598 
203.0 323.0 0.0822460000022 9177.53999998 
267.0 318.0 0.177482688802 8225.17311198 
308.0 338.0 0.196644159205 8033.55840795 
384.0 335.0 0.196644159205 8033.55840795 
447.0 304.0 0.0321433540001 9678.56646 
32.0 399.0 0.00823000000022 9917.7 
109.0 384.0 0.128820369602 8711.79630398 
157.0 376.0 0.044854051201 9551.45948799 
226.0 374.0 0.0349897320008 9650.10267999 
318.0 410.0 0.0799030800011 9200.96919999 
404.0 410.0 0.113239824001 8867.60175999 
474.0 387.0 0.00830400000022 9916.96 
46.0 446.0 0.0284926300002 9715.0737 
92.0 446.0 0.0789888864012 9210.11113599 
161.0 450.0 0.040375758801 9596.24241199 
226.0 443.0 0.0405925180004 9594.07482 
313.0 446.0 0.0270346328002 9729.653672 
401.0 466.0 0.0461321580006 9538.67841999 
459.0 450.0 0.048717200001 9512.82799999 
344.0 378.0 0.176761539204 8232.38460796 
