0.0 0.0
34.0 19.0 0.0859020695996 9140.979304 
108.0 32.0 0.00816400000021 9918.36 
186.0 42.0 0.0656640000017 9343.35999998 
246.0 45.0 0.170468275202 8295.31724798 
310.0 41.0 0.196118102404 8038.81897596 
377.0 37.0 0.159929218002 8400.70781998 
482.0 68.0 0.00819800000022 9918.02 
49.0 86.0 0.1288295048 8711.704952 
100.0 92.0 0.0451356936011 9548.64306399 
193.0 116.0 0.0160860000004 9839.14 
235.0 94.0 0.0781986608016 9218.01339198 
335.0 126.0 0.0781986608016 9218.01339198 
410.0 129.0 0.0958363952012 9041.63604799 
483.0 121.0 0.0211532760004 9788.46724 
31.0 150.0 0.0715784720007 9284.21527999 
128.0 159.0 0.0160860000004 9839.14 
188.0 161.0 0.0356947888005 9643.05211199 
244.0 192.0 0.0306666716007 9693.33328399 
311.0 188.0 0.0738780000019 9261.21999998 
407.0 177.0 0.0573149552012 9426.85044799 
471.0 189.0 0.0401771040004 9598.22896 
28.0 226.0 0.0328040000009 9671.95999999 
121.0 247.0 0.0328040000009 9671.95999999 
192.0 261.0 0.0163440000004 9836.56 
240.0 239.0 0.0209007072 9790.992928 
320.0 253.0 0.203175733601 7968.24266399 
382.0 260.0 0.248059776405 7519.40223595 
485.0 262.0 0.0288782320004 9711.21768 
40.0 332.0 0.0530448500005 9469.5515 
122.0 319.0 0.0164900000004 9835.1 
188.0 319.0 0.0471820880005 9528.17911999 
238.0 307.0 0.0397507808005 9602.49219199 
313.0 304.0 0.00809000000021 9919.1 
386.0 305.0 0.161277658802 8387.22341198 
456.0 305.0 0.0813180520011 9186.81947999 
33.0 382.0 0.0453093404008 9546.90659599 
104.0 366.0 0.0164660000004 9835.34 
177.0 379.0 0.0307122068006 9692.87793199 
244.0 378.0 0.0307122068006 9692.87793199 
324.0 414.0 0.0248300000007 9751.69999999 
430.0 416.0 0.0704439056015 9295.56094398 
374.0 432.0 0.0378910048003 9621.089952 
54.0 475.0 0.0115633439999 9884.36656 
140.0 463.0 0.00827800000022 9917.22 
194.0 479.0 0.0135295631996 9864.704368 
237.0 465.0 0.0135295631996 9864.704368 
287.0 455.0 0.03454844 9654.5156 
350.0 482.0 0.0406144648004 9593.855352 
475.0 466.0 0.0324442700004 9675.5573 
345.0 344.0 0.0123356319998 9876.64368 
89.0 172.0 0.0306811424004 9693.188576 
101.0 471.0 0.0322089200004 9677.9108 
486.0 407.0 0.0322089200004 9677.9108 
425.0 268.0 0.148720744004 8512.79255996 
25.0 302.0 0.0943826632013 9056.17336799 
70.0 256.0 0.0749579712019 9250.42028798 
95.0 404.0 0.0379501299996 9620.4987 
406.0 63.0 0.108629185201 8913.70814799 
12.0 459.0 0.00823600000022 9917.64 
419.0 356.0 0.108902068002 8910.97931998 
