0.0 0.0
33.0 26.0 0.183626322003 8163.73677997 
110.0 25.0 0.0248300000007 9751.69999999 
152.0 31.0 0.0278352800007 9721.64719999 
207.0 26.0 0.0278352800007 9721.64719999 
258.0 20.0 0.0901080000024 9098.91999998 
347.0 38.0 0.0163240000004 9836.76 
396.0 19.0 0.0334013776008 9665.98622399 
454.0 24.0 0.046301068001 9536.98931999 
13.0 168.0 0.0328780000009 9671.21999999 
77.0 106.0 0.235783940003 7642.16059997 
147.0 92.0 0.075055118002 9249.44881998 
237.0 100.0 0.0900960000024 9099.03999998 
258.0 72.0 0.175672890004 8243.27109996 
302.0 81.0 0.259046512002 7409.53487998 
433.0 72.0 0.0402618607999 9597.381392 
463.0 101.0 0.0601894356016 9398.10564398 
22.0 220.0 0.0758730459989 9241.26954001 
89.0 135.0 0.182760884 8172.39116 
144.0 150.0 0.187077800002 8129.22199998 
219.0 154.0 0.0134707520003 9865.29248 
290.0 132.0 0.232593264002 7674.06735998 
348.0 150.0 0.175428092804 8245.71907196 
403.0 171.0 0.150947379204 8490.52620796 
456.0 157.0 0.125757802003 8742.42197997 
38.0 247.0 0.078690354 9213.09646 
86.0 223.0 0.0492340000013 9507.65999999 
162.0 205.0 0.149978065604 8500.21934396 
233.0 228.0 0.0904185016007 9095.81498399 
281.0 212.0 0.0367031520006 9632.96847999 
354.0 222.0 0.0367031520006 9632.96847999 
397.0 215.0 0.087824307201 9121.75692799 
460.0 211.0 0.087824307201 9121.75692799 
45.0 293.0 0.056110044001 9438.89955999 
111.0 273.0 0.0564249999996 9435.75 
167.0 276.0 0.0597901120003 9402.09888 
255.0 282.0 0.0467233600012 9532.76639999 
308.0 276.0 0.0573660000015 9426.33999998 
353.0 290.0 0.1320219772 8679.780228 
407.0 289.0 0.154516550801 8454.83449199 
468.0 267.0 0.0596703200017 9403.29679998 
31.0 342.0 0.0285994504001 9714.005496 
98.0 340.0 0.0245940000006 9754.05999999 
155.0 344.0 0.0570058820003 9429.94118 
192.0 344.0 0.0351308736008 9648.69126399 
270.0 344.0 0.0494240000013 9505.75999999 
327.0 335.0 0.0703221624015 9296.77837599 
422.0 340.0 0.116178041602 8838.21958398 
480.0 348.0 0.0982955568021 9017.04443198 
17.0 413.0 0.00812000000021 9918.8 
96.0 403.0 0.00812000000021 9918.8 
157.0 401.0 0.0379308480006 9620.69151999 
233.0 420.0 0.00822400000022 9917.76 
292.0 397.0 0.1231106464 8768.893536 
336.0 407.0 0.120431323202 8795.68676798 
388.0 420.0 0.0881757692013 9118.24230799 
468.0 402.0 0.0588511840012 9411.48815999 
45.0 465.0 0.0137845119999 9862.15488 
106.0 465.0 0.0442226160001 9557.77384 
191.0 479.0 0.0277740160007 9722.25983999 
245.0 468.0 0.0122504703998 9877.495296 
295.0 455.0 0.0632059580015 9367.94041998 
366.0 469.0 0.0586017980008 9413.98201999 
419.0 473.0 0.0371620700008 9628.37929999 
466.0 454.0 0.0369678736007 9630.32126399 
83.0 452.0 0.0325800000009 9674.19999999 
154.0 64.0 0.0444556548001 9555.443452 
147.0 477.0 0.0550070200007 9449.92979999 
312.0 41.0 0.0873620804023 9126.37919598 
217.0 296.0 0.0379661200008 9620.33879999 
296.0 162.0 0.182846905603 8171.53094397 
479.0 317.0 0.0534119888014 9465.88011199 
61.0 166.0 0.0534119888014 9465.88011199 
30.0 77.0 0.258530624005 7414.69375995 
186.0 193.0 0.102809152002 8971.90847998 
393.0 98.0 0.0164540000004 9835.46 
