0.0 0.0
37.0 18.0 0.125550818399 8744.49181601 
95.0 23.0 0.180028687203 8199.71312797 
128.0 36.0 0.132432120001 8675.67879999 
199.0 35.0 0.0264293380004 9735.70662 
259.0 13.0 0.0822540000022 9177.45999998 
310.0 33.0 0.205546850804 7944.53149196 
352.0 19.0 0.0936628320024 9063.37167998 
424.0 31.0 0.0247500000006 9752.49999999 
466.0 30.0 0.0388102620006 9611.89737999 
27.0 85.0 0.00822400000022 9917.76 
71.0 86.0 0.0114099776001 9885.900224 
144.0 91.0 0.135343121602 8646.56878398 
193.0 97.0 0.101250324003 8987.49675997 
250.0 77.0 0.0305505736004 9694.494264 
317.0 84.0 0.240475840003 7595.24159997 
365.0 88.0 0.199543312005 8004.56687995 
410.0 80.0 0.0163700000004 9836.3 
483.0 85.0 0.038337425601 9616.62574399 
21.0 138.0 0.038337425601 9616.62574399 
90.0 150.0 0.0908600000024 9091.39999998 
131.0 150.0 0.1931158432 8068.841568 
183.0 146.0 0.056490230801 9435.09769199 
245.0 128.0 0.0242100000006 9757.89999999 
302.0 139.0 0.0215088720003 9784.91128 
365.0 132.0 0.167243228805 8327.56771195 
427.0 134.0 0.0350251700004 9649.7483 
474.0 134.0 0.0363899716005 9636.100284 
16.0 189.0 0.122952000003 8770.47999997 
87.0 182.0 0.166978418404 8330.21581596 
134.0 207.0 0.287995104003 7120.04895997 
188.0 203.0 0.211561780805 7884.38219195 
238.0 184.0 0.0345599340008 9654.40065999 
292.0 184.0 0.0369864240007 9630.13575999 
371.0 187.0 0.148538034402 8514.61965598 
422.0 197.0 0.116547590002 8834.52409998 
467.0 188.0 0.116547590002 8834.52409998 
35.0 245.0 0.3236406288 6763.593712 
79.0 252.0 0.389632312006 6103.67687994 
143.0 243.0 0.192618975205 8073.81024795 
199.0 252.0 0.187770122005 8122.29877995 
261.0 262.0 0.0412040000011 9587.95999999 
317.0 243.0 0.0750671559998 9249.32844 
369.0 252.0 0.05878192 9412.1808 
425.0 244.0 0.0850833256023 9149.16674398 
471.0 263.0 0.0574895140011 9425.10485999 
37.0 315.0 0.00812000000021 9918.8 
86.0 300.0 0.369539370005 6304.60629995 
142.0 317.0 0.340346720005 6596.53279995 
199.0 294.0 0.138814625604 8611.85374396 
238.0 318.0 0.0814591328019 9185.40867198 
309.0 293.0 0.0602349920008 9397.65007999 
362.0 312.0 0.0632995200014 9367.00479999 
403.0 301.0 0.0306927412007 9693.07258799 
473.0 307.0 0.0277971520007 9722.02847999 
40.0 374.0 0.0137877600003 9862.1224 
79.0 370.0 0.117329706403 8826.70293597 
133.0 349.0 0.272354818004 7276.45181996 
206.0 357.0 0.0373648440005 9626.35156 
242.0 348.0 0.0537898720013 9462.10127999 
301.0 361.0 0.0497300000013 9502.69999999 
359.0 367.0 0.0973280800024 9026.71919998 
407.0 372.0 0.0864926936014 9135.07306399 
470.0 371.0 0.0864926936014 9135.07306399 
34.0 403.0 0.0245040000006 9754.95999999 
96.0 426.0 0.0463685800009 9536.31419999 
141.0 410.0 0.0658240000017 9341.75999998 
194.0 422.0 0.169870092004 8301.29907996 
245.0 419.0 0.124347472002 8756.52527998 
311.0 407.0 0.0319051168 9680.948832 
362.0 418.0 0.062397168801 9376.02831199 
423.0 409.0 0.0553555000009 9446.44499999 
459.0 425.0 0.0276234944002 9723.765056 
27.0 476.0 0.0538232880007 9461.76711999 
69.0 480.0 0.0274976400006 9725.02359999 
125.0 464.0 0.0432583311997 9567.416688 
204.0 474.0 0.0869222224018 9130.77777598 
253.0 463.0 0.0925628000019 9074.37199998 
309.0 468.0 0.0603203368016 9396.79663198 
363.0 478.0 0.0299858304009 9700.14169599 
428.0 476.0 0.00836600000022 9916.34 
481.0 485.0 0.0132015479998 9867.98452 
165.0 385.0 0.215692832005 7843.07167995 
163.0 221.0 0.210390444404 7896.09555596 
152.0 475.0 0.0261224200004 9738.7758 
119.0 339.0 0.200967092005 7990.32907995 
167.0 26.0 0.0246220000006 9753.77999999 
442.0 10.0 0.0260192880003 9739.80712 
192.0 62.0 0.0959797848023 9040.20215198 
250.0 299.0 0.0749694128017 9250.30587198 
26.0 438.0 0.0472131311998 9527.868688 
