500.0 500.0
44.0 23.0 0.0685002400006 10731.49976 
58.0 147.0 0.0123600000003 10787.64 
36.0 244.0 0.0331518400003 10766.84816 
56.0 329.0 0.0203866000006 10779.6134 
52.0 342.0 0.0181000000005 10781.9 
39.0 453.0 0.118782400001 10681.2176 
38.0 569.0 0.118782400001 10681.2176 
137.0 306.0 0.0603846000012 10739.6154 
117.0 10.0 0.0831153600001 10716.88464 
141.0 375.0 0.0547148800008 10745.28512 
48.0 279.0 0.118782400001 10681.2176 
59.0 86.0 0.11034784 10689.65216 
167.0 64.0 0.14257216 10657.42784 
150.0 131.0 0.0123600000003 10787.64 
141.0 139.0 0.118782400001 10681.2176 
124.0 268.0 0.112543360001 10687.45664 
158.0 338.0 0.328370480001 10471.62952 
153.0 462.0 0.118782400001 10681.2176 
153.0 547.0 0.0879700000004 10712.03 
165.0 565.0 0.0655380400004 10734.46196 
155.0 662.0 0.118782400001 10681.2176 
166.0 750.0 0.065286 10734.714 
129.0 852.0 0.118782400001 10681.2176 
165.0 953.0 0.0780611200003 10721.93888 
159.0 958.0 0.118782400001 10681.2176 
238.0 51.0 0.0788476800005 10721.15232 
262.0 117.0 0.00612000000017 10793.88 
265.0 238.0 0.07064748 10729.35252 
231.0 335.0 0.1303444 10669.6556 
266.0 329.0 0.0302000000008 10769.8 
245.0 456.0 0.0788476800005 10721.15232 
228.0 547.0 0.0128200000004 10787.18 
273.0 637.0 0.0756570800002 10724.34292 
272.0 750.0 0.0905526000003 10709.4474 
235.0 752.0 0.00620000000017 10793.8 
253.0 866.0 0.0788476800005 10721.15232 
243.0 950.0 0.00592000000017 10794.08 
388.0 71.0 0.118782400001 10681.2176 
361.0 139.0 0.00717200000035 10792.828 
368.0 140.0 0.00652000000018 10793.48 
338.0 238.0 0.00606000000017 10793.94 
355.0 348.0 0.118782400001 10681.2176 
344.0 451.0 0.118782400001 10681.2176 
346.0 550.0 0.00644000000018 10793.56 
345.0 557.0 0.00708400000034 10792.916 
342.0 667.0 0.0190400000005 10780.96 
345.0 744.0 0.1727204 10627.2796 
356.0 858.0 0.0788476800005 10721.15232 
348.0 959.0 0.00815279999986 10791.8472 
340.0 950.0 0.00632000000017 10793.68 
477.0 54.0 0.00646000000018 10793.54 
447.0 169.0 0.0788476800005 10721.15232 
446.0 244.0 0.118782400001 10681.2176 
450.0 354.0 0.00604000000017 10793.96 
468.0 342.0 0.0620066399998 10737.99336 
458.0 440.0 0.0706025600003 10729.39744 
450.0 545.0 0.0578879999997 10742.112 
431.0 658.0 0.0120400000003 10787.96 
440.0 737.0 0.17033376 10629.66624 
467.0 769.0 0.0393463600006 10760.65364 
444.0 854.0 0.118782400001 10681.2176 
432.0 945.0 0.0788476800005 10721.15232 
541.0 48.0 0.05984544 10740.15456 
552.0 156.0 0.00626000000017 10793.74 
571.0 124.0 0.0236002 10776.3998 
554.0 251.0 0.118782400001 10681.2176 
535.0 354.0 0.00604000000017 10793.96 
577.0 437.0 0.0788476800005 10721.15232
541.0 555.0 0.0597648799999 10740.23512 
542.0 543.0 0.0493560000001 10750.644 
548.0 657.0 0.0788476800005 10721.15232 
579.0 741.0 0.0124000000003 10787.6 
571.0 849.0 0.0244400000007 10775.56 
570.0 944.0 0.0788476800005 10721.15232 
544.0 948.0 0.0788476800005 10721.15232 
674.0 80.0 0.0788476800005 10721.15232 
651.0 128.0 0.0788476800005 10721.15232
661.0 255.0 0.00670000000018 10793.3 
624.0 354.0 0.00578000000016 10794.22 
668.0 347.0 0.0287265999998 10771.2734 
659.0 458.0 0.253725000001 10546.275 
630.0 545.0 0.00646000000018 10793.54 
640.0 660.0 0.00646000000018 10793.54 
637.0 761.0 0.0516796800002 10748.32032 
650.0 756.0 0.07311288 10726.88712 
648.0 866.0 0.346875840001 10453.12416 
666.0 937.0 0.253725000001 10546.275 
749.0 47.0 0.00646000000018 10793.54 
751.0 151.0 0.00963899999992 10790.361 
762.0 163.0 0.00630000000017 10793.7 
740.0 248.0 0.090986 10709.014 
752.0 350.0 0.0881402400001 10711.85976 
761.0 429.0 0.00646000000018 10793.54 
754.0 554.0 0.0138332800001 10786.16672 
748.0 530.0 0.00622000000017 10793.78 
778.0 655.0 0.253725000001 10546.275 
742.0 747.0 0.0927792000001 10707.2208 
751.0 862.0 0.0927792000001 10707.2208 
734.0 947.0 0.153061440001 10646.93856 
752.0 963.0 0.0258016000004 10774.1984 
840.0 31.0 0.0927792000001 10707.2208 
856.0 136.0 0.253725000001 10546.275 
858.0 243.0 0.0927792000001 10707.2208 
836.0 354.0 0.0927792000001 10707.2208 
841.0 348.0 0.0927792000001 10707.2208 
862.0 462.0 0.0927792000001 10707.2208 
853.0 541.0 0.0195800000005 10780.42 
859.0 634.0 0.0195800000005 10780.42 
863.0 735.0 0.0124600000003 10787.54 
869.0 749.0 0.0245814400005 10775.41856 
876.0 839.0 0.00626000000017 10793.74 
845.0 953.0 0.0195800000005 10780.42 
947.0 36.0 0.253725000001 10546.275 
940.0 153.0 0.00649484000012 10793.50516 
937.0 153.0 0.00638000000018 10793.62 
939.0 271.0 0.0788322799997 10721.16772 
958.0 345.0 0.00622000000017 10793.78 
928.0 436.0 0.0927792000001 10707.2208 
945.0 550.0 0.0216909600006 10778.30904 
932.0 545.0 0.179128920001 10620.87108 
950.0 644.0 0.253725000001 10546.275
948.0 755.0 0.0983923600005 10701.60764 
950.0 858.0 0.0793392399997 10720.66076 
956.0 969.0 0.0191639999999 10780.836 
940.0 940.0 0.00600000000017 10794.0 
