500.0 500.0
43.0 44.0 0.139110000001 10660.89 
54.0 147.0 0.00580000000016 10794.2 
106.0 53.0 0.253423360002 10546.57664 
149.0 53.0 0.125981120002 10674.01888 
182.0 87.0 0.158110120001 10641.88988 
283.0 9.0 0.0785432000005 10721.4568 
245.0 60.0 0.0794063600011 10720.59364 
5.0 27.0 0.0407251200001 10759.27488 
185.0 97.0 0.157823920001 10642.17608 
115.0 122.0 0.269774840002 10530.22516 
69.0 126.0 0.0619512000009 10738.0488 
370.0 111.0 0.0666423999996 10733.3576 
144.0 26.0 0.0841872000005 10715.8128 
164.0 152.0 0.0433600000012 10756.64 
150.0 153.0 0.0557200000015 10744.28 
163.0 259.0 0.0557200000015 10744.28 
138.0 351.0 0.0557200000015 10744.28 
161.0 440.0 0.0656 10734.4 
133.0 583.0 0.0838522399999 10716.14776 
143.0 532.0 0.0176800000005 10782.32 
145.0 653.0 0.0815308800005 10718.46912 
166.0 776.0 0.0815308800005 10718.46912 
365.0 18.0 0.0757754399999 10724.22456 
141.0 553.0 0.0105083999999 10789.4916 
240.0 45.0 0.059061880001 10740.93812 
278.0 58.0 0.0196400000005 10780.36 
258.0 161.0 0.139110000001 10660.89 
243.0 251.0 0.139110000001 10660.89 
239.0 343.0 0.00931532000022 10790.68468 
244.0 357.0 0.00646000000018 10793.54 
225.0 463.0 0.00640000000018 10793.6 
224.0 556.0 0.139110000001 10660.89 
263.0 647.0 0.139110000001 10660.89 
229.0 733.0 0.0334994800003 10766.50052 
264.0 729.0 0.13989632 10660.10368 
231.0 836.0 0.139110000001 10660.89 
244.0 979.0 0.0793306800001 10720.66932 
358.0 52.0 0.0584950000005 10741.505 
344.0 140.0 0.00744016000011 10792.55984 
348.0 151.0 0.0176400000005 10782.36 
343.0 264.0 0.0515883600003 10748.41164 
346.0 322.0 0.00666000000018 10793.34 
348.0 470.0 0.139110000001 10660.89 
346.0 559.0 0.00560000000016 10794.4 
350.0 570.0 0.0071344000001 10792.8656 
355.0 652.0 0.139110000001 10660.89 
331.0 752.0 0.0121200000003 10787.88 
372.0 864.0 0.0127200000004 10787.28 
378.0 938.0 0.15934528 10640.65472 
342.0 961.0 0.139110000001 10660.89 
441.0 27.0 0.00596000000017 10794.04 
451.0 168.0 0.139110000001 10660.89 
438.0 258.0 0.0943481200002 10705.65188 
450.0 335.0 0.0679626399999 10732.03736 
477.0 370.0 0.0125800000003 10787.42 
438.0 475.0 0.06757684 10732.42316 
461.0 546.0 0.05714784 10742.85216 
456.0 645.0 0.139110000001 10660.89 
431.0 750.0 0.00865200000009 10791.348 
441.0 740.0 0.00618000000017 10793.82 
448.0 839.0 0.139110000001 10660.89 
456.0 954.0 0.100272 10699.728 
547.0 35.0 0.139110000001 10660.89 
537.0 145.0 0.013608 10786.392 
553.0 163.0 0.00630000000017 10793.7 
526.0 233.0 0.0793306800001 10720.66932 
570.0 355.0 0.00608000000017 10793.92 
539.0 457.0 0.0458208000001 10754.1792 
556.0 552.0 0.0829272 10717.0728 
571.0 544.0 0.139110000001 10660.89 
556.0 639.0 0.0793306800001 10720.66932 
554.0 745.0 0.0793306800001 10720.66932 
549.0 846.0 0.139110000001 10660.89 
541.0 960.0 0.00623807999999 10793.76192 
543.0 957.0 0.00608000000017 10793.92 
657.0 45.0 0.00598000000017 10794.02 
641.0 135.0 0.0793306800001 10720.66932 
661.0 247.0 0.139110000001 10660.89 
649.0 373.0 0.0713782400003 10728.62176 
636.0 364.0 0.0665939200005 10733.40608 
660.0 439.0 0.0126400000003 10787.36 
663.0 549.0 0.0125800000003 10787.42 
645.0 645.0 0.139110000001 10660.89 
657.0 756.0 0.01051272 10789.48728 
648.0 740.0 0.00628000000017 10793.72 
636.0 847.0 0.0793306800001 10720.66932 
649.0 953.0 0.139110000001 10660.89 
735.0 38.0 0.0793306800001 10720.66932 
725.0 148.0 0.00626000000017 10793.74 
735.0 143.0 0.00782499999994 10792.175 
754.0 252.0 0.139110000001 10660.89 
760.0 356.0 0.0777384000002 10722.2616 
762.0 434.0 0.00590000000017 10794.1 
754.0 534.0 0.0304007200002 10769.59928 
739.0 560.0 0.167308520001 10632.69148 
774.0 644.0 0.139110000001 10660.89 
781.0 758.0 0.0118400000003 10788.16 
732.0 853.0 0.0793306800001 10720.66932 
751.0 979.0 0.0269381999999 10773.0618 
743.0 940.0 0.00646000000018 10793.54 
866.0 38.0 0.139110000001 10660.89 
840.0 143.0 0.0793306800001 10720.66932 
863.0 244.0 0.00630000000017 10793.7 
849.0 359.0 0.131920000001 10668.08 
865.0 336.0 0.0297904000004 10770.2096 
861.0 425.0 0.0125200000003 10787.48 
833.0 557.0 0.139110000001 10660.89 
860.0 657.0 0.0126200000003 10787.38 
857.0 764.0 0.0776318399999 10722.36816 
852.0 768.0 0.0753827600004 10724.61724 
857.0 856.0 0.0793306800001 10720.66932 
863.0 953.0 0.139110000001 10660.89 
946.0 38.0 0.0793306800001 10720.66932 
939.0 133.0 0.00590000000017 10794.1 
957.0 139.0 0.0101480000002 10789.852 
933.0 238.0 0.0684936000001 10731.5064 
950.0 337.0 0.139110000001 10660.89 
953.0 463.0 0.0684936000001 10731.5064 
949.0 546.0 0.00612000000017 10793.88 
953.0 544.0 0.00636480000009 10793.6352 
930.0 667.0 0.1452 10654.8 
939.0 746.0 0.0996687200004 10700.33128 
938.0 851.0 0.139110000001 10660.89 
951.0 949.0 0.0684936000001 10731.5064 
964.0 945.0 0.139110000001 10660.89 
