500.0 500.0
72.0 58.0 0.0590399999999 10740.96 
62.0 149.0 0.101959200001 10698.0408 
66.0 263.0 0.101959200001 10698.0408 
53.0 369.0 0.0831448400006 10716.85516 
44.0 349.0 0.0983662400007 10701.63376 
63.0 481.0 0.0483220000003 10751.678 
109.0 458.0 0.0620984000003 10737.9016 
140.0 445.0 0.0812395999996 10718.7604 
174.0 445.0 0.0249600000008 10775.04 
117.0 354.0 0.10974996 10690.25004 
120.0 187.0 0.130252800001 10669.7472 
266.0 356.0 0.257965960001 10542.03404 
151.0 56.0 0.101959200001 10698.0408 
127.0 159.0 0.0523693200013 10747.63068 
139.0 149.0 0.0637112000008 10736.2888 
160.0 260.0 0.0302200000008 10769.78 
162.0 346.0 0.0188200000005 10781.18 
175.0 452.0 0.0243000000007 10775.7 
139.0 550.0 0.00741300000019 10792.587 
143.0 547.0 0.00706000000019 10792.94 
177.0 653.0 0.101959200001 10698.0408 
154.0 744.0 0.00624000000017 10793.76 
151.0 863.0 0.101959200001 10698.0408 
126.0 221.0 0.216217880001 10583.78212 
149.0 949.0 0.00624000000017 10793.76 
254.0 39.0 0.101959200001 10698.0408 
260.0 131.0 0.00624000000017 10793.76 
256.0 243.0 0.101959200001 10698.0408 
243.0 344.0 0.0333706000008 10766.6294 
250.0 340.0 0.0324993600005 10767.50064 
258.0 455.0 0.101959200001 10698.0408 
246.0 554.0 0.101959200001 10698.0408 
273.0 640.0 0.00624000000017 10793.76 
239.0 755.0 0.0271898400004 10772.81016 
264.0 758.0 0.14103392 10658.96608 
253.0 874.0 0.00606000000017 10793.94 
239.0 948.0 0.0748046400001 10725.19536 
333.0 60.0 0.101959200001 10698.0408 
360.0 155.0 0.00586000000016 10794.14 
345.0 148.0 0.00907128000005 10790.92872 
352.0 258.0 0.101959200001 10698.0408 
343.0 358.0 0.0190600000005 10780.94 
358.0 450.0 0.00624000000017 10793.76 
343.0 558.0 0.00890459999992 10791.0954 
346.0 542.0 0.00582000000016 10794.18 
355.0 643.0 0.101959200001 10698.0408 
332.0 745.0 0.0127200000004 10787.28 
384.0 836.0 0.0578793599997 10742.12064 
342.0 962.0 0.101959200001 10698.0408 
346.0 938.0 0.00624000000017 10793.76 
463.0 70.0 0.101959200001 10698.0408 
459.0 133.0 0.00624000000017 10793.76 
452.0 231.0 0.101959200001 10698.0408 
451.0 340.0 0.0140742000002 10785.9258 
435.0 359.0 0.00630000000017 10793.7 
463.0 459.0 0.0460079999999 10753.992 
449.0 559.0 0.0797738399998 10720.22616 
431.0 640.0 0.101959200001 10698.0408 
442.0 757.0 0.00640000000018 10793.6 
443.0 758.0 0.00642560000002 10793.5744 
450.0 840.0 0.00594000000017 10794.06 
450.0 943.0 0.101959200001 10698.0408 
565.0 23.0 0.00624000000017 10793.76 
538.0 147.0 0.0745732800001 10725.42672 
550.0 153.0 0.0606556800003 10739.34432 
547.0 218.0 0.0118800000003 10788.12 
547.0 339.0 0.101959200001 10698.0408 
552.0 442.0 0.0838076800001 10716.19232 
555.0 563.0 0.00666000000018 10793.34 
563.0 558.0 0.00784547999997 10792.15452 
544.0 636.0 0.101959200001 10698.0408 
554.0 734.0 0.00624000000017 10793.76 
533.0 846.0 0.00624000000017 10793.76 
555.0 944.0 0.01006992 10789.93008 
539.0 944.0 0.00666000000018 10793.34 
662.0 39.0 0.101959200001 10698.0408 
648.0 161.0 0.00624000000017 10793.76 
634.0 243.0 0.101959200001 10698.0408 
649.0 339.0 0.00740315999974 10792.59684 
646.0 347.0 0.00646000000018 10793.54 
657.0 437.0 0.00624000000017 10793.76 
657.0 562.0 0.101959200001 10698.0408 
649.0 656.0 0.00624000000017 10793.76 
662.0 759.0 0.00624000000017 10793.76 
639.0 760.0 0.101959200001 10698.0408 
644.0 861.0 0.101959200001 10698.0408 
652.0 951.0 0.0120400000003 10787.96 
771.0 56.0 0.00624000000017 10793.76 
757.0 143.0 0.00956999999988 10790.43 
758.0 161.0 0.00580000000016 10794.2 
737.0 245.0 0.101959200001 10698.0408 
764.0 372.0 0.00624000000017 10793.76 
763.0 455.0 0.00564000000016 10794.36 
770.0 544.0 0.0104832000003 10789.5168 
752.0 548.0 0.00624000000017 10793.76 
739.0 675.0 0.00624000000017 10793.76 
743.0 758.0 0.00624000000017 10793.76 
737.0 840.0 0.00624000000017 10793.76 
729.0 951.0 0.16077032 10639.22968 
763.0 944.0 0.0323636000003 10767.6364 
850.0 47.0 0.0323636000003 10767.6364 
847.0 154.0 0.00624000000017 10793.76 
840.0 263.0 0.0742691999997 10725.7308 
854.0 329.0 0.00590000000017 10794.1 
853.0 338.0 0.00590000000017 10794.1 
835.0 452.0 0.0642170400002 10735.78296 
857.0 545.0 0.0742691999997 10725.7308 
824.0 658.0 0.0188457599999 10781.15424 
865.0 752.0 0.0188457599999 10781.15424 
839.0 757.0 0.0188457599999 10781.15424 
850.0 854.0 0.0742691999997 10725.7308 
848.0 961.0 0.0742691999997 10725.7308 
951.0 43.0 0.0742691999997 10725.7308 
950.0 166.0 0.00586000000016 10794.14 
968.0 138.0 0.0188457599999 10781.15424 
956.0 255.0 0.16077032 10639.22968 
934.0 342.0 0.0742691999997 10725.7308 
948.0 460.0 0.16077032 10639.22968 
936.0 535.0 0.00604000000017 10793.96 
939.0 560.0 0.0136987200001 10786.30128 
963.0 646.0 0.0742691999997 10725.7308 
942.0 728.0 0.16077032 10639.22968 
972.0 827.0 0.0742691999997 10725.7308 
945.0 944.0 0.00610000000017 10793.9 
975.0 976.0 0.0295728000001 10770.4272 
