500.0 500.0
56.0 39.0 0.111127640001 10688.87236 
43.0 174.0 0.0689862000003 10731.0138 
58.0 264.0 0.111127640001 10688.87236 
60.0 354.0 0.0862025600005 10713.79744 
143.0 353.0 0.0862025600005 10713.79744 
46.0 464.0 0.111127640001 10688.87236 
139.0 238.0 0.0912620000022 10708.738 
157.0 185.0 0.220767800002 10579.2322 
79.0 227.0 0.149923400002 10650.0766 
158.0 128.0 0.0435468800005 10756.45312 
143.0 140.0 0.0789311200014 10721.06888 
160.0 251.0 0.0624000000017 10737.6 
154.0 48.0 0.111127640001 10688.87236 
139.0 156.0 0.059451800001 10740.5482 
160.0 166.0 0.194020000001 10605.98 
130.0 257.0 0.126391680002 10673.60832 
147.0 342.0 0.0862025600005 10713.79744 
141.0 468.0 0.06011712 10739.88288 
157.0 534.0 0.0123600000003 10787.64 
138.0 553.0 0.01583712 10784.16288 
147.0 653.0 0.111127640001 10688.87236 
150.0 750.0 0.111127640001 10688.87236 
138.0 835.0 0.0862025600005 10713.79744 
155.0 951.0 0.0862025600005 10713.79744 
143.0 958.0 0.111127640001 10688.87236 
259.0 44.0 0.0862025600005 10713.79744 
262.0 144.0 0.0862025600005 10713.79744 
255.0 251.0 0.111127640001 10688.87236 
269.0 350.0 0.0994473600006 10700.55264 
270.0 350.0 0.101949600001 10698.0504 
241.0 436.0 0.0862025600005 10713.79744 
262.0 550.0 0.0695096000002 10730.4904 
246.0 657.0 0.0862025600005 10713.79744 
247.0 743.0 0.00598000000017 10794.02 
246.0 755.0 0.00771419999987 10792.2858 
260.0 856.0 0.111127640001 10688.87236 
249.0 968.0 0.0862025600005 10713.79744 
342.0 62.0 0.0862025600005 10713.79744 
385.0 154.0 0.19257704 10607.42296 
354.0 132.0 0.0754320000001 10724.568 
335.0 252.0 0.0862025600005 10713.79744 
341.0 367.0 0.222318 10577.682 
372.0 430.0 0.0193000000005 10780.7 
350.0 547.0 0.0862025600005 10713.79744 
330.0 566.0 0.00646000000018 10793.54 
361.0 646.0 0.0642928000003 10735.7072 
332.0 754.0 0.0862025600005 10713.79744 
333.0 853.0 0.0184800000005 10781.52 
363.0 927.0 0.266256960001 10533.74304 
372.0 948.0 0.0369266400008 10763.07336 
442.0 43.0 0.0682624799999 10731.73752 
450.0 153.0 0.0190200000005 10780.98 
433.0 240.0 0.111127640001 10688.87236 
469.0 362.0 0.0131800000004 10786.82 
454.0 361.0 0.0098735999999 10790.1264 
473.0 462.0 0.03549744 10764.50256 
431.0 556.0 0.111127640001 10688.87236 
433.0 652.0 0.00562000000016 10794.38 
443.0 738.0 0.111127640001 10688.87236 
431.0 767.0 0.00662000000018 10793.38 
448.0 839.0 0.0790825199999 10720.91748 
430.0 948.0 0.0903516000005 10709.6484 
554.0 43.0 0.0682624799999 10731.73752 
551.0 136.0 0.0380560799997 10761.94392 
543.0 163.0 0.0122800000003 10787.72 
521.0 232.0 0.111127640001 10688.87236 
544.0 345.0 0.0818426399999 10718.15736 
528.0 455.0 0.03891384 10761.08616 
532.0 562.0 0.0746009600002 10725.39904 
532.0 558.0 0.0681443199999 10731.85568 
538.0 653.0 0.111127640001 10688.87236 
544.0 761.0 0.0682624799999 10731.73752 
560.0 849.0 0.00590000000017 10794.1 
554.0 936.0 0.111127640001 10688.87236 
544.0 959.0 0.0682624799999 10731.73752 
663.0 46.0 0.0682624799999 10731.73752 
621.0 142.0 0.0807736000004 10719.2264 
661.0 219.0 0.111127640001 10688.87236 
667.0 353.0 0.01308456 10786.91544 
647.0 340.0 0.00612000000017 10793.88 
666.0 447.0 0.0682624799999 10731.73752 
648.0 541.0 0.111127640001 10688.87236 
639.0 641.0 0.0682624799999 10731.73752 
673.0 760.0 0.00864864 10791.35136 
666.0 748.0 0.00624000000017 10793.76 
635.0 854.0 0.0725699999998 10727.43 
667.0 953.0 0.0122600000003 10787.74 
769.0 48.0 0.00612000000017 10793.88 
764.0 177.0 0.11721696 10682.78304 
745.0 148.0 0.0330086400001 10766.99136 
760.0 241.0 0.0243400000007 10775.66 
750.0 376.0 0.0438912 10756.1088 
765.0 428.0 0.00640000000018 10793.6 
752.0 550.0 0.00608000000017 10793.92 
762.0 558.0 0.00807424000013 10791.92576 
758.0 638.0 0.111127640001 10688.87236 
769.0 734.0 0.0682624799999 10731.73752 
774.0 881.0 0.0186600000005 10781.34 
747.0 940.0 0.0198592000005 10780.1408 
735.0 940.0 0.14080904 10659.19096 
840.0 54.0 0.0682624799999 10731.73752 
868.0 143.0 0.0176600000005 10782.34 
834.0 270.0 0.1738182 10626.1818 
870.0 318.0 0.0624840000006 10737.516 
829.0 357.0 0.111127640001 10688.87236 
848.0 437.0 0.0682624799999 10731.73752 
863.0 551.0 0.0127600000004 10787.24 
841.0 671.0 0.0245200000007 10775.48 
858.0 747.0 0.103365000001 10696.635 
868.0 745.0 0.260308200001 10539.6918 
834.0 862.0 0.0571007999999 10742.8992 
873.0 944.0 0.0123000000003 10787.7 
938.0 84.0 0.0502411200003 10749.75888 
931.0 156.0 0.0589953600002 10741.00464 
943.0 137.0 0.1450786 10654.9214 
956.0 238.0 0.111127640001 10688.87236 
945.0 368.0 0.0682624799999 10731.73752 
956.0 450.0 0.0682624799999 10731.73752 
932.0 555.0 0.07256804 10727.43196 
940.0 553.0 0.0898890000004 10710.111 
943.0 663.0 0.111127640001 10688.87236 
940.0 775.0 0.184062880001 10615.93712 
953.0 840.0 0.0701049600005 10729.89504 
950.0 948.0 0.0835271999998 10716.4728 
936.0 952.0 0.0527641199998 10747.23588 
