500.0 500.0
43.0 51.0 0.0920912000002 10707.9088 
39.0 165.0 0.0920912000002 10707.9088 
70.0 240.0 0.0522077600004 10747.79224 
45.0 350.0 0.0123600000003 10787.64 
38.0 358.0 0.0920912000002 10707.9088 
58.0 431.0 0.00640000000018 10793.6 
40.0 547.0 0.0353846399998 10764.61536 
20.0 319.0 0.0379188800004 10762.08112 
198.0 313.0 0.101393400001 10698.6066 
326.0 372.0 0.304229000001 10495.771 
66.0 586.0 0.00656000000018 10793.44 
38.0 280.0 0.0874353600006 10712.56464 
134.0 62.0 0.0707478000004 10729.2522 
132.0 156.0 0.0132200000004 10786.78 
135.0 124.0 0.0471525200007 10752.84748 
127.0 240.0 0.00612000000017 10793.88 
151.0 339.0 0.0862025600005 10713.79744 
151.0 440.0 0.0862025600005 10713.79744 
146.0 551.0 0.0120800000003 10787.92 
153.0 589.0 0.0543108799999 10745.68912 
165.0 653.0 0.0704768000002 10729.5232 
140.0 763.0 0.0862025600005 10713.79744 
149.0 860.0 0.0862025600005 10713.79744 
138.0 954.0 0.00610000000017 10793.9 
161.0 975.0 0.0179340000003 10782.066 
250.0 54.0 0.0862025600005 10713.79744 
243.0 166.0 0.0862025600005 10713.79744 
250.0 265.0 0.0920912000002 10707.9088 
267.0 351.0 0.196008880002 10603.99112 
241.0 355.0 0.0390176000006 10760.9824 
256.0 468.0 0.0862025600005 10713.79744 
272.0 559.0 0.0920912000002 10707.9088 
270.0 639.0 0.0862025600005 10713.79744 
271.0 747.0 0.00572000000016 10794.28 
235.0 750.0 0.0862025600005 10713.79744 
250.0 860.0 0.0124400000003 10787.56 
238.0 942.0 0.0862025600005 10713.79744 
375.0 38.0 0.0874628000005 10712.5372 
348.0 157.0 0.0124400000003 10787.56 
356.0 111.0 0.0727384000004 10727.2616 
363.0 249.0 0.0528352000001 10747.1648 
364.0 362.0 0.0920912000002 10707.9088 
347.0 442.0 0.0245000000007 10775.5 
351.0 533.0 0.00634000000017 10793.66 
338.0 548.0 0.0113359200001 10788.66408 
349.0 666.0 0.00634000000017 10793.66 
354.0 741.0 0.0779819999998 10722.018 
337.0 855.0 0.0124400000003 10787.56 
348.0 958.0 0.0917718000004 10708.2282 
358.0 950.0 0.0115800000003 10788.42 
450.0 37.0 0.0121800000003 10787.82 
457.0 144.0 0.0124400000003 10787.56 
425.0 250.0 0.00608000000017 10793.92 
445.0 352.0 0.00653184000005 10793.46816 
445.0 354.0 0.00648000000018 10793.52 
462.0 444.0 0.0668527999999 10733.1472 
437.0 559.0 0.0920912000002 10707.9088 
443.0 681.0 0.0920912000002 10707.9088 
459.0 768.0 0.00640000000018 10793.6 
431.0 764.0 0.0166399999999 10783.36 
457.0 858.0 0.0920912000002 10707.9088 
426.0 969.0 0.1330126 10666.9874 
524.0 14.0 0.0796212000001 10720.3788 
543.0 144.0 0.0105974399998 10789.40256 
546.0 161.0 0.00664000000018 10793.36 
563.0 243.0 0.157548 10642.452 
554.0 343.0 0.00626000000017 10793.74 
553.0 444.0 0.0742463999998 10725.7536 
568.0 533.0 0.0981578800003 10701.84212 
560.0 540.0 0.157548 10642.452 
541.0 646.0 0.0920912000002 10707.9088 
559.0 743.0 0.1607784 10639.2216 
540.0 860.0 0.00572000000016 10794.28 
538.0 951.0 0.00572000000016 10794.28 
545.0 964.0 0.00821391999998 10791.78608 
620.0 55.0 0.157548 10642.452 
630.0 148.0 0.00572000000016 10794.28 
645.0 245.0 0.157548 10642.452 
654.0 337.0 0.00572000000016 10794.28 
633.0 346.0 0.0845100000001 10715.49 
677.0 443.0 0.00690000000019 10793.1 
621.0 543.0 0.0712136000006 10728.7864 
653.0 655.0 0.157548 10642.452 
653.0 747.0 0.0189200000005 10781.08 
676.0 768.0 0.0684848000012 10731.5152 
628.0 854.0 0.1607784 10639.2216 
667.0 936.0 0.157548 10642.452 
766.0 46.0 0.00596000000017 10794.04 
739.0 148.0 0.00614000000017 10793.86 
733.0 142.0 0.0070241600001 10792.97584 
761.0 261.0 0.00612000000017 10793.88 
750.0 347.0 0.0764657999999 10723.5342 
748.0 443.0 0.0764657999999 10723.5342 
749.0 537.0 0.00676000000018 10793.24 
745.0 572.0 0.0235383199999 10776.46168 
747.0 676.0 0.0764657999999 10723.5342 
749.0 779.0 0.178674 10621.326 
733.0 827.0 0.0539864000004 10746.0136 
751.0 942.0 0.00594000000017 10794.06 
759.0 962.0 0.0114523200002 10788.54768 
837.0 57.0 0.0744523200001 10725.54768 
848.0 132.0 0.00596000000017 10794.04 
831.0 245.0 0.0692294399999 10730.77056 
862.0 364.0 0.0764657999999 10723.5342 
866.0 337.0 0.00600000000017 10794.0 
855.0 471.0 0.00640000000018 10793.6 
855.0 535.0 0.0588288 10741.1712 
842.0 666.0 0.0119200000003 10788.08 
856.0 772.0 0.0271645600004 10772.83544 
851.0 743.0 0.1607784 10639.2216 
847.0 843.0 0.00622000000017 10793.78 
863.0 920.0 0.0831614000001 10716.8386 
951.0 35.0 0.0764657999999 10723.5342 
944.0 162.0 0.0678537599997 10732.14624 
956.0 129.0 0.0764657999999 10723.5342 
973.0 226.0 0.00624000000017 10793.76 
934.0 347.0 0.062688 10737.312 
967.0 453.0 0.1607784 10639.2216 
947.0 554.0 0.00776160000025 10792.2384 
943.0 566.0 0.00588000000016 10794.12 
962.0 657.0 0.1607784 10639.2216 
936.0 765.0 0.00622000000017 10793.78 
949.0 841.0 0.0801757999998 10719.8242 
964.0 974.0 0.0176695199999 10782.33048 
937.0 957.0 0.00582000000016 10794.18 
