500.0 500.0
67.0 47.0 0.0118800000003 10788.12
60.0 144.0 0.0775924799998 10722.40752 
41.0 246.0 0.119743040001 10680.25696 
65.0 361.0 0.00636000000018 10793.64 
63.0 358.0 0.00652535999999 10793.47464 
50.0 445.0 0.119743040001 10680.25696 
46.0 558.0 0.119743040001 10680.25696 
62.0 662.0 0.0894913600001 10710.50864 
51.0 757.0 0.00707839999983 10792.9216 
53.0 750.0 0.00640000000018 10793.6 
42.0 860.0 0.119743040001 10680.25696 
64.0 958.0 0.0894913600001 10710.50864 
153.0 43.0 0.0894913600001 10710.50864 
147.0 144.0 0.00922799999998 10790.772 
137.0 157.0 0.0118800000003 10788.12 
140.0 248.0 0.119743040001 10680.25696 
149.0 375.0 0.0912844000003 10708.7156 
172.0 446.0 0.16829024 10631.70976 
146.0 552.0 0.00936319999985 10790.6368 
154.0 566.0 0.00616000000017 10793.84 
157.0 667.0 0.119743040001 10680.25696 
171.0 760.0 0.0554887999999 10744.5112 
141.0 847.0 0.0894913600001 10710.50864 
163.0 939.0 0.0742012000004 10725.7988 
168.0 978.0 0.0910803199999 10708.91968 
237.0 24.0 0.119743040001 10680.25696 
250.0 147.0 0.0894913600001 10710.50864 
233.0 241.0 0.0894913600001 10710.50864 
244.0 343.0 0.00620000000017 10793.8 
238.0 338.0 0.00695640000013 10793.0436 
248.0 450.0 0.0128600000004 10787.14 
252.0 550.0 0.119743040001 10680.25696 
246.0 673.0 0.0894913600001 10710.50864 
243.0 748.0 0.0894913600001 10710.50864 
238.0 761.0 0.00556000000016 10794.44 
243.0 865.0 0.119743040001 10680.25696 
236.0 938.0 0.0121600000003 10787.84 
326.0 56.0 0.119743040001 10680.25696 
335.0 150.0 0.0116148800001 10788.38512 
355.0 154.0 0.00634000000017 10793.66 
358.0 250.0 0.119743040001 10680.25696 
350.0 377.0 0.119743040001 10680.25696 
366.0 460.0 0.0894913600001 10710.50864 
343.0 542.0 0.0072546 10792.7454 
347.0 535.0 0.00642000000018 10793.58 
354.0 655.0 0.119743040001 10680.25696 
364.0 750.0 0.0761980800005 10723.80192 
349.0 849.0 0.119743040001 10680.25696 
346.0 957.0 0.00618000000017 10793.82 
336.0 956.0 0.00742836000015 10792.57164 
457.0 37.0 0.119743040001 10680.25696 
448.0 161.0 0.0894913600001 10710.50864 
464.0 242.0 0.0894913600001 10710.50864 
450.0 347.0 0.00610000000017 10793.9 
448.0 343.0 0.00634400000009 10793.656 
438.0 452.0 0.08961504 10710.38496 
452.0 552.0 0.0711633600002 10728.83664 
448.0 630.0 0.119743040001 10680.25696 
443.0 755.0 0.0256555200005 10774.34448 
436.0 752.0 0.0183000000005 10781.7 
436.0 833.0 0.0907240800005 10709.27592 
423.0 936.0 0.119743040001 10680.25696 
565.0 66.0 0.0894913600001 10710.50864 
564.0 166.0 0.00612000000017 10793.88 
561.0 156.0 0.0074541599999 10792.54584 
560.0 246.0 0.119743040001 10680.25696 
552.0 359.0 0.0894913600001 10710.50864 
528.0 446.0 0.0540959999998 10745.904 
550.0 567.0 0.0183000000005 10781.7 
554.0 571.0 0.0186929600006 10781.30704 
571.0 626.0 0.119743040001 10680.25696 
550.0 743.0 0.119743040001 10680.25696 
546.0 834.0 0.0894913600001 10710.50864 
546.0 834.0 0.0894913600001 10710.50864 
579.0 959.0 0.1124976 10687.5024 
530.0 922.0 0.0124400000003 10787.56 
632.0 43.0 0.119743040001 10680.25696 
630.0 151.0 0.0894913600001 10710.50864 
636.0 243.0 0.0894913600001 10710.50864 
675.0 336.0 0.0279417600001 10772.05824 
637.0 354.0 0.00616000000017 10793.84 
645.0 440.0 0.119743040001 10680.25696 
667.0 565.0 0.0894913600001 10710.50864 
643.0 634.0 0.0818257600003 10718.17424 
642.0 737.0 0.00628000000017 10793.72 
632.0 754.0 0.01116584 10788.83416 
655.0 853.0 0.119743040001 10680.25696 
648.0 965.0 0.0787584400006 10721.24156 
776.0 73.0 0.00608000000017 10793.92 
750.0 162.0 0.00620000000017 10793.8 
732.0 139.0 0.0167772000003 10783.2228 
752.0 249.0 0.119743040001 10680.25696 
755.0 357.0 0.0894913600001 10710.50864 
782.0 455.0 0.0124800000003 10787.52 
750.0 559.0 0.119743040001 10680.25696 
743.0 562.0 0.0894913600001 10710.50864 
761.0 643.0 0.119743040001 10680.25696 
745.0 731.0 0.0871192000003 10712.8808 
750.0 852.0 0.0894913600001 10710.50864 
747.0 953.0 0.00696131999996 10793.03868 
747.0 946.0 0.00634000000017 10793.66 
830.0 37.0 0.0572979200002 10742.70208 
856.0 140.0 0.119743040001 10680.25696 
839.0 253.0 0.0871192000003 10712.8808 
842.0 358.0 0.00630000000017 10793.7 
850.0 366.0 0.0923640000003 10707.636 
858.0 442.0 0.1671672 10632.8328 
852.0 568.0 0.0250200000007 10774.98 
865.0 643.0 0.16334648 10636.65352 
839.0 768.0 0.0215941999999 10778.4058 
831.0 759.0 0.0119800000003 10788.02 
845.0 844.0 0.0894913600001 10710.50864 
834.0 951.0 0.119743040001 10680.25696 
955.0 67.0 0.0871192000003 10712.8808 
952.0 152.0 0.00606000000017 10793.94 
959.0 154.0 0.00670235999983 10793.29764 
957.0 240.0 0.119743040001 10680.25696 
941.0 363.0 0.0871192000003 10712.8808 
950.0 456.0 0.119743040001 10680.25696 
930.0 562.0 0.172614400001 10627.3856 
934.0 570.0 0.0263912000004 10773.6088 
942.0 646.0 0.102474 10697.526 
959.0 756.0 0.00658000000018 10793.42 
953.0 834.0 0.0871192000003 10712.8808 
962.0 924.0 0.119743040001 10680.25696 
947.0 963.0 0.0871192000003 10712.8808 
