500.0 500.0
62.0 40.0 0.0988998400012 10701.10016 
47.0 148.0 0.0780270400015 10721.97296 
75.0 132.0 0.211611600004 10588.3884 
64.0 4.0 0.00636000000018 10793.64 
162.0 18.0 0.0502178400004 10749.78216 
173.0 113.0 0.256158200005 10543.8418 
128.0 162.0 0.123379640001 10676.62036 
38.0 9.0 0.0381306400006 10761.86936 
68.0 90.0 0.267561280002 10532.43872 
82.0 125.0 0.203420480003 10596.57952 
197.0 113.0 0.315738920006 10484.26108 
82.0 160.0 0.389076320004 10410.92368 
147.0 65.0 0.17349024 10626.50976 
151.0 144.0 0.269304000005 10530.696 
148.0 160.0 0.753538600005 10046.4614 
144.0 237.0 0.00622000000017 10793.78 
134.0 351.0 0.17349024 10626.50976 
136.0 443.0 0.00624000000017 10793.76 
221.0 164.0 1.370222 9429.778 
167.0 552.0 0.17349024 10626.50976 
146.0 651.0 0.17349024 10626.50976 
136.0 757.0 0.00624000000017 10793.76 
128.0 841.0 0.17349024 10626.50976 
146.0 942.0 0.00640223999999 10793.59776 
149.0 944.0 0.00624000000017 10793.76 
253.0 26.0 0.17349024 10626.50976 
243.0 144.0 0.137890240003 10662.10976 
262.0 232.0 0.0942000000026 10705.8 
250.0 361.0 0.0886084000008 10711.3916 
232.0 362.0 0.111248800001 10688.7512 
269.0 429.0 0.248139840001 10551.86016 
253.0 547.0 0.0886084000008 10711.3916 
243.0 643.0 0.0886084000008 10711.3916 
248.0 748.0 0.00646000000018 10793.54 
242.0 743.0 0.00724812000013 10792.75188 
240.0 844.0 0.0886084000008 10711.3916 
264.0 929.0 0.0886084000008 10711.3916 
349.0 79.0 0.0588438400001 10741.15616 
356.0 146.0 0.00584000000016 10794.16 
328.0 152.0 0.00584000000016 10794.16 
360.0 250.0 0.0886084000008 10711.3916 
344.0 356.0 0.0886084000008 10711.3916 
335.0 455.0 0.381923400002 10418.0766 
346.0 533.0 0.0670360000016 10732.964 
352.0 545.0 0.0311000000009 10768.9 
351.0 632.0 0.0886084000008 10711.3916 
352.0 758.0 0.0886084000008 10711.3916 
334.0 852.0 0.00660000000018 10793.4 
344.0 965.0 0.0813347999997 10718.6652 
353.0 922.0 0.0760451999998 10723.9548 
437.0 62.0 0.075915 10724.085 
462.0 132.0 0.00630000000017 10793.7 
449.0 235.0 0.0813347999997 10718.6652 
450.0 370.0 0.0813347999997 10718.6652 
464.0 359.0 0.0813347999997 10718.6652 
445.0 437.0 0.0813347999997 10718.6652 
453.0 576.0 0.0813347999997 10718.6652 
431.0 663.0 0.0813347999997 10718.6652 
439.0 745.0 0.00741779999992 10792.5822 
448.0 747.0 0.00634000000017 10793.66 
421.0 876.0 0.00612000000017 10793.88 
460.0 944.0 0.0813347999997 10718.6652 
576.0 51.0 0.0813347999997 10718.6652 
546.0 149.0 0.00670000000018 10793.3 
542.0 132.0 0.0107869999999 10789.213 
546.0 256.0 0.0813347999997 10718.6652 
552.0 352.0 0.0813347999997 10718.6652 
561.0 451.0 0.0744312800001 10725.56872 
554.0 530.0 0.0550771200004 10744.92288 
536.0 557.0 0.0684198000003 10731.5802 
552.0 670.0 0.00620000000017 10793.8 
529.0 761.0 0.00656000000018 10793.44 
556.0 822.0 0.0649440000001 10735.056 
567.0 941.0 0.06912292 10730.87708 
549.0 947.0 0.06912292 10730.87708 
647.0 49.0 0.06912292 10730.87708 
661.0 151.0 0.06912292 10730.87708 
672.0 221.0 0.00626000000017 10793.74 
661.0 340.0 0.00922487999986 10790.77512 
664.0 357.0 0.00578000000016 10794.22 
646.0 467.0 0.06912292 10730.87708 
636.0 541.0 0.06912292 10730.87708 
629.0 655.0 0.0825095999997 10717.4904 
651.0 740.0 0.00588000000016 10794.12 
659.0 755.0 0.00927863999991 10790.72136 
642.0 864.0 0.00927863999991 10790.72136 
657.0 944.0 0.00927863999991 10790.72136 
756.0 61.0 0.11689984 10683.10016 
744.0 152.0 0.00578000000016 10794.22 
756.0 160.0 0.00818447999986 10791.81552 
749.0 243.0 0.00927863999991 10790.72136 
772.0 366.0 0.11689984 10683.10016 
759.0 446.0 0.0813347999997 10718.6652 
759.0 559.0 0.00684108000029 10793.15892 
752.0 551.0 0.00558000000016 10794.42 
739.0 653.0 0.0813347999997 10718.6652 
739.0 763.0 0.11689984 10683.10016 
760.0 859.0 0.0813347999997 10718.6652 
757.0 942.0 0.00634000000017 10793.66 
762.0 964.0 0.0127941200003 10787.20588 
836.0 48.0 0.00628000000017 10793.72 
848.0 147.0 0.06293352 10737.06648 
849.0 216.0 0.00598000000017 10794.02 
851.0 343.0 0.0171062400001 10782.89376 
823.0 353.0 0.00618000000017 10793.82 
841.0 447.0 0.11689984 10683.10016 
865.0 567.0 0.0122200000003 10787.78 
829.0 644.0 0.11689984 10683.10016 
846.0 753.0 0.00773364000019 10792.26636 
834.0 748.0 0.00578000000016 10794.22 
851.0 852.0 0.11689984 10683.10016 
847.0 966.0 0.11689984 10683.10016 
914.0 40.0 0.08349888 10716.50112 
960.0 152.0 0.00731951999992 10792.68048 
953.0 145.0 0.00612000000017 10793.88 
971.0 271.0 0.11689984 10683.10016 
949.0 326.0 0.11689984 10683.10016 
950.0 457.0 0.11689984 10683.10016 
948.0 550.0 0.0291078400005 10770.89216 
921.0 537.0 0.11689984 10683.10016 
963.0 657.0 0.11689984 10683.10016 
929.0 759.0 0.00596000000017 10794.04 
936.0 823.0 0.0553683999998 10744.6316 
949.0 957.0 0.0138447599999 10786.15524 
960.0 937.0 0.00678000000018 10793.22 
