500.0 500.0
48.0 46.0 0.0963236000007 10703.6764 
49.0 144.0 0.0749832000006 10725.0168 
49.0 277.0 0.0172400000005 10782.76 
47.0 272.0 0.0175810400004 10782.41896 
106.0 42.0 0.0541118000008 10745.8882 
20.0 167.0 0.0686513600003 10731.34864 
114.0 157.0 0.0187400000005 10781.26 
76.0 33.0 0.095815680001 10704.18432 
49.0 118.0 0.166831280001 10633.16872 
10.0 233.0 0.10156304 10698.43696 
214.0 79.0 0.0185200000005 10781.48 
157.0 278.0 0.00636000000018 10793.64 
139.0 58.0 0.255784640001 10544.21536 
150.0 146.0 0.10156304 10698.43696 
136.0 156.0 0.10156304 10698.43696 
150.0 276.0 0.00703415999983 10792.96584 
119.0 370.0 0.0963236000007 10703.6764 
163.0 442.0 0.10156304 10698.43696 
128.0 523.0 0.0108601199998 10789.13988 
140.0 540.0 0.00582000000016 10794.18 
148.0 637.0 0.0963236000007 10703.6764 
154.0 755.0 0.0642959200002 10735.70408 
157.0 871.0 0.0642959200002 10735.70408 
150.0 969.0 0.00636000000018 10793.64 
163.0 980.0 0.0865468800002 10713.45312 
252.0 62.0 0.0963236000007 10703.6764 
270.0 141.0 0.0547926000003 10745.2074 
246.0 244.0 0.0963236000007 10703.6764 
257.0 356.0 0.0102625600002 10789.73744 
254.0 374.0 0.00616000000017 10793.84 
247.0 455.0 0.0963236000007 10703.6764 
241.0 551.0 0.0642959200002 10735.70408 
243.0 643.0 0.00622000000017 10793.78 
248.0 722.0 0.0841690400002 10715.83096 
239.0 730.0 0.0963236000007 10703.6764 
253.0 850.0 0.0642959200002 10735.70408 
223.0 928.0 0.00636000000018 10793.64 
375.0 50.0 0.0963236000007 10703.6764 
328.0 156.0 0.00670000000018 10793.3 
358.0 153.0 0.0963236000007 10703.6764 
344.0 255.0 0.0590399999999 10740.96 
352.0 321.0 0.00600000000017 10794.0 
336.0 447.0 0.0963236000007 10703.6764 
338.0 548.0 0.0322190400003 10767.78096 
378.0 572.0 0.00602000000017 10793.98 
332.0 639.0 0.0590399999999 10740.96 
336.0 726.0 0.0963236000007 10703.6764 
340.0 872.0 0.0124000000003 10787.6 
351.0 957.0 0.0963236000007 10703.6764 
374.0 928.0 0.1252216 10674.7784 
466.0 30.0 0.0642959200002 10735.70408 
464.0 140.0 0.0963236000007 10703.6764 
445.0 273.0 0.084409 10715.591 
436.0 339.0 0.0115388000003 10788.4612 
453.0 350.0 0.0128400000004 10787.16 
444.0 452.0 0.0753192000001 10724.6808 
454.0 540.0 0.0514351999999 10748.5648 
437.0 644.0 0.0963236000007 10703.6764 
448.0 754.0 0.01072328 10789.27672 
447.0 735.0 0.00622000000017 10793.78 
472.0 837.0 0.00626000000017 10793.74 
438.0 958.0 0.0825289600004 10717.47104 
547.0 46.0 0.0642959200002 10735.70408 
548.0 154.0 0.0963236000007 10703.6764 
556.0 143.0 0.0590399999999 10740.96 
521.0 256.0 0.0642959200002 10735.70408 
547.0 347.0 0.0642959200002 10735.70408 
529.0 444.0 0.0533658399999 10746.63416 
557.0 544.0 0.0707216000001 10729.2784 
558.0 549.0 0.0826142 10717.3858 
533.0 644.0 0.0963236000007 10703.6764 
560.0 760.0 0.0642959200002 10735.70408 
529.0 856.0 0.0514571999998 10748.5428 
549.0 951.0 0.0963236000007 10703.6764 
575.0 931.0 0.00602000000017 10793.98 
650.0 60.0 0.0963236000007 10703.6764 
655.0 160.0 0.0124200000003 10787.58 
668.0 268.0 0.0642959200002 10735.70408 
632.0 342.0 0.00668000000018 10793.32 
641.0 344.0 0.00781559999992 10792.1844 
634.0 442.0 0.0963236000007 10703.6764 
661.0 545.0 0.0193600000005 10780.64 
632.0 641.0 0.0642959200002 10735.70408 
645.0 758.0 0.00580000000016 10794.2 
645.0 765.0 0.00636839999996 10793.6316 
645.0 856.0 0.0963236000007 10703.6764 
645.0 947.0 0.0680982399999 10731.90176 
753.0 41.0 0.0642959200002 10735.70408 
747.0 143.0 0.0263858400005 10773.61416 
722.0 139.0 0.1410012 10658.9988 
748.0 255.0 0.0963236000007 10703.6764 
755.0 351.0 0.0762447600001 10723.75524 
757.0 426.0 0.00622000000017 10793.78 
760.0 535.0 0.0542964000009 10745.7036 
739.0 547.0 0.268007360001 10531.99264 
734.0 657.0 0.0642959200002 10735.70408 
736.0 762.0 0.0963236000007 10703.6764 
777.0 845.0 0.0642959200002 10735.70408 
740.0 930.0 0.00622000000017 10793.78 
743.0 969.0 0.0252532000002 10774.7468 
856.0 75.0 0.00586000000016 10794.14 
853.0 147.0 0.0963236000007 10703.6764 
855.0 250.0 0.0705955200005 10729.40448 
864.0 338.0 0.00606000000017 10793.94 
869.0 333.0 0.00666600000033 10793.334 
858.0 441.0 0.0963236000007 10703.6764 
820.0 523.0 0.0714872000007 10728.5128 
848.0 676.0 0.0181000000005 10781.9 
868.0 746.0 0.150684 10649.316 
854.0 741.0 0.0705955200005 10729.40448 
839.0 843.0 0.0705955200005 10729.40448 
844.0 952.0 0.0705955200005 10729.40448 
925.0 60.0 0.0642959200002 10735.70408 
936.0 122.0 0.0120000000003 10788.0 
955.0 137.0 0.0133360799999 10786.66392 
947.0 230.0 0.0642959200002 10735.70408 
955.0 343.0 0.0705955200005 10729.40448 
944.0 438.0 0.0705955200005 10729.40448 
934.0 550.0 0.00622000000017 10793.78 
949.0 541.0 0.0100266400001 10789.97336 
962.0 681.0 0.0705955200005 10729.40448 
938.0 733.0 0.0789907600005 10721.00924 
954.0 854.0 0.0642959200002 10735.70408 
930.0 950.0 0.0705955200005 10729.40448 
952.0 946.0 0.0642959200002 10735.70408 
