500.0 500.0
51.0 27.0 0.0912811200001 10708.71888 
30.0 138.0 0.0912811200001 10708.71888 
65.0 253.0 0.0912811200001 10708.71888 
31.0 356.0 0.0109783200001 10789.02168 
46.0 342.0 0.00596000000017 10794.04 
50.0 449.0 0.16321824 10636.78176 
37.0 564.0 0.0912811200001 10708.71888 
53.0 647.0 0.00628000000017 10793.72 
52.0 766.0 0.05119776 10748.80224 
87.0 757.0 0.0124800000003 10787.52 
49.0 843.0 0.0912811200001 10708.71888 
57.0 956.0 0.0795020000003 10720.498 
144.0 58.0 0.0912811200001 10708.71888 
139.0 147.0 0.00602000000017 10793.98 
130.0 147.0 0.00699524000004 10793.00476 
150.0 245.0 0.00628000000017 10793.72 
148.0 336.0 0.0912811200001 10708.71888 
144.0 440.0 0.16321824 10636.78176 
162.0 525.0 0.00684000000019 10793.16 
130.0 561.0 0.0385776000003 10761.4224 
150.0 640.0 0.0912811200001 10708.71888 
137.0 737.0 0.16321824 10636.78176 
158.0 865.0 0.00584000000016 10794.16 
159.0 933.0 0.05986 10740.14 
132.0 941.0 0.00626000000017 10793.74 
263.0 55.0 0.0912811200001 10708.71888 
272.0 151.0 0.0829767200005 10717.02328 
251.0 252.0 0.0912811200001 10708.71888 
232.0 332.0 0.0134178000003 10786.5822 
249.0 348.0 0.00642000000018 10793.58 
247.0 452.0 0.16321824 10636.78176 
249.0 546.0 0.0912811200001 10708.71888 
257.0 655.0 0.00628000000017 10793.72 
252.0 746.0 0.00628000000017 10793.72 
266.0 760.0 0.0817655999998 10718.2344 
241.0 856.0 0.0912811200001 10708.71888 
238.0 948.0 0.00628000000017 10793.72 
346.0 61.0 0.0861923999998 10713.8076 
341.0 130.0 0.0251799999999 10774.82 
355.0 138.0 0.0191200000005 10780.88 
346.0 259.0 0.0912811200001 10708.71888 
369.0 341.0 0.0912811200001 10708.71888 
383.0 449.0 0.0297860400001 10770.21396 
364.0 555.0 0.00636000000018 10793.64 
342.0 570.0 0.0153784800002 10784.62152 
351.0 659.0 0.0912811200001 10708.71888 
343.0 751.0 0.00628000000017 10793.72 
335.0 841.0 0.0912811200001 10708.71888 
362.0 967.0 0.0719630799997 10728.03692 
333.0 954.0 0.00602000000017 10793.98 
476.0 56.0 0.0912811200001 10708.71888 
457.0 165.0 0.00628000000017 10793.72 
442.0 234.0 0.0912811200001 10708.71888 
477.0 351.0 0.00628000000017 10793.72 
452.0 357.0 0.0912811200001 10708.71888 
428.0 461.0 0.00558000000016 10794.42 
434.0 550.0 0.00628000000017 10793.72 
458.0 645.0 0.0912811200001 10708.71888 
476.0 749.0 0.00698000000019 10793.02 
428.0 742.0 0.03982788 10760.17212 
449.0 837.0 0.0912811200001 10708.71888 
436.0 968.0 0.00602000000017 10793.98 
567.0 46.0 0.00628000000017 10793.72 
535.0 159.0 0.0912811200001 10708.71888 
581.0 157.0 0.0912811200001 10708.71888 
544.0 256.0 0.0663987199998 10733.60128 
566.0 324.0 0.00592000000017 10794.08 
540.0 454.0 0.0505919999999 10749.408 
545.0 561.0 0.0857189600003 10714.28104 
551.0 548.0 0.0714562000003 10728.5438 
544.0 662.0 0.0912811200001 10708.71888 
562.0 750.0 0.00582000000016 10794.18 
542.0 829.0 0.00628000000017 10793.72 
534.0 963.0 0.00858703999987 10791.41296 
535.0 949.0 0.00616000000017 10793.84 
652.0 72.0 0.0912811200001 10708.71888 
664.0 158.0 0.00628000000017 10793.72 
651.0 251.0 0.0912811200001 10708.71888 
653.0 361.0 0.0126800000003 10787.32 
676.0 349.0 0.0362672800007 10763.73272 
642.0 448.0 0.0912811200001 10708.71888 
664.0 550.0 0.00628000000017 10793.72 
641.0 656.0 0.00632000000017 10793.68 
626.0 750.0 0.05349744 10746.50256 
660.0 728.0 0.0764088 10723.5912 
652.0 843.0 0.0912811200001 10708.71888 
667.0 944.0 0.00628000000017 10793.72 
728.0 31.0 0.0912811200001 10708.71888 
764.0 148.0 0.01262028 10787.37972 
765.0 154.0 0.0121600000003 10787.84 
755.0 277.0 0.0912811200001 10708.71888 
754.0 360.0 0.1001132 10699.8868 
753.0 440.0 0.00628000000017 10793.72 
765.0 551.0 0.0279986400001 10772.00136 
726.0 542.0 0.00666000000018 10793.34 
751.0 634.0 0.0912811200001 10708.71888 
742.0 742.0 0.00628000000017 10793.72 
744.0 870.0 0.0124800000003 10787.52 
757.0 945.0 0.16321824 10636.78176 
749.0 952.0 0.0199831200007 10780.01688 
838.0 35.0 0.0912811200001 10708.71888 
842.0 154.0 0.08259652 10717.40348 
845.0 264.0 0.0912811200001 10708.71888 
858.0 344.0 0.00604000000017 10793.96 
863.0 344.0 0.00634200000016 10793.658 
864.0 439.0 0.0912811200001 10708.71888 
850.0 539.0 0.00628000000017 10793.72 
843.0 688.0 0.0119000000003 10788.1 
853.0 765.0 0.1612102 10638.7898 
835.0 744.0 0.0119000000003 10788.1 
845.0 835.0 0.0755009600001 10724.49904 
851.0 946.0 0.0912811200001 10708.71888 
939.0 64.0 0.16321824 10636.78176 
945.0 150.0 0.00628000000017 10793.72 
958.0 149.0 0.0912811200001 10708.71888 
960.0 240.0 0.16321824 10636.78176 
933.0 339.0 0.0912811200001 10708.71888 
946.0 462.0 0.16321824 10636.78176 
943.0 546.0 0.00610000000017 10793.9 
972.0 550.0 0.0165554000001 10783.4446 
964.0 647.0 0.0912811200001 10708.71888 
955.0 730.0 0.16321824 10636.78176 
940.0 852.0 0.0912811200001 10708.71888 
947.0 952.0 0.00640500000016 10793.595 
942.0 952.0 0.00610000000017 10793.9 
