500.0 500.0
49.0 29.0 0.17549452 10624.50548 
39.0 152.0 0.0900139200002 10709.98608 
46.0 269.0 0.17549452 10624.50548 
57.0 366.0 0.0900139200002 10709.98608 
71.0 365.0 0.0900139200002 10709.98608 
30.0 444.0 0.0900139200002 10709.98608 
33.0 550.0 0.00634000000017 10793.66 
46.0 662.0 0.17549452 10624.50548 
35.0 752.0 0.0900139200002 10709.98608 
9.0 526.0 0.0209473600001 10779.05264 
42.0 855.0 0.17549452 10624.50548 
58.0 948.0 0.0900139200002 10709.98608 
156.0 57.0 0.0209473600001 10779.05264 
143.0 174.0 0.17549452 10624.50548 
144.0 163.0 0.0900139200002 10709.98608 
149.0 257.0 0.0 10800.0 
145.0 326.0 0.17549452 10624.50548 
148.0 449.0 0.0900139200002 10709.98608 
145.0 541.0 0.0102416000002 10789.7584 
159.0 554.0 0.00592000000017 10794.08 
159.0 639.0 0.17549452 10624.50548 
135.0 731.0 0.0900139200002 10709.98608 
150.0 858.0 0.17549452 10624.50548 
144.0 963.0 0.00854124000016 10791.45876 
156.0 960.0 0.00654000000018 10793.46 
259.0 55.0 0.0774919199997 10722.50808 
244.0 131.0 0.00596000000017 10794.04 
247.0 263.0 0.0919698400004 10708.03016 
255.0 348.0 0.0124200000003 10787.58 
240.0 340.0 0.02573876 10774.26124 
261.0 469.0 0.0787616 10721.2384 
266.0 542.0 0.0900139200002 10709.98608 
250.0 645.0 0.0900139200002 10709.98608 
258.0 725.0 0.00588000000016 10794.12 
254.0 744.0 0.0103135199999 10789.68648 
264.0 841.0 0.17549452 10624.50548 
236.0 959.0 0.0103135199999 10789.68648 
336.0 38.0 0.17549452 10624.50548 
358.0 142.0 0.0839466 10716.0534 
337.0 147.0 0.0103135199999 10789.68648 
335.0 230.0 0.0839466 10716.0534 
361.0 334.0 0.0839466 10716.0534 
333.0 455.0 0.00616000000017 10793.84 
330.0 560.0 0.0133849600002 10786.61504 
339.0 560.0 0.0124000000003 10787.6 
357.0 656.0 0.0839466 10716.0534 
329.0 790.0 0.0176200000005 10782.38 
362.0 856.0 0.221481800001 10578.5182 
348.0 951.0 0.0236492800006 10776.35072 
343.0 930.0 0.17549452 10624.50548 
458.0 45.0 0.0839466 10716.0534 
453.0 137.0 0.221481800001 10578.5182 
437.0 230.0 0.221481800001 10578.5182 
435.0 361.0 0.0127200000004 10787.28 
449.0 333.0 0.0191215999999 10780.8784 
459.0 454.0 0.0505327199999 10749.46728 
450.0 535.0 0.0507 10749.3 
450.0 631.0 0.0839466 10716.0534 
452.0 741.0 0.00622000000017 10793.78 
458.0 754.0 0.0805116799998 10719.48832 
450.0 840.0 0.0839466 10716.0534 
463.0 948.0 0.221481800001 10578.5182 
541.0 62.0 0.221481800001 10578.5182 
546.0 155.0 0.00602000000017 10793.98 
560.0 156.0 0.00839187999987 10791.60812 
541.0 272.0 0.0739954799999 10726.00452 
550.0 348.0 0.00582000000016 10794.18 
542.0 483.0 0.03549268 10764.50732 
538.0 564.0 0.0854664000001 10714.5336 
546.0 556.0 0.0811539200002 10718.84608 
552.0 656.0 0.0839466 10716.0534 
534.0 740.0 0.00622000000017 10793.78 
558.0 848.0 0.0839466 10716.0534 
568.0 945.0 0.0122800000003 10787.72 
554.0 969.0 0.0163833600002 10783.61664 
633.0 37.0 0.0839466 10716.0534 
668.0 151.0 0.0103135199999 10789.68648 
673.0 244.0 0.0839466 10716.0534 
655.0 364.0 0.0480283200001 10751.97168 
649.0 353.0 0.0668062799999 10733.19372 
660.0 417.0 0.0126600000003 10787.34 
648.0 556.0 0.0103135199999 10789.68648 
653.0 645.0 0.0839466 10716.0534 
643.0 756.0 0.00610000000017 10793.9 
651.0 760.0 0.00707599999985 10792.924 
658.0 854.0 0.0839466 10716.0534 
639.0 948.0 0.0648239999999 10735.176 
757.0 52.0 0.0103135199999 10789.68648 
760.0 144.0 0.00656351999995 10793.43648 
750.0 138.0 0.00516000000015 10794.84 
749.0 237.0 0.0103135199999 10789.68648 
758.0 348.0 0.0839466 10716.0534 
751.0 462.0 0.0581112 10741.8888 
747.0 526.0 0.0180000000005 10782.0 
756.0 579.0 0.0850259999998 10714.974 
759.0 643.0 0.0641970000003 10735.803 
741.0 748.0 0.0850259999998 10714.974 
764.0 858.0 0.00644000000018 10793.56 
750.0 943.0 0.00671232000018 10793.28768 
756.0 939.0 0.0125000000003 10787.5 
859.0 24.0 0.0839466 10716.0534 
843.0 145.0 0.0839466 10716.0534 
858.0 256.0 0.0850259999998 10714.974 
859.0 348.0 0.012025 10787.975 
839.0 353.0 0.00650000000018 10793.5 
862.0 462.0 0.0839466 10716.0534 
864.0 561.0 0.0850259999998 10714.974 
843.0 654.0 0.0839466 10716.0534 
863.0 739.0 0.00620000000017 10793.8 
853.0 756.0 0.0110236 10788.9764 
837.0 860.0 0.0751290399999 10724.87096 
830.0 957.0 0.0808920000001 10719.108 
969.0 54.0 0.0839466 10716.0534 
954.0 152.0 0.0850259999998 10714.974 
949.0 161.0 0.0839466 10716.0534 
962.0 255.0 0.0839466 10716.0534 
952.0 362.0 0.0775613999998 10722.4386 
940.0 439.0 0.00590000000017 10794.1 
941.0 550.0 0.00612000000017 10793.88 
951.0 578.0 0.0169401600001 10783.05984 
931.0 635.0 0.00612000000017 10793.88 
944.0 745.0 0.0850259999998 10714.974 
950.0 845.0 0.00650000000018 10793.5 
935.0 939.0 0.0850259999998 10714.974 
959.0 920.0 0.0806780000003 10719.322 
