500.0 500.0
49.0 47.0 0.0619400000013 10738.06 
67.0 141.0 0.0619400000013 10738.06 
54.0 140.0 0.0681700000008 10731.83 
39.0 269.0 0.0543030800013 10745.69692 
179.0 86.0 0.168392960001 10631.60704 
169.0 152.0 0.118184240001 10681.81576 
62.0 251.0 0.510205120002 10289.79488 
67.0 181.0 0.324452000002 10475.548 
269.0 108.0 0.0336560000008 10766.344 
180.0 76.0 0.122891040001 10677.10896 
116.0 297.0 0.343178000005 10456.822 
127.0 234.0 0.118983160003 10681.01684 
62.0 231.0 0.115121120002 10684.87888 
143.0 338.0 0.291590800004 10508.4092 
346.0 176.0 0.0120000000003 10788.0 
171.0 53.0 0.0394355600003 10760.56444 
165.0 142.0 0.0925922400019 10707.40776 
152.0 170.0 0.388866080001 10411.13392 
158.0 234.0 0.0500000000014 10750.0 
170.0 363.0 0.658076000003 10141.924 
163.0 362.0 0.185552000003 10614.448 
144.0 448.0 0.0619400000013 10738.06 
154.0 553.0 0.0122800000003 10787.72 
141.0 536.0 0.0113427199999 10788.65728 
162.0 625.0 0.0731145599999 10726.88544 
170.0 741.0 0.182093760001 10617.90624 
130.0 740.0 0.0376596800003 10762.34032 
124.0 880.0 0.0619400000013 10738.06 
133.0 973.0 0.0619400000013 10738.06 
26.0 135.0 0.090159040001 10709.84096 
273.0 65.0 0.0726380000006 10727.362 
256.0 177.0 0.260582800001 10539.4172 
266.0 126.0 0.150419920001 10649.58008 
245.0 244.0 0.0237400000007 10776.26 
240.0 363.0 0.0684200000019 10731.58 
244.0 338.0 0.0148330000002 10785.167 
270.0 455.0 0.0619400000013 10738.06 
272.0 552.0 0.165432800001 10634.5672 
227.0 521.0 0.0552080800006 10744.79192 
231.0 670.0 0.0619400000013 10738.06 
238.0 766.0 0.0689548000008 10731.0452 
254.0 751.0 0.0254000000007 10774.6 
255.0 834.0 0.0903560000006 10709.644 
219.0 926.0 0.00636000000018 10793.64 
268.0 965.0 0.0562478400003 10743.75216 
368.0 56.0 0.0625109999997 10737.489 
365.0 153.0 0.0334467600006 10766.55324 
338.0 175.0 0.0198200000002 10780.18 
348.0 290.0 0.03945564 10760.54436 
345.0 342.0 0.00614000000017 10793.86 
338.0 376.0 0.0498160000001 10750.184 
352.0 432.0 0.00650000000018 10793.5 
347.0 546.0 0.0189000000005 10781.1 
338.0 531.0 0.0228780000005 10777.122 
328.0 641.0 0.0619400000013 10738.06 
343.0 755.0 0.00578000000016 10794.22 
338.0 752.0 0.00617304000009 10793.82696 
343.0 841.0 0.0619400000013 10738.06 
355.0 943.0 0.00719832000013 10792.80168 
352.0 938.0 0.00674000000018 10793.26 
435.0 50.0 0.00622000000017 10793.78 
431.0 136.0 0.0248351999998 10775.1648 
462.0 159.0 0.00624000000017 10793.76 
434.0 247.0 0.0619400000013 10738.06 
446.0 343.0 0.0134253599998 10786.57464 
463.0 358.0 0.00662000000018 10793.38 
448.0 436.0 0.0619400000013 10738.06 
431.0 545.0 0.0277860000006 10772.214 
457.0 552.0 0.1315944 10668.4056 
453.0 635.0 0.0619400000013 10738.06 
424.0 747.0 0.00612000000017 10793.88 
426.0 750.0 0.00627911999999 10793.72088 
454.0 851.0 0.0619400000013 10738.06 
478.0 959.0 0.03668448 10763.31552 
440.0 927.0 0.00618000000017 10793.82 
542.0 39.0 0.0619400000013 10738.06 
566.0 140.0 0.02031288 10779.68712 
555.0 171.0 0.00642000000018 10793.58 
529.0 260.0 0.0619400000013 10738.06 
561.0 374.0 0.0124800000003 10787.52 
544.0 339.0 0.0248124800002 10775.18752 
533.0 454.0 0.0468311999999 10753.1688 
575.0 557.0 0.0901194000012 10709.8806 
547.0 556.0 0.385941000001 10414.059 
552.0 618.0 0.0859494000009 10714.0506 
544.0 743.0 0.00632000000017 10793.68 
541.0 748.0 0.00674976000011 10793.25024 
543.0 844.0 0.0619400000013 10738.06 
554.0 940.0 0.00618000000017 10793.82 
527.0 944.0 0.00618000000017 10793.82 
685.0 60.0 0.0619400000013 10738.06 
676.0 140.0 0.00630000000017 10793.7 
665.0 188.0 0.0619400000013 10738.06 
643.0 242.0 0.00574000000016 10794.26 
631.0 375.0 0.0682686399998 10731.73136 
648.0 345.0 0.0619400000013 10738.06 
646.0 440.0 0.00632000000017 10793.68 
649.0 547.0 0.0198471200005 10780.15288 
636.0 552.0 0.125044960001 10674.95504 
656.0 647.0 0.0619400000013 10738.06 
652.0 742.0 0.00574000000016 10794.26 
648.0 746.0 0.00610736000024 10793.89264 
653.0 853.0 0.0619400000013 10738.06 
642.0 953.0 0.00688007999981 10793.11992 
637.0 952.0 0.00654000000018 10793.46 
779.0 41.0 0.00628000000017 10793.72 
759.0 152.0 0.0191400000005 10780.86 
740.0 136.0 0.0581112 10741.8888 
745.0 263.0 0.0771772000006 10722.8228 
748.0 332.0 0.0277797599998 10772.22024 
754.0 351.0 0.0120400000003 10787.96 
750.0 433.0 0.0619400000013 10738.06 
761.0 545.0 0.00964751999982 10790.35248 
747.0 555.0 0.00606000000017 10793.94 
767.0 645.0 0.0619400000013 10738.06 
757.0 750.0 0.0125800000003 10787.42 
756.0 762.0 0.0144012 10785.5988 
766.0 845.0 0.0619400000013 10738.06 
778.0 972.0 0.0228779999999 10777.122 
771.0 936.0 0.00620000000017 10793.8 
847.0 42.0 0.06437 10735.63 
853.0 159.0 0.0261159200002 10773.88408 
834.0 145.0 0.164828320001 10635.17168 
858.0 263.0 0.0765059999998 10723.494 
863.0 338.0 0.00622000000017 10793.78 
847.0 369.0 0.0807414800002 10719.25852 
865.0 444.0 0.00626000000017 10793.74 
852.0 559.0 0.0186200000005 10781.38 
854.0 559.0 0.0311489600005 10768.85104 
858.0 668.0 0.00630000000017 10793.7 
846.0 734.0 0.0619400000013 10738.06 
824.0 739.0 0.0706660000004 10729.334 
868.0 855.0 0.0619400000013 10738.06 
852.0 947.0 0.0123400000003 10787.66 
846.0 968.0 0.0121538800002 10787.84612 
928.0 43.0 0.0619400000013 10738.06 
941.0 144.0 0.00737099999992 10792.629 
935.0 137.0 0.00630000000017 10793.7 
960.0 260.0 0.0619400000013 10738.06 
961.0 372.0 0.00963959999979 10790.3604 
942.0 369.0 0.00554000000016 10794.46 
943.0 481.0 0.00632000000017 10793.68 
961.0 539.0 0.0347275200003 10765.27248 
933.0 561.0 0.191946200001 10608.0538 
957.0 686.0 0.0117800000003 10788.22 
956.0 731.0 0.0287964 10771.2036 
933.0 760.0 0.0796723200001 10720.32768 
945.0 842.0 0.00642000000018 10793.58 
929.0 945.0 0.0851599200004 10714.84008 
967.0 916.0 0.0890664000004 10710.9336 
