500.0 500.0
59.0 64.0 0.0575280400006 10742.47196 
49.0 161.0 0.109004360001 10690.99564 
135.0 109.0 0.0575280400006 10742.47196 
57.0 260.0 0.0707484000002 10729.2516 
67.0 368.0 0.0401136000004 10759.8864 
100.0 397.0 0.164061760001 10635.93824 
53.0 468.0 0.0119400000003 10788.06 
15.0 529.0 0.0753662000002 10724.6338 
52.0 532.0 0.0594652000004 10740.5348 
29.0 637.0 0.109004360001 10690.99564 
54.0 741.0 0.00676000000018 10793.24 
26.0 745.0 0.0175759999999 10782.424 
54.0 859.0 0.109004360001 10690.99564 
36.0 968.0 0.0587688000004 10741.2312 
65.0 856.0 0.109004360001 10690.99564 
164.0 74.0 0.0659199200006 10734.08008 
137.0 126.0 0.0565399999999 10743.46 
145.0 162.0 0.0177800000005 10782.22 
132.0 269.0 0.00570000000016 10794.3 
164.0 347.0 0.0876980000002 10712.302 
156.0 366.0 0.0189000000005 10781.1 
145.0 454.0 0.27331272 10526.68728 
172.0 530.0 0.447347720001 10352.65228 
150.0 531.0 0.0971062000012 10702.8938 
140.0 658.0 0.109004360001 10690.99564 
163.0 750.0 0.0245236800002 10775.47632 
181.0 758.0 0.134419400001 10665.5806 
141.0 835.0 0.0587688000004 10741.2312 
158.0 951.0 0.109004360001 10690.99564 
140.0 957.0 0.0587688000004 10741.2312 
279.0 63.0 0.0587688000004 10741.2312 
246.0 154.0 0.00630000000017 10793.7 
240.0 121.0 0.0204750000001 10779.525 
216.0 247.0 0.109004360001 10690.99564 
235.0 344.0 0.0676423200005 10732.35768 
252.0 374.0 0.180831920001 10619.16808 
252.0 437.0 0.0188400000005 10781.16 
243.0 555.0 0.036838000001 10763.162 
246.0 559.0 0.0425000000012 10757.5 
249.0 635.0 0.0749171999997 10725.0828 
266.0 775.0 0.00638000000018 10793.62 
244.0 782.0 0.0190400000005 10780.96 
253.0 838.0 0.0591808800002 10740.81912 
247.0 940.0 0.00632000000017 10793.68 
257.0 961.0 0.0131582399998 10786.84176 
355.0 45.0 0.109004360001 10690.99564 
354.0 132.0 0.163134240001 10636.86576 
330.0 141.0 0.0278912400006 10772.10876 
342.0 238.0 0.109004360001 10690.99564 
340.0 363.0 0.06603116 10733.96884 
353.0 333.0 0.0587688000004 10741.2312 
351.0 433.0 0.00598000000017 10794.02 
350.0 550.0 0.00634000000017 10793.66 
344.0 529.0 0.0123883600002 10787.61164 
358.0 652.0 0.0129200000004 10787.08 
341.0 747.0 0.0304007600006 10769.59924 
359.0 724.0 0.1533604 10646.6396 
319.0 852.0 0.00638000000018 10793.62 
340.0 943.0 0.109004360001 10690.99564 
345.0 939.0 0.0883427200004 10711.65728 
444.0 27.0 0.0883427200004 10711.65728 
443.0 129.0 0.0112362000001 10788.7638 
429.0 144.0 0.0185800000005 10781.42 
427.0 268.0 0.0883427200004 10711.65728 
440.0 349.0 0.00830799999985 10791.692 
451.0 356.0 0.00620000000017 10793.8 
456.0 441.0 0.07905112 10720.94888 
439.0 550.0 0.0883427200004 10711.65728 
446.0 547.0 0.0684850000002 10731.515 
432.0 635.0 0.0883427200004 10711.65728 
456.0 760.0 0.0146440800004 10785.35592 
451.0 751.0 0.0133000000004 10786.7 
460.0 815.0 0.07144384 10728.55616 
464.0 957.0 0.0118000000003 10788.2 
488.0 965.0 0.0194288 10780.5712 
549.0 31.0 0.0703187999997 10729.6812 
559.0 134.0 0.0194495599999 10780.55044 
576.0 152.0 0.0180800000005 10781.92 
543.0 263.0 0.0883427200004 10711.65728 
555.0 357.0 0.15278 10647.22 
542.0 349.0 0.0206494000002 10779.3506 
543.0 431.0 0.0120000000003 10788.0 
555.0 531.0 0.0826996800006 10717.30032 
568.0 536.0 0.3450128 10454.9872 
543.0 640.0 0.0883427200004 10711.65728 
570.0 750.0 0.0350205600008 10764.97944 
545.0 751.0 0.0127800000004 10787.22 
550.0 847.0 0.0883427200004 10711.65728 
541.0 938.0 0.0883427200004 10711.65728 
524.0 978.0 0.0589988800003 10741.00112 
618.0 53.0 0.00612000000017 10793.88 
630.0 155.0 0.0529460000005 10747.054 
654.0 158.0 0.0861944000005 10713.8056 
648.0 245.0 0.1775188 10622.4812 
648.0 341.0 0.0883427200004 10711.65728 
660.0 324.0 0.0124400000003 10787.56 
643.0 443.0 0.0587688000004 10741.2312 
625.0 573.0 0.227369600001 10572.6304 
653.0 546.0 0.0427560000003 10757.244 
653.0 630.0 0.0735399600003 10726.46004 
659.0 753.0 0.0587688000004 10741.2312 
626.0 757.0 0.0587688000004 10741.2312 
652.0 841.0 0.0587688000004 10741.2312 
646.0 921.0 0.00684000000019 10793.16 
631.0 933.0 0.0118879200001 10788.11208 
751.0 21.0 0.0587688000004 10741.2312 
749.0 160.0 0.00588000000016 10794.12 
742.0 146.0 0.0087612 10791.2388 
714.0 239.0 0.0732964800005 10726.70352 
740.0 327.0 0.0246200000007 10775.38 
744.0 349.0 0.158839 10641.161 
751.0 425.0 0.0120600000003 10787.94 
741.0 570.0 0.0211523199999 10778.84768 
740.0 561.0 0.0128800000004 10787.12 
743.0 648.0 0.0940441600006 10705.95584 
759.0 737.0 0.0188000000005 10781.2 
759.0 755.0 0.0106131200002 10789.38688 
751.0 858.0 0.0587688000004 10741.2312
745.0 935.0 0.00584000000016 10794.16 
747.0 965.0 0.0163987200001 10783.60128 
846.0 51.0 0.0587688000004 10741.2312 
845.0 128.0 0.00991439999993 10790.0856 
833.0 139.0 0.00648000000018 10793.52 
868.0 264.0 0.0587688000004 10741.2312 
834.0 337.0 0.00862224000014 10791.37776 
825.0 359.0 0.0587688000004 10741.2312 
855.0 460.0 0.0587688000004 10741.2312 
862.0 545.0 0.078677600001 10721.3224 
829.0 554.0 0.0196400000005 10780.36 
853.0 663.0 0.0587688000004 10741.2312 
845.0 763.0 0.0218064000007 10778.1936 
837.0 747.0 0.17098848 10629.01152 
866.0 866.0 0.0127800000004 10787.22 
827.0 935.0 0.180007920001 10619.99208 
855.0 968.0 0.0443883600001 10755.61164 
943.0 34.0 0.0587688000004 10741.2312 
950.0 155.0 0.16477 10635.23 
948.0 149.0 0.0187640000003 10781.236 
964.0 232.0 0.0119600000003 10788.04 
933.0 332.0 0.0116849200002 10788.31508 
939.0 353.0 0.00598000000017 10794.02 
935.0 446.0 0.109004360001 10690.99564 
929.0 555.0 0.0953139600008 10704.68604 
940.0 542.0 0.109004360001 10690.99564 
942.0 637.0 0.109004360001 10690.99564 
969.0 751.0 0.0153507199998 10784.64928 
944.0 740.0 0.00616000000017 10793.84 
955.0 847.0 0.109004360001 10690.99564 
972.0 945.0 0.00552000000016 10794.48 
988.0 950.0 0.00862224000014 10791.37776 
