500.0 500.0
54.0 31.0 0.20494956 10595.05044 
53.0 137.0 0.20494956 10595.05044 
47.0 125.0 0.0219368000005 10778.0632 
77.0 238.0 0.0219368000005 10778.0632 
34.0 376.0 0.0652335199999 10734.76648 
54.0 354.0 0.00586000000016 10794.14 
39.0 447.0 0.00586000000016 10794.14 
73.0 541.0 0.15728 10642.72 
47.0 553.0 0.0263896000001 10773.6104 
39.0 650.0 0.00628160000009 10793.7184 
47.0 747.0 0.00628160000009 10793.7184 
51.0 749.0 0.00604000000017 10793.96 
40.0 842.0 0.00628160000009 10793.7184 
55.0 930.0 0.00574000000016 10794.26 
54.0 946.0 0.00869036000016 10791.30964 
170.0 53.0 0.300107200001 10499.8928 
152.0 172.0 0.300107200001 10499.8928 
131.0 150.0 0.0943780000016 10705.622 
161.0 242.0 0.0256000000007 10774.4 
134.0 351.0 0.0186809999998 10781.319 
158.0 370.0 0.00650000000018 10793.5 
169.0 456.0 0.300107200001 10499.8928 
147.0 533.0 0.0242200000007 10775.78 
138.0 566.0 0.0601448000009 10739.8552 
148.0 645.0 0.0970011200001 10702.99888 
142.0 763.0 0.00618000000017 10793.82 
132.0 752.0 0.00891156000021 10791.08844 
127.0 840.0 0.300107200001 10499.8928 
166.0 935.0 0.0658740000003 10734.126 
154.0 942.0 0.0834508000003 10716.5492 
252.0 30.0 0.300107200001 10499.8928 
268.0 167.0 0.0838418800007 10716.15812 
275.0 160.0 0.0757056000004 10724.2944 
271.0 229.0 0.17025448 10629.74552 
245.0 342.0 0.00664000000018 10793.36 
234.0 358.0 0.17025448 10629.74552 
266.0 451.0 0.0686222400007 10731.37776 
241.0 539.0 0.17025448 10629.74552 
256.0 535.0 0.0891510000002 10710.849 
238.0 664.0 0.17025448 10629.74552 
242.0 752.0 0.0453514800007 10754.64852 
277.0 760.0 0.245093280002 10554.90672 
240.0 817.0 0.0937495200006 10706.25048 
221.0 955.0 0.0603359999999 10739.664 
249.0 959.0 0.0184600000005 10781.54 
388.0 56.0 0.0480120000006 10751.988 
336.0 167.0 0.1511528 10648.8472 
363.0 130.0 0.103288400001 10696.7116 
350.0 235.0 0.0251400000007 10774.86 
339.0 364.0 0.00600000000017 10794.0 
332.0 354.0 0.00778800000027 10792.212 
325.0 475.0 0.113727520001 10686.27248 
326.0 550.0 0.0289152000009 10771.0848 
334.0 534.0 0.0249600000007 10775.04 
365.0 644.0 0.17025448 10629.74552 
345.0 751.0 0.0246600000007 10775.34 
349.0 762.0 0.049696840001 10750.30316 
352.0 845.0 0.0885338800004 10711.46612 
341.0 951.0 0.0142254 10785.7746 
351.0 928.0 0.00630000000017 10793.7 
436.0 60.0 0.199595360001 10600.40464 
454.0 151.0 0.0250400000007 10774.96 
436.0 139.0 0.0675774400008 10732.42256 
451.0 265.0 0.0873606400001 10712.63936 
449.0 347.0 0.0125200000003 10787.48 
437.0 340.0 0.0232727200002 10776.72728 
439.0 450.0 0.0885338800004 10711.46612 
437.0 527.0 0.0755560000005 10724.444 
460.0 531.0 0.0490988799998 10750.90112 
514.0 657.0 0.0382258800004 10761.77412 
435.0 781.0 0.0885338800004 10711.46612 
441.0 746.0 0.0885338800004 10711.46612 
445.0 890.0 0.00650000000018 10793.5 
442.0 917.0 0.00650000000018 10793.5 
441.0 954.0 0.059956 10740.044 
551.0 45.0 0.0885338800004 10711.46612 
578.0 185.0 0.0290800000008 10770.92 
526.0 148.0 0.0541443199999 10745.85568 
532.0 278.0 0.0789940000003 10721.006 
547.0 353.0 0.0122200000003 10787.78 
574.0 355.0 0.014796 10785.204 
564.0 440.0 0.0885338800004 10711.46612 
544.0 562.0 0.252578400001 10547.4216 
550.0 517.0 0.0599498400005 10740.05016 
546.0 632.0 0.156341440001 10643.65856 
540.0 760.0 0.00664000000018 10793.36
559.0 729.0 0.0885338800004 10711.46612 
540.0 844.0 0.0885338800004 10711.46612 
541.0 953.0 0.0134912000002 10786.5088 
564.0 948.0 0.00640000000018 10793.6 
650.0 50.0 0.0885338800004 10711.46612 
649.0 162.0 0.103222400001 10696.7776 
649.0 164.0 0.220988 10579.012 
647.0 253.0 0.00664000000018 10793.36 
672.0 330.0 0.00638000000018 10793.62 
640.0 353.0 0.0885338800004 10711.46612 
646.0 446.0 0.00664000000018 10793.36
659.0 581.0 0.0685842400002 10731.41576 
646.0 538.0 0.0123400000003 10787.66 
640.0 636.0 0.0623916800005 10737.60832 
674.0 753.0 0.0165296000004 10783.4704 
656.0 749.0 0.00622000000017 10793.78 
629.0 844.0 0.00664000000018 10793.36 
650.0 957.0 0.0885338800004 10711.46612 
652.0 937.0 0.00664000000018 10793.36
737.0 32.0 0.0885338800004 10711.46612 
724.0 174.0 0.171228000001 10628.772 
732.0 170.0 0.0179824000002 10782.0176 
753.0 269.0 0.0885338800004 10711.46612 
735.0 346.0 0.060291 10739.709 
746.0 366.0 0.00638000000018 10793.62 
757.0 459.0 0.00654000000018 10793.46 
742.0 543.0 0.00646000000018 10793.54 
757.0 551.0 0.0101938799999 10789.80612 
734.0 671.0 0.0301200000008 10769.88 
738.0 744.0 0.0955752000007 10704.4248 
767.0 739.0 0.24554728 10554.45272 
732.0 852.0 0.0885338800004 10711.46612 
748.0 957.0 0.0125000000003 10787.5 
751.0 972.0 0.0249100000006 10775.09 
855.0 18.0 0.0885338800004 10711.46612
843.0 184.0 0.12273488 10677.26512 
840.0 146.0 0.0381908800004 10761.80912 
830.0 246.0 0.0128800000004 10787.12 
871.0 337.0 0.00664000000018 10793.36 
854.0 345.0 0.0885338800004 10711.46612 
818.0 440.0 0.0599325599998 10740.06744 
849.0 559.0 0.0885338800004 10711.46612 
860.0 552.0 0.00664000000018 10793.36 
812.0 654.0 0.0791769599999 10720.82304 
845.0 753.0 0.108974400001 10691.0256 
835.0 756.0 0.0903420800006 10709.65792 
880.0 870.0 0.0885338800004 10711.46612 
873.0 937.0 0.0121200000003 10787.88 
828.0 952.0 0.102096480001 10697.90352 
949.0 22.0 0.0885338800004 10711.46612 
979.0 141.0 0.021384 10778.616 
949.0 161.0 0.00594000000017 10794.06 
948.0 259.0 0.0885338800004 10711.46612 
960.0 361.0 0.00664000000018 10793.36 
963.0 369.0 0.00760943999974 10792.39056 
925.0 442.0 0.0885338800004 10711.46612 
973.0 552.0 0.0116782800001 10788.32172 
958.0 566.0 0.00634000000017 10793.66 
944.0 670.0 0.0124000000003 10787.6 
955.0 776.0 0.0598978000006 10740.1022 
932.0 722.0 0.0890504000004 10710.9496 
977.0 860.0 0.0885338800004 10711.46612 
947.0 971.0 0.0330739200002 10766.92608 
921.0 947.0 0.0763729599999 10723.62704 
