500.0 500.0
62.0 36.0 0.102566240001 10697.43376 
63.0 149.0 0.0784040000005 10721.596 
66.0 159.0 0.0749772000004 10725.0228 
35.0 236.0 0.0749772000004 10725.0228 
40.0 350.0 0.00594000000017 10794.06 
36.0 342.0 0.00689039999985 10793.1096 
56.0 497.0 0.00689039999985 10793.1096 
187.0 13.0 0.157886320001 10642.11368 
138.0 453.0 0.0291233600005 10770.87664 
132.0 258.0 0.00621755999999 10793.78244 
135.0 619.0 0.0320148400001 10767.98516 
61.0 749.0 0.0320148400001 10767.98516 
23.0 836.0 0.0827147200003 10717.28528 
78.0 937.0 0.0827147200003 10717.28528 
54.0 969.0 0.0827147200003 10717.28528 
140.0 34.0 0.113368000001 10686.632 
127.0 151.0 0.0527665200012 10747.23348 
148.0 137.0 0.0179800000005 10782.02 
135.0 256.0 0.00606000000017 10793.94 
171.0 337.0 0.1839978 10616.0022 
142.0 349.0 0.0321456000003 10767.8544 
160.0 473.0 0.14129084 10658.70916 
169.0 537.0 0.203893760002 10596.10624 
200.0 554.0 0.0700168800014 10729.98312 
163.0 654.0 0.00638000000018 10793.62 
157.0 751.0 0.00640000000018 10793.6 
162.0 759.0 0.00753919999997 10792.4608 
126.0 840.0 0.00753919999997 10792.4608 
149.0 962.0 0.0130868000002 10786.9132 
148.0 961.0 0.0130600000004 10786.94 
232.0 46.0 0.0199400000005 10780.06 
246.0 125.0 0.0146692000001 10785.3308 
243.0 149.0 0.00676000000018 10793.24 
243.0 235.0 0.00676000000018 10793.24 
264.0 364.0 0.0190800000005 10780.92 
246.0 333.0 0.0810156000009 10718.9844 
267.0 455.0 0.0810156000009 10718.9844 
229.0 539.0 0.139050560001 10660.94944 
255.0 533.0 0.526509120001 10273.49088 
251.0 649.0 0.0810156000009 10718.9844 
242.0 732.0 0.00612000000017 10793.88 
243.0 735.0 0.00624239999977 10793.7576 
239.0 870.0 0.0133600000004 10786.64 
274.0 931.0 0.0725407199998 10727.45928 
253.0 938.0 0.0712879999999 10728.712 
345.0 38.0 0.0712879999999 10728.712 
363.0 150.0 0.00616000000017 10793.84 
360.0 135.0 0.00904288000021 10790.95712 
342.0 248.0 0.00904288000021 10790.95712 
368.0 373.0 0.1339168 10666.0832 
347.0 337.0 0.0383492000006 10761.6508 
347.0 438.0 0.0124000000003 10787.6 
329.0 557.0 0.037780000001 10762.22 
363.0 556.0 0.0835060000003 10716.494 
338.0 642.0 0.00904288000021 10790.95712 
343.0 759.0 0.00904288000021 10790.95712 
365.0 734.0 0.00904288000021 10790.95712 
329.0 842.0 0.018422 10781.578 
345.0 973.0 0.018422 10781.578 
346.0 941.0 0.0127000000003 10787.3 
435.0 88.0 0.103786560001 10696.21344 
445.0 128.0 0.0564640000013 10743.536 
451.0 159.0 0.310297120001 10489.70288 
433.0 229.0 0.0254400000007 10774.56 
449.0 339.0 0.00610000000017 10793.9 
431.0 334.0 0.0103578000002 10789.6422 
440.0 454.0 0.0783216 10721.6784 
468.0 538.0 0.0483270400004 10751.67296 
434.0 533.0 0.153293200001 10646.7068 
437.0 665.0 0.018422 10781.578 
485.0 739.0 0.0120600000003 10787.94 
456.0 750.0 0.01760248 10782.39752 
448.0 872.0 0.00640000000018 10793.6 
471.0 941.0 0.080492 10719.508 
474.0 957.0 0.0736707200003 10726.32928 
564.0 38.0 0.018422 10781.578 
515.0 140.0 0.0990534800011 10700.94652 
542.0 155.0 0.00682000000019 10793.18 
542.0 256.0 0.018422 10781.578 
552.0 356.0 0.00720936000008 10792.79064 
555.0 363.0 0.00646000000018 10793.54 
531.0 477.0 0.0414464000004 10758.5536 
548.0 552.0 0.156881600001 10643.1184 
559.0 542.0 0.0899776000002 10710.0224 
552.0 622.0 0.0793251200005 10720.67488 
549.0 776.0 0.0720572000001 10727.9428 
566.0 753.0 0.018422 10781.578 
538.0 838.0 0.0514179200003 10748.58208 
555.0 948.0 0.0514179200003 10748.58208 
538.0 931.0 0.0247000000007 10775.3 
659.0 41.0 0.0514179200003 10748.58208 
677.0 151.0 0.0183600000005 10781.64 
680.0 150.0 0.0184876000001 10781.5124 
650.0 239.0 0.00616000000017 10793.84 
670.0 371.0 0.0139672 10786.0328 
648.0 360.0 0.00632000000017 10793.68 
648.0 454.0 0.0135120000004 10786.488 
665.0 549.0 0.0135120000004 10786.488 
661.0 536.0 0.0173000000005 10782.7 
670.0 648.0 0.0135120000004 10786.488 
649.0 762.0 0.0139949999999 10786.005 
656.0 738.0 0.00622000000017 10793.78 
630.0 858.0 0.0135120000004 10786.488 
628.0 952.0 0.163684800001 10636.3152 
652.0 967.0 0.0275840400004 10772.41596 
740.0 47.0 0.0274504000001 10772.5496 
763.0 144.0 0.0274504000001 10772.5496 
737.0 156.0 0.111075000001 10688.925 
724.0 253.0 0.0760390400001 10723.96096 
761.0 358.0 0.00600000000017 10794.0 
782.0 378.0 0.0160920000001 10783.908 
749.0 438.0 0.0274504000001 10772.5496 
732.0 536.0 0.0707805200001 10729.21948 
731.0 562.0 0.0824276800002 10717.57232 
753.0 675.0 0.0244200000007 10775.58 
763.0 744.0 0.21361484 10586.38516 
767.0 746.0 0.101418800001 10698.5812 
738.0 878.0 0.0182400000005 10781.76 
732.0 959.0 0.0274504000001 10772.5496 
778.0 927.0 0.17615648 10623.84352 
830.0 34.0 0.0274504000001 10772.5496 
867.0 172.0 0.0185000000005 10781.5 
861.0 144.0 0.0175823999998 10782.4176 
819.0 271.0 0.0191000000005 10780.9 
877.0 321.0 0.117810000001 10682.19 
850.0 360.0 0.0191000000005 10780.9 
850.0 455.0 0.0274504000001 10772.5496 
847.0 529.0 0.0118600000003 10788.14 
832.0 534.0 0.0274504000001 10772.5496 
859.0 652.0 0.174508760001 10625.49124 
836.0 756.0 0.174508760001 10625.49124 
854.0 759.0 0.0220893200005 10777.91068 
837.0 839.0 0.0220893200005 10777.91068 
838.0 939.0 0.075277760001 10724.72224 
849.0 951.0 0.0969299600006 10703.07004 
962.0 60.0 0.0969299600006 10703.07004 
942.0 159.0 0.15476192 10645.23808 
932.0 141.0 0.0224105600002 10777.58944 
952.0 250.0 0.0224105600002 10777.58944 
943.0 352.0 0.17398984 10626.01016 
964.0 347.0 0.0252020800006 10774.79792 
964.0 446.0 0.0224105600002 10777.58944 
933.0 552.0 0.0230877600003 10776.91224 
920.0 535.0 0.1449778 10655.0222 
952.0 656.0 0.0224105600002 10777.58944 
940.0 749.0 0.00572000000016 10794.28 
962.0 758.0 0.0121836000002 10787.8164 
950.0 854.0 0.0121836000002 10787.8164 
962.0 963.0 0.00602000000017 10793.98 
971.0 975.0 0.00872900000008 10791.271 
