500.0 500.0
58.0 48.0 0.0761794000002 10723.8206 
47.0 144.0 0.00703247999993 10792.96752 
54.0 151.0 0.00588000000016 10794.12 
20.0 264.0 0.0814592000003 10718.5408 
77.0 335.0 0.0814592000003 10718.5408 
52.0 410.0 0.0716236000004 10728.3764 
54.0 473.0 0.1781354 10621.8646 
61.0 546.0 0.112408800001 10687.5912 
26.0 544.0 0.072993600001 10727.0064 
76.0 660.0 0.0404045600003 10759.59544 
78.0 540.0 0.232859200002 10567.1408 
41.0 745.0 0.0895754000002 10710.4246 
64.0 837.0 0.0814592000003 10718.5408 
55.0 949.0 0.0703256400002 10729.67436 
38.0 961.0 0.0814592000003 10718.5408 
124.0 75.0 0.00682000000019 10793.18 
177.0 164.0 0.0625226000003 10737.4774 
164.0 156.0 0.0746816000001 10725.3184 
171.0 227.0 0.0123800000003 10787.62 
149.0 351.0 0.0124800000003 10787.52 
130.0 362.0 0.0183989600004 10781.60104 
172.0 452.0 0.0814592000003 10718.5408 
117.0 574.0 0.0764140800008 10723.58592 
136.0 543.0 0.037520000001 10762.48 
127.0 654.0 0.00644000000018 10793.56 
115.0 762.0 0.0697935999998 10730.2064 
161.0 760.0 0.0121400000003 10787.86 
173.0 841.0 0.0791445999998 10720.8554 
125.0 970.0 0.00602000000017 10793.98 
142.0 942.0 0.0814592000003 10718.5408 
231.0 44.0 0.00602000000017 10793.98 
259.0 138.0 0.107673000001 10692.327 
268.0 131.0 0.0916330800007 10708.36692 
250.0 219.0 0.0814592000003 10718.5408 
276.0 349.0 0.00602000000017 10793.98 
238.0 347.0 0.02345392 10776.54608 
266.0 458.0 0.00664000000018 10793.36 
237.0 568.0 0.0814592000003 10718.5408 
252.0 522.0 0.06363776 10736.36224 
265.0 659.0 0.0420130000001 10757.987 
251.0 753.0 0.01481248 10785.18752 
241.0 730.0 0.00656000000018 10793.44 
249.0 854.0 0.00614000000017 10793.86 
252.0 977.0 0.0814592000003 10718.5408 
253.0 958.0 0.0420130000001 10757.987 
338.0 50.0 0.0814592000003 10718.5408 
329.0 145.0 0.110204000001 10689.796 
330.0 158.0 0.191515800001 10608.4842 
349.0 220.0 0.0244600000007 10775.54 
336.0 337.0 0.0062157600001 10793.78424 
341.0 334.0 0.00582000000016 10794.18 
355.0 438.0 0.0814592000003 10718.5408 
342.0 561.0 0.00795407999984 10792.04592 
352.0 570.0 0.00584000000016 10794.16 
346.0 658.0 0.00586000000016 10794.14 
348.0 760.0 0.00630000000017 10793.7 
358.0 731.0 0.07640356 10723.59644 
366.0 835.0 0.0812574000002 10718.7426 
376.0 932.0 0.0186200000005 10781.38 
355.0 947.0 0.0143651200001 10785.63488 
430.0 59.0 0.0816304000005 10718.3696 
444.0 129.0 0.0423324800002 10757.66752 
424.0 153.0 0.0122400000003 10787.76 
449.0 240.0 0.0814592000003 10718.5408 
433.0 364.0 0.1710096 10628.9904 
444.0 332.0 0.0342366000004 10765.7634 
439.0 441.0 0.0127200000004 10787.28 
444.0 540.0 0.14241712 10657.58288 
435.0 575.0 0.0371604000003 10762.8396 
461.0 678.0 0.0123600000003 10787.64 
455.0 752.0 0.0780630400002 10721.93696 
422.0 739.0 0.0853176000004 10714.6824 
465.0 843.0 0.0814592000003 10718.5408 
459.0 957.0 0.0232840000002 10776.716 
444.0 947.0 0.13985708 10660.14292 
563.0 44.0 0.00662000000018 10793.38 
550.0 158.0 0.0123800000003 10787.62 
560.0 138.0 0.0308000000009 10769.2 
547.0 269.0 0.0814592000003 10718.5408 
543.0 378.0 0.0847852000006 10715.2148 
559.0 355.0 0.0281828000004 10771.8172 
546.0 429.0 0.0126600000003 10787.34 
566.0 540.0 0.08532496 10714.67504 
542.0 558.0 0.0828459199998 10717.15408 
556.0 684.0 0.0258800000007 10774.12 
527.0 741.0 0.0189400000005 10781.06 
551.0 746.0 0.132319240001 10667.68076 
564.0 824.0 0.0940160000002 10705.984 
557.0 939.0 0.00582000000016 10794.18 
581.0 976.0 0.0284597999999 10771.5402 
635.0 35.0 0.0763286000002 10723.6714 
638.0 130.0 0.0926878400003 10707.31216 
663.0 147.0 0.0128600000004 10787.14 
649.0 250.0 0.0814592000003 10718.5408 
659.0 346.0 0.00606000000017 10793.94 
669.0 349.0 0.0073810799999 10792.61892 
642.0 456.0 0.0814592000003 10718.5408 
632.0 530.0 0.00614000000017 10793.86 
655.0 544.0 0.0150430000003 10784.957 
634.0 629.0 0.0814592000003 10718.5408 
610.0 734.0 0.1722328 10627.7672 
654.0 730.0 0.0453644800003 10754.63552 
641.0 821.0 0.0814592000003 10718.5408 
665.0 959.0 0.00669760000009 10793.3024 
661.0 957.0 0.00644000000018 10793.56 
730.0 57.0 0.0814592000003 10718.5408 
738.0 148.0 0.08355864 10716.44136 
763.0 170.0 0.00682000000019 10793.18 
733.0 246.0 0.0814592000003 10718.5408 
759.0 340.0 0.0091486 10790.8514 
752.0 354.0 0.00614000000017 10793.86 
742.0 442.0 0.0500903199998 10749.90968 
754.0 555.0 0.0944463199996 10705.55368 
747.0 500.0 0.0187800000005 10781.22 
749.0 628.0 0.0853979200003 10714.60208 
748.0 755.0 0.035780000001 10764.22 
769.0 736.0 0.0453719200007 10754.62808 
740.0 858.0 0.0814592000003 10718.5408 
752.0 963.0 0.0114019199998 10788.59808 
744.0 945.0 0.00642000000018 10793.58 
843.0 44.0 0.0814592000003 10718.5408 
870.0 140.0 0.0460128000002 10753.9872 
836.0 140.0 0.0119000000003 10788.1 
865.0 232.0 0.0814592000003 10718.5408 
850.0 360.0 0.0420130000001 10757.987 
867.0 339.0 0.0814592000003 10718.5408 
855.0 460.0 0.0420130000001 10757.987 
838.0 542.0 0.0239000000007 10776.1 
874.0 560.0 0.119116000001 10680.884 
879.0 639.0 0.0983260000008 10701.674 
824.0 742.0 0.414502 10385.498 
863.0 756.0 0.156129600003 10643.8704 
843.0 832.0 0.111188000001 10688.812 
872.0 942.0 0.0420130000001 10757.987 
840.0 941.0 0.0118600000003 10788.14 
966.0 59.0 0.0814592000003 10718.5408 
949.0 172.0 0.090672 10709.328 
938.0 148.0 0.0865816000005 10713.4184 
963.0 250.0 0.00620000000017 10793.8 
947.0 335.0 0.0068848000001 10793.1152 
943.0 333.0 0.00662000000018 10793.38 
976.0 439.0 0.0814592000003 10718.5408 
922.0 559.0 0.0648542000007 10735.1458 
929.0 504.0 0.110851320001 10689.14868 
959.0 639.0 0.0814592000003 10718.5408
937.0 736.0 0.178693280001 10621.30672 
954.0 754.0 0.0246843600001 10775.31564 
955.0 867.0 0.00632000000017 10793.68 
940.0 925.0 0.0814038400004 10718.59616 
959.0 928.0 0.0593956800004 10740.60432 
