500.0 500.0
47.0 40.0 0.161763040001 10638.23696 
74.0 157.0 0.161763040001 10638.23696 
56.0 157.0 0.0220728000005 10777.9272 
30.0 269.0 0.161763040001 10638.23696 
59.0 346.0 0.0742246799999 10725.77532 
137.0 26.0 0.161763040001 10638.23696 
38.0 451.0 0.0622815600005 10737.71844 
49.0 565.0 0.0138777600001 10786.12224 
55.0 541.0 0.00624000000017 10793.76 
44.0 635.0 0.161763040001 10638.23696 
46.0 741.0 0.0189599999998 10781.04 
72.0 723.0 0.00632000000017 10793.68 
65.0 836.0 0.161763040001 10638.23696 
42.0 949.0 0.0142579200002 10785.74208 
64.0 961.0 0.00632000000017 10793.68 
127.0 63.0 0.0897106400005 10710.28936 
129.0 140.0 0.0456600000007 10754.34 
148.0 157.0 0.0240200000007 10775.98 
142.0 248.0 0.161763040001 10638.23696 
123.0 339.0 0.013228 10786.772 
129.0 347.0 0.0120800000003 10787.92 
163.0 456.0 0.161763040001 10638.23696 
143.0 548.0 0.0227556000002 10777.2444 
162.0 560.0 0.167155160001 10632.84484 
146.0 661.0 0.161763040001 10638.23696 
153.0 763.0 0.0103516799999 10789.64832 
153.0 746.0 0.00656000000018 10793.44 
151.0 844.0 0.0622815600005 10737.71844 
163.0 948.0 0.00997612000011 10790.02388 
148.0 936.0 0.00574000000016 10794.26 
248.0 40.0 0.161763040001 10638.23696 
277.0 147.0 0.164135000001 10635.865 
249.0 126.0 0.0328040000002 10767.196 
274.0 275.0 0.0935676800005 10706.43232 
236.0 358.0 0.0154994400001 10784.50056 
259.0 343.0 0.0123600000003 10787.64 
246.0 459.0 0.161763040001 10638.23696 
263.0 553.0 0.0179800000005 10782.02 
236.0 545.0 0.0580762799996 10741.92372 
260.0 651.0 0.0412416 10758.7584 
257.0 762.0 0.161763040001 10638.23696 
285.0 739.0 0.0613553599998 10738.64464 
279.0 846.0 0.0865896000003 10713.4104 
251.0 957.0 0.0565484799997 10743.45152 
260.0 955.0 0.0421427999998 10757.8572 
357.0 41.0 0.0865896000003 10713.4104 
348.0 165.0 0.0190712000001 10780.9288 
349.0 168.0 0.0189400000005 10781.06 
352.0 277.0 0.147421240001 10652.57876 
380.0 334.0 0.3187744 10481.2256 
358.0 331.0 0.0497092800013 10750.29072 
364.0 434.0 0.0865896000003 10713.4104 
350.0 570.0 0.0622815600005 10737.71844 
370.0 522.0 0.0767735200006 10723.22648 
311.0 640.0 0.00640000000018 10793.6 
355.0 740.0 0.0114800000003 10788.52 
374.0 756.0 0.0850732000003 10714.9268 
373.0 838.0 0.0865896000003 10713.4104 
313.0 937.0 0.0178800000005 10782.12 
355.0 995.0 0.0688867199997 10731.11328 
435.0 47.0 0.00654000000018 10793.46 
485.0 169.0 0.0186400000005 10781.36 
427.0 150.0 0.0507 10749.3 
444.0 262.0 0.0748972399997 10725.10276 
450.0 360.0 0.0247000000007 10775.3 
460.0 333.0 0.00646000000018 10793.54 
462.0 464.0 0.0595456000004 10740.4544 
454.0 562.0 0.0889880000006 10711.012 
435.0 535.0 0.171504 10628.496 
449.0 640.0 0.0865896000003 10713.4104 
462.0 743.0 0.0187800000005 10781.22 
450.0 757.0 0.0329168000009 10767.0832 
468.0 847.0 0.00614000000017 10793.86 
442.0 928.0 0.0865896000003 10713.4104 
461.0 926.0 0.0833812 10716.6188 
564.0 68.0 0.0865896000003 10713.4104 
545.0 145.0 0.0667609600004 10733.23904 
562.0 169.0 0.0768272000001 10723.1728 
549.0 240.0 0.00616000000017 10793.84 
562.0 354.0 0.00622000000017 10793.78 
545.0 365.0 0.0865896000003 10713.4104 
582.0 444.0 0.00638000000018 10793.62 
544.0 549.0 0.330747040001 10469.25296 
533.0 540.0 0.0731823600011 10726.81764 
560.0 661.0 0.0622815600005 10737.71844 
524.0 769.0 0.0777208000005 10722.2792 
579.0 756.0 0.0187200000005 10781.28 
570.0 837.0 0.00616000000017 10793.84 
552.0 950.0 0.0184000000005 10781.6 
535.0 966.0 0.0865896000003 10713.4104 
655.0 48.0 0.0622815600005 10737.71844 
675.0 156.0 0.079772800002 10720.2272 
656.0 154.0 0.0313600000009 10768.64 
643.0 245.0 0.0865896000003 10713.4104 
627.0 388.0 0.0795396400002 10720.46036 
673.0 343.0 0.0306000000008 10769.4 
654.0 450.0 0.0792072000005 10720.7928 
617.0 560.0 0.342178000001 10457.822 
663.0 542.0 0.1440712 10655.9288 
656.0 662.0 0.00568000000016 10794.32 
627.0 777.0 0.0853380000004 10714.662 
637.0 738.0 0.07539632 10724.60368 
631.0 836.0 0.06144304 10738.55696 
631.0 941.0 0.263329600001 10536.6704 
650.0 965.0 0.0596327200003 10740.36728 
771.0 50.0 0.0865896000003 10713.4104 
737.0 143.0 0.280823520001 10519.17648 
774.0 142.0 0.109248800001 10690.7512 
742.0 245.0 0.100714000001 10699.286 
757.0 320.0 0.244221160001 10555.77884 
744.0 378.0 0.438339200002 10361.6608 
744.0 431.0 0.0306000000008 10769.4 
754.0 567.0 0.0364736000001 10763.5264 
716.0 566.0 0.119274000001 10680.726 
758.0 661.0 0.0865896000003 10713.4104
754.0 747.0 0.00616000000017 10793.84 
760.0 758.0 0.00809424000003 10791.90576 
762.0 865.0 0.0865896000003 10713.4104
754.0 946.0 0.0622815600005 10737.71844 
724.0 953.0 0.0849856000005 10715.0144 
866.0 52.0 0.0865896000003 10713.4104 
842.0 167.0 0.0920173200007 10707.98268 
846.0 155.0 0.0879512800003 10712.04872 
846.0 253.0 0.0865896000003 10713.4104 
822.0 342.0 0.154482560001 10645.51744 
836.0 345.0 0.0204364000005 10779.5636 
841.0 453.0 0.0865896000003 10713.4104 
849.0 569.0 0.0192707999998 10780.7292 
848.0 536.0 0.00606000000017 10793.94 
858.0 671.0 0.0865896000003 10713.4104 
884.0 757.0 0.0900117199998 10709.98828 
837.0 729.0 0.0120200000003 10787.98 
878.0 856.0 0.0865896000003 10713.4104 
856.0 963.0 0.010212 10789.788 
843.0 947.0 0.00552000000016 10794.48 
953.0 54.0 0.0622815600005 10737.71844 
940.0 114.0 0.0123800000003 10787.62 
956.0 130.0 0.0182782400002 10781.72176 
953.0 240.0 0.0622815600005 10737.71844 
958.0 334.0 0.0529748000003 10747.0252 
963.0 387.0 0.0754720000008 10724.528 
959.0 435.0 0.0123000000003 10787.7 
967.0 543.0 0.0109155199998 10789.08448 
962.0 562.0 0.0124600000003 10787.54 
971.0 623.0 0.0542052 10745.7948 
961.0 773.0 0.0927748000005 10707.2252 
943.0 723.0 0.00604000000017 10793.96 
959.0 840.0 0.0622815600005 10737.71844 
928.0 923.0 0.00618000000017 10793.82 
938.0 952.0 0.0178107600002 10782.18924 
