500.0 500.0
55.0 53.0 0.0299024000007 10770.0976 
27.0 162.0 0.0299024000007 10770.0976 
43.0 190.0 0.102991400001 10697.0086 
49.0 249.0 0.0299024000007 10770.0976 
55.0 349.0 0.0299024000007 10770.0976 
33.0 376.0 0.0511392000001 10748.8608 
46.0 432.0 0.00672000000018 10793.28 
57.0 539.0 0.00660000000018 10793.4 
41.0 559.0 0.0152591999998 10784.7408 
69.0 657.0 0.0299024000007 10770.0976 
27.0 739.0 0.0181600000005 10781.84 
40.0 777.0 0.0889441600006 10711.05584 
57.0 844.0 0.152903200001 10647.0968 
47.0 909.0 0.0757540000003 10724.246 
66.0 960.0 0.0878107200004 10712.18928 
176.0 49.0 0.0878107200004 10712.18928 
125.0 159.0 0.0222258399998 10777.77416 
160.0 148.0 0.00602000000017 10793.98 
146.0 274.0 0.00602000000017 10793.98
136.0 369.0 0.0232628000001 10776.7372 
173.0 370.0 0.00622000000017 10793.78 
144.0 455.0 0.00622000000017 10793.78 
158.0 563.0 0.00632000000017 10793.68 
147.0 574.0 0.00937887999996 10790.62112 
154.0 670.0 0.00614000000017 10793.86 
135.0 731.0 0.0894384 10710.5616 
147.0 737.0 0.0669512 10733.0488 
174.0 849.0 0.0607860000001 10739.214 
138.0 950.0 0.084296440001 10715.70356 
180.0 935.0 0.174584560001 10625.41544 
255.0 40.0 0.174584560001 10625.41544 
252.0 156.0 0.00616000000017 10793.84 
248.0 140.0 0.00951104000002 10790.48896 
247.0 271.0 0.0871522 10712.8478 
263.0 344.0 0.0127600000004 10787.24 
249.0 340.0 0.0153464000004 10784.6536 
261.0 446.0 0.0828864400001 10717.11356 
242.0 548.0 0.105860000001 10694.14 
261.0 513.0 0.174336480002 10625.66352 
253.0 645.0 0.174336480002 10625.66352 
213.0 745.0 0.0123200000003 10787.68 
244.0 744.0 0.0123200000003 10787.68 
239.0 834.0 0.00614000000017 10793.86 
277.0 946.0 0.437068600002 10362.9314 
235.0 948.0 0.163141440002 10636.85856 
363.0 22.0 0.163141440002 10636.85856 
347.0 161.0 0.00602000000017 10793.98 
341.0 147.0 0.00881328000018 10791.18672 
352.0 246.0 0.00881328000018 10791.18672 
368.0 380.0 0.0883100000006 10711.69 
350.0 326.0 0.0994248000007 10700.5752 
350.0 436.0 0.0994248000007 10700.5752 
312.0 558.0 0.244394720001 10555.60528 
365.0 536.0 0.491610600001 10308.3894 
342.0 664.0 0.0127600000004 10787.24 
355.0 760.0 0.0317626000004 10768.2374 
361.0 731.0 0.143432 10656.568 
356.0 850.0 0.143432 10656.568 
350.0 950.0 0.458017200001 10341.9828 
337.0 963.0 0.0855928800023 10714.40712 
456.0 53.0 0.0855928800023 10714.40712 
428.0 156.0 0.1566782 10643.3218 
449.0 140.0 0.0271428000004 10772.8572 
467.0 220.0 0.0123000000003 10787.7 
450.0 361.0 0.0191200000005 10780.88 
421.0 341.0 0.0794758400001 10720.52416 
460.0 443.0 0.0693230399997 10730.67696 
456.0 551.0 0.0969536400009 10703.04636 
444.0 544.0 0.45990048 10340.09952 
489.0 672.0 0.00606000000017 10793.94 
472.0 755.0 0.0178000000005 10782.2 
470.0 762.0 0.0882626400004 10711.73736 
440.0 860.0 0.0882626400004 10711.73736 
412.0 929.0 0.0562600000016 10743.74 
469.0 946.0 0.1053948 10694.6052 
550.0 51.0 0.1053948 10694.6052 
551.0 159.0 0.00596000000017 10794.04 
555.0 154.0 0.0064487200002 10793.55128 
556.0 247.0 0.0064487200002 10793.55128 
569.0 354.0 0.0123000000003 10787.7 
540.0 316.0 0.03342 10766.58 
550.0 472.0 0.10114272 10698.85728 
576.0 541.0 0.142413760002 10657.58624 
551.0 557.0 0.420976000002 10379.024 
557.0 672.0 0.0621028799997 10737.89712 
543.0 760.0 0.2100896 10589.9104 
560.0 779.0 0.0313700000006 10768.63 
563.0 880.0 0.00602000000017 10793.98 
526.0 955.0 0.0647396000007 10735.2604 
572.0 945.0 0.0701642400004 10729.83576 
675.0 48.0 0.00638000000018 10793.62 
640.0 146.0 0.00556000000016 10794.44 
655.0 129.0 0.0112756799998 10788.72432 
648.0 267.0 0.0757679999998 10724.232 
653.0 342.0 0.00616000000017 10793.84 
624.0 373.0 0.0489636000001 10751.0364 
667.0 464.0 0.0489636000001 10751.0364 
623.0 543.0 0.351096000001 10448.904 
660.0 552.0 0.11232 10687.68 
630.0 652.0 0.11232 10687.68 
667.0 747.0 0.00741779999992 10792.5822 
658.0 749.0 0.00634000000017 10793.66 
644.0 839.0 0.00634000000017 10793.66 
642.0 918.0 0.00624000000017 10793.76 
646.0 962.0 0.0366209600002 10763.37904 
734.0 66.0 0.0549318000002 10745.0682 
773.0 138.0 0.00845616000021 10791.54384 
773.0 151.0 0.00632000000017 10793.68 
745.0 239.0 0.00632000000017 10793.68 
752.0 357.0 0.06363776 10736.36224 
738.0 378.0 0.02790612 10772.09388 
738.0 421.0 0.0125800000003 10787.42 
723.0 554.0 0.143231520001 10656.76848 
741.0 537.0 0.0283903600001 10771.60964 
735.0 656.0 0.0283903600001 10771.60964 
756.0 739.0 0.0178000000005 10782.2 
747.0 775.0 0.0222236800002 10777.77632 
756.0 859.0 0.0283903600001 10771.60964 
778.0 970.0 0.02089056 10779.10944 
744.0 956.0 0.0182800000005 10781.72 
856.0 79.0 0.060918 10739.082 
864.0 148.0 0.0239200000007 10776.08 
882.0 155.0 0.0162915600002 10783.70844 
848.0 257.0 0.0283903600001 10771.60964 
849.0 368.0 0.0127600000004 10787.24 
862.0 351.0 0.03110816 10768.89184 
857.0 458.0 0.0283903600001 10771.60964 
845.0 552.0 0.0141442800003 10785.85572 
824.0 566.0 0.00622000000017 10793.78 
833.0 668.0 0.0118800000003 10788.12 
824.0 726.0 0.13168168 10668.31832 
853.0 763.0 0.0439664000002 10756.0336 
842.0 841.0 0.1547472 10645.2528 
817.0 962.0 0.1547472 10645.2528 
859.0 951.0 0.0435496000003 10756.4504 
940.0 56.0 0.0435496000003 10756.4504 
918.0 185.0 0.0590668000003 10740.9332 
937.0 149.0 0.0732248000002 10726.7752 
931.0 246.0 0.00606000000017 10793.94 
937.0 353.0 0.0943982800004 10705.60172 
957.0 329.0 0.0943982800004 10705.60172 
930.0 432.0 0.0943982800004 10705.60172 
947.0 537.0 0.00596000000017 10794.04 
978.0 570.0 0.0303960000003 10769.604 
942.0 656.0 0.0122800000003 10787.72 
935.0 726.0 0.13960744 10660.39256 
957.0 745.0 0.0278282000003 10772.1718 
947.0 864.0 0.0127600000004 10787.24 
972.0 933.0 0.15681072 10643.18928 
982.0 940.0 0.0213268000007 10778.6732 
