500.0 500.0
32.0 55.0 0.0774972000002 10722.5028 
30.0 163.0 0.0402864000009 10759.7136 
39.0 144.0 0.0558626400008 10744.13736 
55.0 252.0 0.0310000000009 10769.0 
181.0 32.0 0.422145480001 10377.85452 
54.0 332.0 0.096748800001 10703.2512 
40.0 474.0 0.096748800001 10703.2512 
99.0 34.0 0.0985398400006 10701.46016 
167.0 236.0 0.0256200000007 10774.38 
50.0 332.0 0.0581516800011 10741.84832 
56.0 372.0 0.0250400000007 10774.96 
89.0 19.0 0.0913353600012 10708.66464 
42.0 187.0 0.204080480001 10595.91952 
40.0 255.0 0.122175000001 10677.825 
194.0 497.0 0.0117000000003 10788.3 
128.0 69.0 0.275649440002 10524.35056 
140.0 159.0 0.104441560001 10695.55844 
176.0 168.0 0.0941860000004 10705.814 
143.0 237.0 0.0466896400001 10753.31036 
144.0 338.0 0.0855904000003 10714.4096 
149.0 357.0 0.00578000000016 10794.22 
143.0 455.0 0.0550718000001 10744.9282 
148.0 566.0 0.096748800001 10703.2512 
154.0 562.0 0.0764060000001 10723.594 
138.0 648.0 0.096748800001 10703.2512 
168.0 758.0 0.00618000000017 10793.82 
150.0 757.0 0.0930139200002 10706.98608 
126.0 176.0 0.0927943200002 10707.20568 
39.0 275.0 0.073840720001 10726.15928 
230.0 600.0 0.224326399999 10575.6736 
251.0 65.0 0.0306600000009 10769.34 
231.0 159.0 0.076896 10723.104 
267.0 159.0 0.0898980000001 10710.102 
234.0 230.0 0.0126600000003 10787.34 
254.0 360.0 0.2268624 10573.1376 
220.0 346.0 0.0692792000008 10730.7208 
256.0 434.0 0.0179400000005 10782.06 
244.0 562.0 0.096748800001 10703.2512 
262.0 559.0 0.0310400000009 10768.96 
237.0 659.0 0.254661600002 10545.3384 
249.0 710.0 0.163117800001 10636.8822 
226.0 743.0 0.0805527200011 10719.44728 
250.0 837.0 0.0725382 10727.4618 
242.0 946.0 0.00674000000018 10793.26 
245.0 950.0 0.101473640001 10698.52636 
353.0 54.0 0.096748800001 10703.2512 
364.0 155.0 0.112258200001 10687.7418 
367.0 137.0 0.110343760001 10689.65624 
340.0 249.0 0.096748800001 10703.2512 
333.0 326.0 0.0643180800005 10735.68192 
376.0 371.0 0.112027280001 10687.97272 
337.0 443.0 0.096748800001 10703.2512 
345.0 559.0 0.00608000000017 10793.92 
342.0 567.0 0.00696767999975 10793.03232 
360.0 654.0 0.096748800001 10703.2512 
357.0 749.0 0.00618000000017 10793.82 
358.0 753.0 0.00639011999987 10793.60988 
324.0 840.0 0.00606000000017 10793.94 
323.0 953.0 0.0670312000007 10732.9688 
357.0 953.0 0.24927712 10550.72288 
441.0 30.0 0.096748800001 10703.2512 
442.0 164.0 0.1552468 10644.7532 
432.0 151.0 0.0994546000009 10700.5454 
451.0 219.0 0.0250800000007 10774.92 
462.0 387.0 0.0246400000007 10775.36 
429.0 388.0 0.0707555999997 10729.2444 
426.0 449.0 0.096748800001 10703.2512 
454.0 533.0 0.0505200000001 10749.48 
457.0 548.0 0.0623943600002 10737.60564 
451.0 652.0 0.0707555999997 10729.2444 
450.0 775.0 0.0135240000001 10786.476 
461.0 752.0 0.00588000000016 10794.12 
443.0 871.0 0.0707555999997 10729.2444 
461.0 962.0 0.0277884000001 10772.2116 
431.0 933.0 0.0247600000007 10775.24 
563.0 57.0 0.0707555999997 10729.2444 
551.0 137.0 0.02039508 10779.60492 
571.0 164.0 0.00626000000017 10793.74 
557.0 276.0 0.0707555999997 10729.2444 
545.0 360.0 0.0707555999997 10729.2444 
527.0 383.0 0.0639830400006 10736.01696 
531.0 443.0 0.1266076 10673.3924 
558.0 549.0 0.0824473999998 10717.5526 
557.0 558.0 0.0707555999997 10729.2444 
570.0 651.0 0.0187600000005 10781.24 
559.0 774.0 0.0338293199997 10766.17068 
548.0 728.0 0.00618000000017 10793.82 
555.0 859.0 0.0707555999997 10729.2444 
542.0 961.0 0.01169056 10788.30944 
528.0 945.0 0.00614000000017 10793.86 
676.0 47.0 0.00650000000018 10793.5 
640.0 147.0 0.00588000000016 10794.12 
647.0 128.0 0.0107016000003 10789.2984 
656.0 265.0 0.0707555999997 10729.2444
658.0 345.0 0.0722400000011 10727.76 
634.0 345.0 0.0250000000007 10775.0 
638.0 452.0 0.0707555999997 10729.2444 
652.0 553.0 0.00630000000017 10793.7 
670.0 578.0 0.0182574 10781.7426 
634.0 685.0 0.22841504 10571.58496 
644.0 751.0 0.0882185600007 10711.78144 
651.0 749.0 0.0859094000008 10714.0906 
660.0 860.0 0.0306800000009 10769.32 
665.0 954.0 0.0231848800002 10776.81512 
666.0 933.0 0.1491606 10650.8394 
743.0 55.0 0.0656889999999 10734.311 
750.0 136.0 0.0125000000003 10787.5 
762.0 144.0 0.00872255999985 10791.27744 
734.0 257.0 0.0493039600002 10750.69604 
733.0 351.0 0.264697680002 10535.30232 
741.0 309.0 0.0822068800004 10717.79312 
762.0 439.0 0.0707555999997 10729.2444 
764.0 557.0 0.00870911999998 10791.29088 
764.0 541.0 0.0189600000005 10781.04 
738.0 644.0 0.0707555999997 10729.2444 
772.0 758.0 0.0329766400005 10767.02336 
750.0 770.0 0.0119400000003 10788.06 
734.0 874.0 0.239930240001 10560.06976 
756.0 950.0 0.106140800001 10693.8592 
748.0 946.0 0.0952952000005 10704.7048 
848.0 48.0 0.0707555999997 10729.2444 
854.0 153.0 0.06934912 10730.65088 
829.0 138.0 0.0914866000002 10708.5134 
859.0 222.0 0.00596000000017 10794.04 
859.0 344.0 0.0125400000003 10787.46 
828.0 367.0 0.0745430399999 10725.45696 
845.0 439.0 0.00624000000017 10793.76 
825.0 554.0 0.122516000001 10677.484 
845.0 558.0 0.0253278400004 10774.67216 
851.0 674.0 0.0127400000004 10787.26 
827.0 749.0 0.183221480001 10616.77852 
833.0 754.0 0.082302960001 10717.69704 
836.0 824.0 0.0987132800008 10701.28672 
852.0 946.0 0.00662000000018 10793.38 
847.0 969.0 0.0139549600002 10786.04504 
940.0 34.0 0.0707555999997 10729.2444 
986.0 154.0 0.0707555999997 10729.2444 
939.0 165.0 0.0443870399999 10755.61296 
942.0 220.0 0.00628000000017 10793.72 
963.0 371.0 0.0425050000001 10757.495 
925.0 352.0 0.1298936 10670.1064 
959.0 449.0 0.00650000000018 10793.5 
955.0 540.0 0.0306566399999 10769.34336 
945.0 581.0 0.00672000000018 10793.28 
988.0 666.0 0.0707555999997 10729.2444 
973.0 747.0 0.0241309600001 10775.86904 
934.0 738.0 0.00574000000016 10794.26 
944.0 832.0 0.0707555999997 10729.2444 
956.0 952.0 0.0109917600003 10789.00824 
968.0 939.0 0.00676000000018 10793.24 
