500.0 500.0
48.0 49.0 0.0926246000001 10707.3754 
38.0 161.0 0.0797714399998 10720.22856 
48.0 149.0 0.0926246000001 10707.3754 
48.0 252.0 0.0797714399998 10720.22856 
57.0 355.0 0.0282048000004 10771.7952 
59.0 371.0 0.257105600001 10542.8944 
42.0 438.0 0.0845894400005 10715.41056 
46.0 561.0 0.0423564000003 10757.6436 
55.0 531.0 0.0122000000003 10787.8 
52.0 638.0 0.0926246000001 10707.3754 
54.0 764.0 0.00618000000017 10793.82 
55.0 752.0 0.0797714399998 10720.22856 
59.0 841.0 0.0797714399998 10720.22856 
77.0 944.0 0.181885040001 10618.11496 
29.0 974.0 0.0590504000006 10740.9496 
145.0 52.0 0.0974552000001 10702.5448 
167.0 127.0 0.170946520001 10629.05348 
156.0 147.0 0.0128600000004 10787.14 
133.0 242.0 0.0797714399998 10720.22856 
142.0 355.0 0.0250400000007 10774.96 
130.0 353.0 0.0511718400009 10748.82816 
203.0 468.0 0.0444696800004 10755.53032 
151.0 540.0 0.0114393600002 10788.56064 
173.0 543.0 0.00576000000016 10794.24 
153.0 655.0 0.0797714399998 10720.22856 
169.0 755.0 0.221518000001 10578.482 
154.0 772.0 0.0492210400003 10750.77896 
176.0 848.0 0.0919480000003 10708.052 
152.0 971.0 0.0182600000005 10781.74 
138.0 963.0 0.0213176000002 10778.6824 
241.0 57.0 0.0797714399998 10720.22856 
238.0 137.0 0.0896824800015 10710.31752 
251.0 162.0 0.2938502 10506.1498 
265.0 229.0 0.0264600000007 10773.54 
246.0 367.0 0.00606000000017 10793.94 
246.0 339.0 0.0155620799998 10784.43792 
246.0 481.0 0.10605508 10693.94492 
264.0 554.0 0.10657688 10693.42312 
262.0 536.0 0.0187000000005 10781.3 
251.0 651.0 0.0797714399998 10720.22856 
286.0 764.0 0.36315624 10436.84376 
234.0 740.0 0.238860000002 10561.14 
256.0 852.0 0.0120800000003 10787.92 
266.0 931.0 0.10957568 10690.42432 
263.0 924.0 0.0915614400008 10708.43856 
342.0 48.0 0.0797714399998 10720.22856 
358.0 159.0 0.106366560001 10693.63344 
366.0 140.0 0.0797714399998 10720.22856 
361.0 249.0 0.041507200001 10758.4928 
339.0 350.0 0.00660743999999 10793.39256 
342.0 348.0 0.00644000000018 10793.56 
339.0 436.0 0.0797714399998 10720.22856 
358.0 565.0 0.0124600000003 10787.54 
341.0 554.0 0.0290372000009 10770.9628 
374.0 645.0 0.0641988000001 10735.8012 
353.0 746.0 0.037440000001 10762.56 
335.0 748.0 0.041507200001 10758.4928 
367.0 859.0 0.0120400000003 10787.96 
322.0 942.0 0.0369116800006 10763.08832 
338.0 926.0 0.158786400001 10641.2136 
425.0 33.0 0.0797714399998 10720.22856 
455.0 171.0 0.0823779199999 10717.62208 
462.0 140.0 0.0797714399998 10720.22856 
465.0 247.0 0.00646000000018 10793.54 
482.0 363.0 0.0185200000005 10781.48 
430.0 351.0 0.05526716 10744.73284 
425.0 415.0 0.00598000000017 10794.02 
464.0 540.0 0.0481945600004 10751.80544 
448.0 553.0 0.0809817200001 10719.01828 
442.0 656.0 0.00612000000017 10793.88 
446.0 738.0 0.0797714399998 10720.22856 
440.0 760.0 0.106366560001 10693.63344 
477.0 855.0 0.041507200001 10758.4928 
460.0 959.0 0.0797714399998 10720.22856 
467.0 942.0 0.0119200000003 10788.08 
553.0 34.0 0.0797714399998 10720.22856 
557.0 151.0 0.00606000000017 10793.94 
563.0 143.0 0.00727199999977 10792.728 
567.0 280.0 0.0672386800006 10732.76132 
531.0 331.0 0.101549080001 10698.45092 
561.0 380.0 0.036760000001 10763.24 
516.0 477.0 0.0211946000002 10778.8054 
547.0 537.0 0.0635690400001 10736.43096 
548.0 561.0 0.0856840000002 10714.316 
543.0 654.0 0.0305400000008 10769.46 
547.0 730.0 0.16079152 10639.20848 
570.0 740.0 0.0387350800007 10761.26492 
561.0 872.0 0.0797714399998 10720.22856 
551.0 968.0 0.0198118400006 10780.18816 
541.0 961.0 0.15715408 10642.84592 
645.0 69.0 0.0996976800008 10700.30232 
645.0 156.0 0.0297600000008 10770.24 
664.0 138.0 0.0947512000001 10705.2488 
668.0 278.0 0.130470480001 10669.52952 
653.0 339.0 0.106366560001 10693.63344 
616.0 347.0 0.24166216 10558.33784 
652.0 430.0 0.0797714399998 10720.22856 
671.0 545.0 0.00678767999978 10793.21232 
665.0 544.0 0.00632000000017 10793.68 
620.0 664.0 0.25075908 10549.24092 
634.0 733.0 0.164980480001 10635.01952 
657.0 771.0 0.0419960000005 10758.004 
656.0 846.0 0.0797714399998 10720.22856 
629.0 963.0 0.0232583199999 10776.74168 
664.0 950.0 0.0185600000005 10781.44 
753.0 78.0 0.0532428000003 10746.7572 
759.0 131.0 0.0565428000005 10743.4572 
736.0 148.0 0.250284000001 10549.716 
713.0 258.0 0.0478590000003 10752.141 
780.0 371.0 0.0415636800004 10758.43632 
768.0 363.0 0.1827688 10617.2312 
733.0 417.0 0.0184000000005 10781.6 
742.0 541.0 0.0204372000002 10779.5628 
734.0 542.0 0.0124400000003 10787.56 
753.0 663.0 0.0797714399998 10720.22856 
745.0 765.0 0.0238000000007 10776.2 
776.0 762.0 0.052373200001 10747.6268 
747.0 825.0 0.116540160001 10683.45984 
736.0 949.0 0.0773362000001 10722.6638 
741.0 952.0 0.0855145600004 10714.48544 
830.0 58.0 0.0797714399998 10720.22856 
845.0 160.0 0.00570000000016 10794.3 
840.0 151.0 0.0069084000002 10793.0916 
860.0 258.0 0.0797714399998 10720.22856 
843.0 357.0 0.0698260000006 10730.174 
841.0 353.0 0.00620000000017 10793.8 
842.0 446.0 0.0797714399998 10720.22856 
808.0 574.0 0.0882982000005 10711.7018 
851.0 548.0 0.0797714399998 10720.22856 
841.0 664.0 0.0184800000005 10781.52 
861.0 733.0 0.227510560001 10572.48944 
831.0 721.0 0.0898166400008 10710.18336 
813.0 842.0 0.0747890000003 10725.211 
846.0 967.0 0.0124792800003 10787.52072 
842.0 946.0 0.00652000000018 10793.48 
931.0 65.0 0.0797714399998 10720.22856 
973.0 153.0 0.0519172000002 10748.0828 
941.0 147.0 0.0551701600003 10744.82984 
948.0 204.0 0.0125600000003 10787.44 
954.0 351.0 0.00606000000017 10793.94 
960.0 366.0 0.0761741999997 10723.8258 
963.0 442.0 0.00606000000017 10793.94 
936.0 558.0 0.0127200000004 10787.28 
944.0 538.0 0.0123777600002 10787.62224 
951.0 620.0 0.0575694 10742.4306 
959.0 757.0 0.0369384000002 10763.0616 
930.0 732.0 0.156861440001 10643.13856 
956.0 842.0 0.0797714399998 10720.22856 
936.0 945.0 0.00620000000017 10793.8 
966.0 954.0 0.0183644000001 10781.6356 
