500.0 500.0
52.0 25.0 0.0908004 10709.1996 
55.0 146.0 0.1636 10636.4 
42.0 106.0 0.0410894000001 10758.9106 
51.0 222.0 0.0125000000003 10787.5 
35.0 346.0 0.00663731999979 10793.36268 
41.0 345.0 0.00618000000017 10793.82 
12.0 442.0 0.0908004 10709.1996 
49.0 532.0 0.00893200000008 10791.068 
61.0 541.0 0.00616000000017 10793.84 
32.0 643.0 0.0908004 10709.1996 
37.0 762.0 0.00817859999986 10791.8214 
49.0 763.0 0.00634000000017 10793.66 
45.0 847.0 0.0908004 10709.1996 
31.0 973.0 0.00994979999995 10790.0502 
24.0 957.0 0.00618000000017 10793.82 
145.0 12.0 0.0908004 10709.1996 
140.0 155.0 0.0172534000003 10782.7466 
169.0 163.0 0.00614000000017 10793.86 
144.0 267.0 0.0908004 10709.1996 
138.0 358.0 0.00626000000017 10793.74 
133.0 364.0 0.00702372000013 10792.97628 
155.0 456.0 0.00598000000017 10794.02 
166.0 554.0 0.00598000000017 10794.02 
152.0 518.0 0.0238243200002 10776.17568 
133.0 647.0 0.0908004 10709.1996 
138.0 765.0 0.0395104400003 10760.48956 
138.0 736.0 0.0124200000003 10787.58 
152.0 840.0 0.0908004 10709.1996 
125.0 949.0 0.0204075999998 10779.5924 
154.0 966.0 0.00626000000017 10793.74 
234.0 40.0 0.0908004 10709.1996 
265.0 144.0 0.0950582000007 10704.9418 
240.0 160.0 0.0719932400001 10728.00676 
248.0 227.0 0.00654000000018 10793.46 
219.0 354.0 0.0555468000006 10744.4532 
273.0 367.0 0.185464000001 10614.536 
227.0 439.0 0.0908004 10709.1996 
253.0 544.0 0.00606000000017 10793.94 
251.0 544.0 0.00610848000005 10793.89152 
255.0 662.0 0.355904320001 10444.09568 
239.0 738.0 0.275026080001 10524.97392 
265.0 777.0 0.0929559200003 10707.04408 
257.0 840.0 0.0701584400002 10729.84156 
260.0 944.0 0.0756769600001 10724.32304 
246.0 962.0 0.0908004 10709.1996 
337.0 37.0 0.0756769600001 10724.32304 
360.0 141.0 0.0124200000003 10787.58 
340.0 126.0 0.033845 10766.155 
345.0 251.0 0.0908004 10709.1996
350.0 356.0 0.106155600002 10693.8444 
383.0 370.0 0.328639600001 10471.3604 
349.0 435.0 0.0258000000007 10774.2 
339.0 587.0 0.0306200000009 10769.38 
368.0 534.0 0.0756769600001 10724.32304 
328.0 640.0 0.2343732 10565.6268 
347.0 743.0 0.00630000000017 10793.7 
347.0 763.0 0.01134 10788.66 
337.0 862.0 0.0756769600001 10724.32304 
365.0 949.0 0.00640000000018 10793.6 
349.0 948.0 0.00968960000018 10790.3104 
453.0 58.0 0.0756769600001 10724.32304 
442.0 159.0 0.00595583999988 10794.04416 
446.0 160.0 0.00576000000016 10794.24 
449.0 272.0 0.0756769600001 10724.32304 
443.0 341.0 0.0554380000009 10744.562 
462.0 364.0 0.1775336 10622.4664 
434.0 438.0 0.0126800000003 10787.32 
467.0 557.0 0.192080080001 10607.91992 
433.0 551.0 0.0665232000006 10733.4768 
475.0 644.0 0.00584000000016 10794.16 
482.0 752.0 0.0199392800001 10780.06072 
457.0 745.0 0.00586000000016 10794.14 
450.0 867.0 0.0756769600001 10724.32304 
453.0 958.0 0.0756769600001 10724.32304 
473.0 947.0 0.00648000000018 10793.52 
535.0 45.0 0.0756769600001 10724.32304 
576.0 140.0 0.0240317999998 10775.9682 
563.0 148.0 0.0123000000003 10787.7 
564.0 252.0 0.00614000000017 10793.86 
574.0 361.0 0.0355996000006 10764.4004 
560.0 367.0 0.0756769600001 10724.32304 
545.0 457.0 0.0537127200001 10746.28728 
522.0 547.0 0.0470318000003 10752.9682 
541.0 543.0 0.0611080000003 10738.892 
546.0 661.0 0.0680944000002 10731.9056 
585.0 748.0 0.0216569600001 10778.34304 
554.0 755.0 0.0699095200003 10730.09048 
560.0 859.0 0.0558259199999 10744.17408 
560.0 947.0 0.00648000000018 10793.52 
547.0 974.0 0.0868968 10713.1032 
669.0 74.0 0.0756769600001 10724.32304 
663.0 170.0 0.0249800000007 10775.02 
648.0 124.0 0.0835800000005 10716.42 
640.0 247.0 0.0773762799998 10722.62372 
655.0 334.0 0.0483876000006 10751.6124 
658.0 383.0 0.0916544400005 10708.34556 
653.0 437.0 0.0124200000003 10787.58 
631.0 538.0 0.00640000000018 10793.6 
666.0 553.0 0.0249599999998 10775.04 
655.0 647.0 0.0756769600001 10724.32304 
615.0 724.0 0.0178800000005 10782.12 
647.0 747.0 0.0255393199998 10774.46068 
621.0 834.0 0.00576000000016 10794.24 
641.0 965.0 0.0756769600001 10724.32304 
647.0 934.0 0.0355996000006 10764.4004 
751.0 50.0 0.0889083200003 10711.09168 
750.0 126.0 0.0628000000003 10737.2 
740.0 156.0 0.264065 10535.935 
737.0 250.0 0.0756769600001 10724.32304 
735.0 354.0 0.0842811199998 10715.71888 
770.0 327.0 0.0355996000006 10764.4004 
745.0 433.0 0.00616000000017 10793.84 
748.0 568.0 0.0176600000005 10782.34 
767.0 551.0 0.0135240000001 10786.476 
759.0 633.0 0.12011176 10679.88824 
752.0 734.0 0.0196600000005 10780.34 
772.0 747.0 0.0548130800005 10745.18692 
744.0 852.0 0.0756769600001 10724.32304 
778.0 946.0 0.0176200000005 10782.38 
762.0 964.0 0.0190336000002 10780.9664 
837.0 46.0 0.0756769600001 10724.32304 
860.0 153.0 0.0122000000003 10787.8 
847.0 136.0 0.0119941599999 10788.00584 
856.0 249.0 0.0756769600001 10724.32304 
843.0 365.0 0.1696916 10630.3084 
853.0 354.0 0.0195933200005 10780.40668 
860.0 439.0 0.224435360001 10575.56464 
854.0 509.0 0.159084640001 10640.91536 
815.0 540.0 0.0237600000007 10776.24 
820.0 644.0 0.0633629600004 10736.63704 
830.0 752.0 0.12540284 10674.59716 
858.0 722.0 0.0404731200002 10759.52688 
856.0 876.0 0.0756769600001 10724.32304 
839.0 990.0 0.0738869999999 10726.113 
811.0 943.0 0.0311473600004 10768.85264 
948.0 42.0 0.0756769600001 10724.32304 
941.0 179.0 0.00594000000017 10794.06 
934.0 135.0 0.0748440000001 10725.156 
960.0 266.0 0.0843020000002 10715.698 
954.0 361.0 0.0122000000003 10787.8 
969.0 339.0 0.0355996000006 10764.4004 
948.0 464.0 0.0756769600001 10724.32304 
968.0 566.0 0.0138726000001 10786.1274 
944.0 561.0 0.00630000000017 10793.7 
946.0 670.0 0.0129200000004 10787.08 
958.0 742.0 0.0860201600004 10713.97984 
948.0 742.0 0.0757985600004 10724.20144 
935.0 864.0 0.0126800000003 10787.32 
958.0 966.0 0.0372082400004 10762.79176 
943.0 932.0 0.13808768 10661.91232 
