500.0 500.0
58.0 71.0 0.079119 10720.881 
45.0 171.0 0.184674400001 10615.3256 
25.0 173.0 0.0246320000002 10775.368 
7.0 256.0 0.079119 10720.881 
104.0 218.0 0.18827856 10611.72144 
52.0 355.0 0.0294105599998 10770.58944 
69.0 313.0 0.00576000000016 10794.24 
9.0 463.0 0.079119 10720.881 
25.0 542.0 0.010152 10789.848 
45.0 542.0 0.00564000000016 10794.36 
36.0 650.0 0.00624000000017 10793.76 
30.0 632.0 0.0107328000002 10789.2672 
63.0 754.0 0.079119 10720.881 
46.0 766.0 0.00590000000017 10794.1 
35.0 844.0 0.079119 10720.881 
35.0 966.0 0.079119 10720.881 
76.0 930.0 0.0891924000005 10710.8076 
133.0 41.0 0.0400800000002 10759.92 
171.0 57.0 0.14001048 10659.98952 
141.0 144.0 0.00622000000017 10793.78 
129.0 133.0 0.00951659999992 10790.4834 
136.0 268.0 0.22202832 10577.97168 
165.0 350.0 0.482840000001 10317.16 
158.0 318.0 0.159154320002 10640.84568 
175.0 430.0 0.0854489999998 10714.551 
162.0 437.0 0.079119 10720.881 
149.0 541.0 0.00642000000018 10793.58 
134.0 547.0 0.00977124000005 10790.22876 
139.0 658.0 0.079119 10720.881 
165.0 765.0 0.0398757999999 10760.1242 
156.0 737.0 0.0124600000003 10787.54 
133.0 829.0 0.0783264000003 10721.6736 
158.0 832.0 0.00586000000016 10794.14 
150.0 945.0 0.0383686 10761.6314 
159.0 962.0 0.0378184000001 10762.1816 
241.0 54.0 0.0123600000003 10787.64 
222.0 138.0 0.0114192 10788.5808 
228.0 158.0 0.00610000000017 10793.9 
237.0 273.0 0.196253560002 10603.74644 
236.0 240.0 0.0316036000001 10768.3964 
245.0 346.0 0.0558400000015 10744.16 
235.0 340.0 0.104779360001 10695.22064 
252.0 442.0 0.00650000000018 10793.5 
242.0 545.0 0.0184400000005 10781.56 
234.0 567.0 0.0251694400003 10774.83056 
223.0 630.0 0.0390826800005 10760.91732 
263.0 621.0 0.1775182 10622.4818 
248.0 733.0 0.00598000000017 10794.02 
262.0 787.0 0.0431995200002 10756.80048 
231.0 869.0 0.0134600000004 10786.54 
261.0 930.0 0.144557320001 10655.44268 
237.0 981.0 0.0627318000006 10737.2682 
350.0 45.0 0.00626000000017 10793.74 
345.0 21.0 0.0137845200001 10786.21548 
332.0 130.0 0.0412651200003 10758.73488 
371.0 149.0 0.177388000001 10622.612 
349.0 225.0 0.079119 10720.881 
365.0 360.0 0.00602000000017 10793.98 
334.0 330.0 0.0284264400002 10771.57356 
371.0 461.0 0.191762800001 10608.2372 
346.0 440.0 0.0317093600003 10768.29064 
341.0 562.0 0.00600000000017 10794.0 
329.0 539.0 0.0773399999998 10722.66 
354.0 673.0 0.0121200000003 10787.88 
385.0 720.0 0.0951208000005 10704.8792 
321.0 714.0 0.0691862400003 10730.81376 
352.0 863.0 0.00804908000007 10791.95092 
365.0 865.0 0.00598000000017 10794.02 
341.0 948.0 0.00630000000017 10793.7 
359.0 981.0 0.0241038000002 10775.8962 
460.0 71.0 0.102212 10697.788 
445.0 147.0 0.115506800002 10684.4932 
474.0 153.0 0.307708800003 10492.2912 
456.0 250.0 0.00673620000008 10793.2638 
450.0 253.0 0.00618000000017 10793.82 
459.0 352.0 0.00590000000017 10794.1 
432.0 348.0 0.0146910000002 10785.309 
448.0 460.0 0.194186880001 10605.81312 
431.0 517.0 0.0621599999999 10737.84 
406.0 535.0 0.0181200000005 10781.88 
438.0 640.0 0.0296049600006 10770.39504 
432.0 609.0 0.16708448 10632.91552 
461.0 734.0 0.0121200000003 10787.88 
455.0 779.0 0.079119 10720.881 
449.0 845.0 0.00610000000017 10793.9 
447.0 965.0 0.079119 10720.881 
450.0 944.0 0.079119 10720.881 
581.0 37.0 0.0580054000003 10741.9946 
547.0 80.0 0.162967200001 10637.0328 
560.0 151.0 0.134650880002 10665.34912 
528.0 171.0 0.543827920001 10256.17208 
541.0 233.0 0.0549200000015 10745.08 
555.0 343.0 0.01130808 10788.69192 
565.0 360.0 0.00636000000018 10793.64 
566.0 480.0 0.0753694400002 10724.63056 
578.0 453.0 0.00610000000017 10793.9 
549.0 553.0 0.0726276000001 10727.3724 
538.0 563.0 0.0787611600001 10721.23884 
508.0 647.0 0.00584000000016 10794.16 
558.0 734.0 0.318313799999 10481.6862 
548.0 768.0 0.0305200000008 10769.48 
527.0 848.0 0.0315876000006 10768.4124 
550.0 825.0 0.118465480001 10681.53452 
533.0 968.0 0.079119 10720.881 
552.0 958.0 0.079119 10720.881 
620.0 0.0 0.079119 10720.881 
670.0 133.0 0.0134099999999 10786.59 
655.0 153.0 0.00596000000017 10794.04 
651.0 251.0 0.00634000000017 10793.66 
651.0 236.0 0.00919300000009 10790.807 
672.0 373.0 0.0122290800003 10787.77092 
650.0 368.0 0.00606000000017 10793.94 
655.0 454.0 0.078446 10721.554 
647.0 530.0 0.079119 10720.881 
642.0 564.0 0.079119 10720.881 
630.0 632.0 0.079119 10720.881 
604.0 673.0 0.0237000000007 10776.3 
611.0 776.0 0.230259240001 10569.74076 
683.0 753.0 0.17257496 10627.42504 
645.0 864.0 0.036720000001 10763.28 
661.0 923.0 0.231636360001 10568.36364 
694.0 947.0 0.117958000001 10682.042 
756.0 22.0 0.0401356799997 10759.86432 
734.0 72.0 0.00576000000016 10794.24 
776.0 186.0 0.13896 10661.04 
732.0 121.0 0.10533468 10694.66532 
736.0 241.0 0.0128800000004 10787.12 
770.0 348.0 0.0185260400003 10781.47396 
738.0 343.0 0.00598000000017 10794.02 
746.0 468.0 0.0156156000001 10784.3844 
742.0 451.0 0.00596000000017 10794.04 
768.0 537.0 0.0423809999999 10757.619 
725.0 563.0 0.0497000000014 10750.3 
746.0 633.0 0.547869760002 10252.13024 
750.0 767.0 0.0930074000006 10706.9926 
761.0 742.0 0.0186200000005 10781.38 
739.0 866.0 0.0211848000004 10778.8152 
721.0 868.0 0.15152272 10648.47728 
790.0 978.0 0.0497376800002 10750.26232 
746.0 967.0 0.113234240001 10686.76576 
886.0 24.0 0.0123606000001 10787.6394 
841.0 142.0 0.00604000000017 10793.96 
863.0 161.0 0.0553505599998 10744.64944 
882.0 222.0 0.0188400000005 10781.16 
857.0 264.0 0.13888236 10661.11764 
864.0 341.0 0.0212646800006 10778.73532 
857.0 331.0 0.0192800000005 10780.72 
869.0 474.0 0.0116200000003 10788.38 
864.0 555.0 0.00853127999987 10791.46872 
850.0 554.0 0.00612000000017 10793.88 
813.0 653.0 0.479672800003 10320.3272 
851.0 662.0 0.0924660000011 10707.534 
797.0 728.0 0.293848440002 10506.15156 
830.0 795.0 0.1780256 10621.9744 
831.0 851.0 0.05798976 10742.01024 
840.0 983.0 0.0372772800002 10762.72272 
838.0 938.0 0.0122800000003 10787.72 
902.0 39.0 0.00630000000017 10793.7 
160.0 924.0 0.0188600000005 10781.14 
940.0 183.0 0.0700049999997 10729.995 
956.0 140.0 0.079119 10720.881
935.0 274.0 0.0968384000003 10703.1616 
947.0 329.0 0.0121400000003 10787.86 
968.0 360.0 0.0222153600002 10777.78464 
958.0 463.0 0.0223480000003 10777.652 
942.0 451.0 0.15371992 10646.28008 
973.0 547.0 0.0275632000001 10772.4368 
935.0 533.0 0.00644000000018 10793.56 
916.0 649.0 0.0686946400005 10731.30536 
951.0 729.0 0.00632000000017 10793.68 
954.0 731.0 0.00648431999999 10793.51568 
953.0 859.0 0.0184000000005 10781.6 
943.0 880.0 0.0380686 10761.9314 
959.0 922.0 0.0736210000007 10726.379 
966.0 943.0 0.0819745600002 10718.02544 
