500.0 500.0
52.0 61.0 0.0 10800.0 
48.0 159.0 0.0592680000005 10740.732 
88.0 146.0 0.0856968000006 10714.3032 
28.0 209.0 0.042487200001 10757.5128 
60.0 205.0 0.257422600001 10542.5774 
28.0 368.0 0.0781871999998 10721.8128 
172.0 363.0 0.0114600000003 10788.54 
53.0 472.0 0.0800234399998 10719.97656 
77.0 310.0 0.00624000000017 10793.76 
27.0 558.0 0.0800234399998 10719.97656 
74.0 639.0 0.0800234399998 10719.97656 
23.0 663.0 0.00644000000018 10793.56 
46.0 735.0 0.0800234399998 10719.97656 
62.0 762.0 0.00644000000018 10793.56 
81.0 843.0 0.119407120001 10680.59288 
42.0 994.0 0.0253552000002 10774.6448 
78.0 976.0 0.00598000000017 10794.02 
147.0 69.0 0.180171200001 10619.8288 
130.0 49.0 0.0256799600006 10774.32004 
155.0 145.0 0.383974200001 10416.0258 
136.0 153.0 0.00616000000017 10793.84 
132.0 238.0 0.0181000000005 10781.9 
160.0 355.0 0.0560276400005 10743.97236 
162.0 317.0 0.0592610400003 10740.73896 
151.0 476.0 0.00676000000018 10793.24 
145.0 442.0 0.02287584 10777.12416 
183.0 557.0 0.00596000000017 10794.04 
162.0 570.0 0.0132312000003 10786.7688 
148.0 672.0 0.0427800000012 10757.22 
153.0 748.0 0.614930840002 10185.06916 
144.0 759.0 0.125050640002 10674.94936 
139.0 875.0 0.127694560002 10672.30544 
152.0 837.0 0.471016800002 10328.9832 
148.0 953.0 0.187299400001 10612.7006 
140.0 958.0 0.0196956400003 10780.30436 
238.0 59.0 0.0921824800012 10707.81752 
253.0 146.0 0.620388000001 10179.612 
231.0 122.0 0.186340800004 10613.6592 
243.0 244.0 0.00610000000017 10793.9 
245.0 221.0 0.0126026000001 10787.3974 
245.0 335.0 0.0177600000005 10782.24 
212.0 340.0 0.0687892800007 10731.21072 
241.0 451.0 0.0800234399998 10719.97656 
283.0 569.0 0.00582000000016 10794.18 
266.0 558.0 0.0105924000003 10789.4076 
218.0 634.0 0.051776 10748.224 
270.0 663.0 0.00640000000018 10793.6 
237.0 743.0 0.0487400000014 10751.26 
228.0 740.0 0.100293200003 10699.7068 
254.0 868.0 0.00574000000016 10794.26 
253.0 936.0 0.0800234399998 10719.97656 
236.0 961.0 0.00574000000016 10794.26 
347.0 86.0 0.191895600002 10608.1044 
335.0 18.0 0.07783392 10722.16608 
328.0 151.0 0.260988000004 10539.012 
339.0 174.0 0.923001440004 9876.99856 
367.0 242.0 0.955768680005 9844.23131999 
335.0 342.0 0.0210715600005 10778.92844 
345.0 353.0 0.188738400001 10611.2616 
347.0 432.0 0.186774960001 10613.22504 
350.0 435.0 0.0680308000005 10731.9692 
386.0 549.0 0.197447320001 10602.55268 
359.0 533.0 0.0318656000003 10768.1344 
374.0 651.0 0.0546614400001 10745.33856 
369.0 734.0 0.00676000000018 10793.24 
362.0 742.0 0.00828776000034 10791.71224 
334.0 843.0 0.0314021600004 10768.59784 
358.0 828.0 0.195078280001 10604.92172 
339.0 950.0 0.00630000000017 10793.7 
356.0 962.0 0.0117557999998 10788.2442 
421.0 36.0 0.0800234399998 10719.97656 
435.0 141.0 0.03051096 10769.48904 
469.0 142.0 0.166947480001 10633.05252 
478.0 216.0 0.227404800004 10572.5952 
437.0 249.0 0.831694560003 9968.30544 
457.0 303.0 0.0970800000027 10702.92 
438.0 351.0 0.0800234399998 10719.97656 
402.0 464.0 0.0246400000007 10775.36 
450.0 532.0 0.0789041600006 10721.09584 
464.0 546.0 0.177239360001 10622.76064 
438.0 661.0 0.00582000000016 10794.18 
472.0 648.0 0.0800234399998 10719.97656 
468.0 753.0 0.0253000000007 10774.7 
472.0 788.0 0.1075346 10692.4654 
435.0 836.0 0.200526240001 10599.47376 
451.0 959.0 0.0126071999999 10787.3928 
474.0 960.0 0.00612000000017 10793.88 
541.0 49.0 0.0800234399998 10719.97656 
537.0 70.0 0.0661856 10733.8144 
522.0 117.0 0.0236536 10776.3464 
546.0 134.0 0.0127200000004 10787.28 
543.0 282.0 0.0800234399998 10719.97656 
538.0 365.0 0.00620000000017 10793.8 
523.0 361.0 0.00918840000013 10790.8116 
540.0 463.0 0.04662336 10753.37664 
534.0 464.0 0.03932064 10760.67936 
560.0 573.0 0.0319112000006 10768.0888 
529.0 570.0 0.185638520001 10614.36148 
557.0 650.0 0.0800234399998 10719.97656 
550.0 740.0 0.00656000000018 10793.44 
562.0 751.0 0.0100367999999 10789.9632 
550.0 877.0 0.0350646000002 10764.9354 
552.0 856.0 0.0182000000005 10781.8 
546.0 921.0 0.0759033200007 10724.09668 
580.0 944.0 0.0953346800004 10704.66532 
647.0 54.0 0.0794294400002 10720.57056 
675.0 119.0 0.105280000001 10694.72 
648.0 158.0 0.277666240002 10522.33376 
652.0 222.0 0.11278192 10687.21808 
640.0 250.0 0.0308200000009 10769.18 
627.0 347.0 0.0104247200002 10789.57528 
640.0 360.0 0.00622000000017 10793.78 
651.0 452.0 0.0130000000004 10787.0 
620.0 547.0 0.00652000000018 10793.48 
667.0 557.0 0.0366293599998 10763.37064 
654.0 668.0 0.091614240002 10708.38576 
640.0 647.0 0.0297600000008 10770.24 
659.0 733.0 0.275270000002 10524.73 
659.0 758.0 0.0766400000008 10723.36 
640.0 873.0 0.0117000000003 10788.3 
638.0 943.0 0.0742540800003 10725.74592 
637.0 942.0 0.0683676000004 10731.6324 
765.0 54.0 0.00932255999994 10790.67744 
756.0 65.0 0.00664000000018 10793.36 
709.0 152.0 0.0884542800011 10711.54572 
716.0 149.0 0.0124400000003 10787.56 
732.0 248.0 0.0919224000003 10708.0776 
753.0 319.0 0.0955574400007 10704.44256 
757.0 373.0 0.0129600000004 10787.04 
753.0 454.0 0.0363623200002 10763.63768 
716.0 451.0 0.129096 10670.904 
751.0 550.0 0.00636000000018 10793.64 
760.0 563.0 0.00954000000026 10790.46 
740.0 655.0 0.0800234399998 10719.97656 
739.0 766.0 0.0120200000003 10787.98 
729.0 782.0 0.167963040001 10632.03696 
761.0 851.0 0.0902054000001 10709.7946 
724.0 875.0 0.00622000000017 10793.78 
748.0 954.0 0.0122200000003 10787.78 
769.0 945.0 0.0308776800004 10769.12232 
874.0 45.0 0.0123200000003 10787.68 
833.0 160.0 0.0895176000005 10710.4824 
860.0 143.0 0.0824765999998 10717.5234 
819.0 211.0 0.0185000000005 10781.5 
849.0 236.0 0.0562820000001 10743.718 
844.0 325.0 0.0326975999998 10767.3024 
842.0 371.0 0.00624000000017 10793.76 
852.0 463.0 0.0800234399998 10719.97656 
857.0 561.0 0.0198576400005 10780.14236 
854.0 549.0 0.0180400000005 10781.96 
834.0 683.0 0.0186400000005 10781.36 
861.0 657.0 0.0219455999999 10778.0544 
849.0 793.0 0.0763876000005 10723.6124 
816.0 732.0 0.0890560000006 10710.944 
870.0 880.0 0.0307600000009 10769.24 
843.0 961.0 0.103977600001 10696.0224 
864.0 939.0 0.164379480002 10635.62052 
949.0 43.0 0.0239288800005 10776.07112 
930.0 33.0 0.0991792000003 10700.8208 
941.0 139.0 0.0665904000001 10733.4096 
966.0 147.0 0.0514296000001 10748.5704 
963.0 203.0 0.0121800000003 10787.82 
932.0 338.0 0.00624000000017 10793.76 
976.0 335.0 0.00624000000017 10793.76 
954.0 456.0 0.0790204799999 10720.97952 
954.0 471.0 0.00616000000017 10793.84 
937.0 531.0 0.00616000000017 10793.84 
924.0 584.0 0.172265 10627.735 
961.0 654.0 0.0933280000002 10706.672 
943.0 737.0 0.00574000000016 10794.26 
950.0 741.0 0.0064862 10793.5138 
967.0 857.0 0.0355291200005 10764.47088 
935.0 839.0 0.166882480001 10633.11752 
965.0 969.0 0.0333024400002 10766.69756 
935.0 950.0 0.1612604 10638.7396 
