500.0 500.0
52.0 54.0 0.0168467999999 10783.1532 
32.0 162.0 0.0168467999999 10783.1532 
55.0 143.0 0.00606000000017 10793.94 
49.0 251.0 0.0836962000001 10716.3038 
69.0 245.0 0.00626000000017 10793.74 
51.0 367.0 0.0168467999999 10783.1532 
65.0 328.0 0.00626000000017 10793.74 
38.0 447.0 0.00650000000018 10793.5 
43.0 553.0 0.00650000000018 10793.5 
13.0 508.0 0.0445250000001 10755.475 
43.0 669.0 0.00622000000017 10793.78 
46.0 636.0 0.0168467999999 10783.1532 
38.0 752.0 0.00622000000017 10793.78 
33.0 743.0 0.0755854399999 10724.41456 
63.0 832.0 0.118368 10681.632 
61.0 931.0 0.0164795999999 10783.5204 
10.0 943.0 0.118368 10681.632 
172.0 46.0 0.118368 10681.632 
140.0 48.0 0.0298425600003 10770.15744 
149.0 191.0 0.0488922400003 10751.10776 
161.0 171.0 0.106291280001 10693.70872 
169.0 242.0 0.0121600000003 10787.84 
155.0 340.0 0.00646000000018 10793.54 
122.0 325.0 0.0234368800002 10776.56312 
135.0 447.0 0.0169579999999 10783.042 
158.0 428.0 0.00610000000017 10793.9 
148.0 532.0 0.0401876000002 10759.8124 
185.0 553.0 0.136823200001 10663.1768 
146.0 626.0 0.118368 10681.632 
153.0 741.0 0.0191200000005 10780.88 
135.0 761.0 0.0592257600005 10740.77424 
148.0 863.0 0.0376405200003 10762.35948 
168.0 830.0 0.183194000001 10616.806 
135.0 977.0 0.0526920000002 10747.308 
172.0 941.0 0.184363400001 10615.6366 
236.0 44.0 0.0122400000003 10787.76 
240.0 171.0 0.221039400001 10578.9606 
230.0 159.0 0.0281739200003 10771.82608 
274.0 228.0 0.0917108000016 10708.2892 
277.0 259.0 0.0248200000007 10775.18 
256.0 375.0 0.14371812 10656.28188 
227.0 338.0 0.0473764000002 10752.6236 
270.0 444.0 0.0125800000003 10787.42 
244.0 551.0 0.146737960002 10653.26204 
273.0 545.0 0.501388320003 10298.61168 
229.0 660.0 0.0347728000003 10765.2272 
248.0 629.0 0.197716000001 10602.284 
232.0 760.0 0.0349232800006 10765.07672 
248.0 741.0 0.0129200000004 10787.08 
265.0 832.0 0.0950087600006 10704.99124 
261.0 944.0 0.0180400000005 10781.96 
243.0 973.0 0.0722532000002 10727.7468 
361.0 46.0 0.0996202400006 10700.37976 
359.0 39.0 0.0950806000004 10704.9194 
382.0 130.0 0.0572591999999 10742.7408 
362.0 154.0 0.00604000000017 10793.96 
354.0 237.0 0.118368 10681.632 
372.0 356.0 0.127323000001 10672.677 
360.0 322.0 0.0524800000009 10747.52 
353.0 414.0 0.0184200000005 10781.58 
337.0 441.0 0.0186515999999 10781.3484 
377.0 561.0 0.0431800000012 10756.82 
343.0 563.0 0.1865576 10613.4424 
363.0 637.0 0.114212240001 10685.78776 
370.0 734.0 0.1849024 10615.0976 
372.0 758.0 0.0515968000007 10748.4032 
350.0 842.0 0.118368 10681.632 
365.0 836.0 0.0931372800005 10706.86272 
361.0 967.0 0.0164795999999 10783.5204 
354.0 969.0 0.118368 10681.632 
426.0 75.0 0.213797360001 10586.20264 
446.0 142.0 0.036200000001 10763.8 
453.0 110.0 0.0432506000008 10756.7494 
444.0 255.0 0.110972000001 10689.028 
465.0 227.0 0.0343060000002 10765.694 
430.0 307.0 0.26255632 10537.44368 
458.0 377.0 0.0187400000005 10781.26 
439.0 455.0 0.0829608800003 10717.03912 
454.0 513.0 0.0476082000003 10752.3918 
462.0 538.0 0.0509816000001 10749.0184 
434.0 638.0 0.0119400000003 10788.06 
430.0 660.0 0.0180200000005 10781.98 
460.0 769.0 0.0237552000001 10776.2448 
434.0 741.0 0.0432600000012 10756.74 
451.0 843.0 0.118368 10681.632 
448.0 972.0 0.01852576 10781.47424 
444.0 938.0 0.00554000000016 10794.46 
574.0 43.0 0.00648000000018 10793.52 
558.0 22.0 0.01551312 10784.48688 
524.0 132.0 0.0196432 10780.3568 
532.0 156.0 0.00594000000017 10794.06 
564.0 235.0 0.00620000000017 10793.8 
540.0 374.0 0.363021480001 10436.97852 
570.0 320.0 0.195401440002 10604.59856 
548.0 451.0 0.348945999999 10451.054 
547.0 463.0 0.0813303200006 10718.66968 
533.0 534.0 0.0642384000008 10735.7616 
561.0 549.0 0.433262480002 10366.73752 
542.0 648.0 0.118368 10681.632 
550.0 741.0 0.0186400000005 10781.36 
512.0 758.0 0.0953862399997 10704.61376 
551.0 862.0 0.0491432000003 10750.8568 
528.0 818.0 0.130643680001 10669.35632 
548.0 938.0 0.00602000000017 10793.98 
554.0 965.0 0.0152306000001 10784.7694 
671.0 55.0 0.0164795999999 10783.5204 
639.0 144.0 0.118368 10681.632 
623.0 174.0 0.0164795999999 10783.5204 
619.0 245.0 0.0512700000002 10748.73 
656.0 262.0 0.0939566400006 10706.04336 
660.0 370.0 0.0736684800005 10726.33152 
632.0 332.0 0.140266720001 10659.73328 
660.0 439.0 0.0241800000007 10775.82 
657.0 575.0 0.0432436800006 10756.75632 
639.0 558.0 0.371372600002 10428.6274 
665.0 627.0 0.111696120001 10688.30388 
649.0 630.0 0.100470720001 10699.52928 
665.0 742.0 0.0240200000007 10775.98 
676.0 739.0 0.0123400000003 10787.66 
666.0 819.0 0.2446688 10555.3312 
650.0 965.0 0.0140569599998 10785.94304 
666.0 945.0 0.0235400000007 10776.46 
806.0 59.0 0.0324883600001 10767.51164 
765.0 49.0 0.0119000000003 10788.1 
758.0 171.0 0.0125400000003 10787.46 
740.0 155.0 0.014256 10785.744 
743.0 278.0 0.0707942000002 10729.2058 
734.0 350.0 0.00614000000017 10793.86 
752.0 335.0 0.00614000000017 10793.86 
737.0 444.0 0.24879272 10551.20728 
777.0 440.0 0.0756179200003 10724.38208 
754.0 548.0 0.121486720001 10678.51328 
734.0 524.0 0.0323600000009 10767.64 
754.0 645.0 0.00640000000018 10793.6 
743.0 743.0 0.0846298000002 10715.3702 
739.0 714.0 0.0761608000004 10723.8392 
738.0 847.0 0.181341760001 10618.65824 
742.0 875.0 0.0276560000002 10772.344 
737.0 963.0 0.2168058 10583.1942 
807.0 961.0 0.153316000001 10646.684 
830.0 61.0 0.0653765600002 10734.62344 
816.0 181.0 0.0680011200001 10731.99888 
865.0 148.0 0.118368 10681.632 
875.0 247.0 0.0625316799995 10737.46832 
834.0 251.0 0.0186600000005 10781.34 
838.0 333.0 0.00594000000017 10794.06 
846.0 344.0 0.00813780000024 10791.8622 
841.0 447.0 0.0700296000001 10729.9704 
824.0 555.0 0.334672080002 10465.32792 
863.0 538.0 0.0688176000009 10731.1824 
855.0 639.0 0.0115365600001 10788.46344 
840.0 655.0 0.00588000000016 10794.12 
857.0 744.0 0.00616000000017 10793.84 
859.0 765.0 0.0116423999999 10788.3576 
847.0 850.0 0.118368 10681.632 
854.0 942.0 0.0185200000005 10781.48 
878.0 945.0 0.0957790400004 10704.22096 
956.0 57.0 0.0115520000002 10788.448 
935.0 54.0 0.00608000000017 10793.92 
947.0 171.0 0.00620000000017 10793.8 
957.0 144.0 0.0164795999999 10783.5204 
936.0 274.0 0.0846560000006 10715.344 
953.0 341.0 0.0128400000004 10787.16 
953.0 308.0 0.0263436000003 10773.6564 
966.0 426.0 0.0263379600003 10773.66204 
925.0 432.0 0.00594000000017 10794.06 
953.0 551.0 0.0549564800005 10745.04352 
901.0 551.0 0.205538800001 10594.4612 
948.0 639.0 0.0164795999999 10783.5204 
953.0 740.0 0.00813780000024 10791.8622 
942.0 732.0 0.00594000000017 10794.06 
941.0 837.0 0.00620000000017 10793.8 
951.0 829.0 0.00823360000013 10791.7664 
928.0 927.0 0.0885282800005 10711.47172 
927.0 955.0 0.0869151200004 10713.08488 
