500.0 500.0
54.0 77.0 0.0 10800.0 
56.0 180.0 0.0736486799999 10726.35132 
162.0 47.0 0.0299997600002 10770.00024 
65.0 315.0 0.0842666000008 10715.7334 
51.0 264.0 0.0566041600007 10743.39584 
57.0 372.0 0.0417308800008 10758.26912 
79.0 352.0 0.324660960002 10475.33904 
54.0 447.0 0.0736486799999 10726.35132 
32.0 537.0 0.00908480000019 10790.9152 
38.0 549.0 0.00668000000018 10793.32 
48.0 665.0 0.0528950000004 10747.105 
98.0 640.0 0.0502061599999 10749.79384 
38.0 751.0 0.00596000000017 10794.04 
35.0 757.0 0.00649640000008 10793.5036 
23.0 870.0 0.0736486799999 10726.35132 
149.0 75.0 0.0186400000005 10781.36 
42.0 970.0 0.0736486799999 10726.35132 
141.0 71.0 0.0848684000005 10715.1316 
142.0 64.0 0.0651534400006 10734.84656 
127.0 122.0 0.0126800000003 10787.32 
120.0 141.0 0.0122200000003 10787.78 
173.0 271.0 0.0852554800001 10714.74452 
149.0 346.0 0.320685640001 10479.31436 
143.0 334.0 0.137891960002 10662.10804 
147.0 445.0 0.0234646400002 10776.53536 
163.0 434.0 0.150534640001 10649.46536 
126.0 563.0 0.0103201199999 10789.67988 
134.0 548.0 0.00654000000018 10793.46 
131.0 657.0 0.0118600000003 10788.14 
154.0 739.0 0.0123216000003 10787.6784 
168.0 757.0 0.00604000000017 10793.96 
157.0 834.0 0.0185800000005 10781.42 
150.0 866.0 0.0707926800006 10729.20732 
110.0 951.0 0.0293597200004 10770.64028 
139.0 945.0 0.194114160001 10605.88584 
288.0 39.0 0.0599657600007 10740.03424 
254.0 144.0 0.00624000000017 10793.76 
222.0 163.0 0.0818878400001 10718.11216 
244.0 231.0 0.103820000001 10696.18 
227.0 251.0 0.0325145600002 10767.48544 
244.0 291.0 0.0235600000007 10776.44 
214.0 344.0 0.037360000001 10762.64 
232.0 455.0 0.0126600000003 10787.34 
243.0 575.0 0.0754248800012 10724.57512 
239.0 550.0 0.0248400000007 10775.16 
224.0 638.0 0.0648690000007 10735.131 
256.0 649.0 0.267254600001 10532.7454 
252.0 702.0 0.0865432000007 10713.4568 
241.0 746.0 0.118006080001 10681.99392 
265.0 805.0 0.102509640001 10697.49036 
247.0 959.0 0.00564000000016 10794.36 
248.0 971.0 0.00727559999988 10792.7244 
367.0 31.0 0.0615682000005 10738.4318 
329.0 68.0 0.198683680002 10601.31632 
351.0 128.0 0.102888880002 10697.11112 
365.0 149.0 0.388044560001 10411.95544 
357.0 283.0 0.00566000000016 10794.34 
345.0 330.0 0.0736486799999 10726.35132 
319.0 333.0 0.00566000000016 10794.34 
363.0 474.0 0.00640000000018 10793.6 
347.0 432.0 0.0322560000001 10767.744 
344.0 549.0 0.0736486799999 10726.35132 
341.0 571.0 0.00608000000017 10793.92 
347.0 643.0 0.0695552000003 10730.4448 
362.0 761.0 0.391104000001 10408.896 
320.0 751.0 0.124942560001 10675.05744 
385.0 810.0 0.146488240002 10653.51176 
332.0 869.0 0.0119200000003 10788.08 
356.0 952.0 0.0189040000001 10781.096 
350.0 944.0 0.159564160001 10640.43584 
465.0 21.0 0.0736486799999 10726.35132 
430.0 175.0 0.54092104 10259.07896 
449.0 168.0 0.128465400001 10671.5346 
459.0 237.0 0.0715375200019 10728.46248 
472.0 242.0 0.0690000000019 10731.0 
423.0 361.0 0.00686000000019 10793.14 
474.0 339.0 0.0814556399999 10718.54436 
455.0 452.0 0.0623906800002 10737.60932 
469.0 542.0 0.0414090000002 10758.591 
432.0 568.0 0.00566000000016 10794.34 
467.0 641.0 0.0736486799999 10726.35132 
448.0 665.0 0.00566000000016 10794.34 
485.0 763.0 0.562836000004 10237.164 
440.0 757.0 0.278590120003 10521.40988 
456.0 827.0 0.156726680002 10643.27332 
440.0 948.0 0.0104279999999 10789.572 
434.0 931.0 0.00632000000017 10793.68 
571.0 47.0 0.00632000000017 10793.68 
546.0 31.0 0.0174558399999 10782.54416 
566.0 176.0 0.158213320001 10641.78668 
551.0 153.0 0.0266057600004 10773.39424 
521.0 230.0 0.134997200001 10665.0028 
566.0 343.0 0.0443000000012 10755.7 
543.0 365.0 0.00686000000019 10793.14 
563.0 449.0 0.00641279999982 10793.5872 
562.0 449.0 0.00640000000018 10793.6 
539.0 539.0 0.0538939200005 10746.10608 
554.0 557.0 0.175119200001 10624.8808 
563.0 653.0 0.0621400000017 10737.86 
542.0 749.0 0.0554200000015 10744.58 
549.0 755.0 0.114641400001 10685.3586 
593.0 862.0 0.0408576799999 10759.14232 
541.0 855.0 0.00628000000017 10793.72 
541.0 974.0 0.0123314400001 10787.66856 
564.0 971.0 0.00594000000017 10794.06 
669.0 37.0 0.0736486799999 10726.35132 
662.0 163.0 0.00750479999992 10792.4952 
652.0 169.0 0.00590000000017 10794.1 
658.0 276.0 0.457824680003 10342.17532 
687.0 241.0 0.184578800001 10615.4212 
629.0 344.0 0.434402 10365.598 
664.0 351.0 0.21234128 10587.65872 
662.0 470.0 0.037800000001 10762.2 
629.0 567.0 0.0879360000003 10712.064 
674.0 520.0 0.135807520001 10664.19248 
674.0 646.0 0.0736486799999 10726.35132 
640.0 667.0 0.879355 9920.645 
654.0 742.0 0.145577200001 10654.4228 
670.0 721.0 0.532040800005 10267.9592 
657.0 835.0 0.0252000000007 10774.8 
652.0 937.0 0.00636000000018 10793.64 
658.0 952.0 0.0227999200004 10777.20008 
764.0 56.0 0.00913500000009 10790.865 
752.0 65.0 0.00630000000017 10793.7 
753.0 174.0 0.159585440001 10640.41456 
733.0 155.0 0.0290494800006 10770.95052 
737.0 240.0 0.157319440001 10642.68056 
756.0 355.0 0.0736486799999 10726.35132 
755.0 362.0 0.0736486799999 10726.35132 
785.0 437.0 0.135969920001 10664.03008 
725.0 461.0 0.191066000001 10608.934 
739.0 533.0 0.170756720002 10629.24328 
779.0 578.0 0.0649150000006 10735.085 
761.0 656.0 0.0736486799999 10726.35132 
741.0 777.0 0.31757644 10482.42356 
716.0 731.0 0.323003360003 10476.99664 
776.0 822.0 0.138550000001 10661.45 
730.0 841.0 0.229031280001 10570.96872 
723.0 907.0 0.160367200001 10639.6328 
773.0 953.0 0.0784001600003 10721.59984 
849.0 33.0 0.0736486799999 10726.35132 
878.0 148.0 0.0989060799999 10701.09392 
843.0 121.0 0.0177600000005 10782.24 
864.0 274.0 0.0243654400004 10775.63456 
841.0 272.0 0.145764800001 10654.2352 
843.0 344.0 0.0180200000005 10781.98 
860.0 357.0 0.0109595199999 10789.04048 
859.0 444.0 0.0825730000004 10717.427 
823.0 548.0 0.00604000000017 10793.96 
858.0 549.0 0.0208500800001 10779.14992 
858.0 656.0 0.00631488000009 10793.68512 
852.0 662.0 0.00552000000016 10794.48 
880.0 764.0 0.0191200000005 10780.88 
893.0 751.0 0.0105588000002 10789.4412 
814.0 855.0 0.0519276800004 10748.07232 
860.0 937.0 0.0122800000003 10787.72 
856.0 972.0 0.04885896 10751.14104 
951.0 60.0 0.00584000000016 10794.16 
943.0 40.0 0.0112595200002 10788.74048 
951.0 161.0 0.0950361600007 10704.96384 
941.0 128.0 0.0800056400007 10719.99436 
965.0 277.0 0.0736486799999 10726.35132 
930.0 323.0 0.00662000000018 10793.38 
956.0 343.0 0.0208662399998 10779.13376 
969.0 445.0 0.00860360000025 10791.3964 
961.0 434.0 0.00628000000017 10793.72 
958.0 561.0 0.00566000000016 10794.34 
963.0 528.0 0.0182704800001 10781.72952 
950.0 663.0 0.0128200000004 10787.18 
974.0 772.0 0.0562763200005 10743.72368 
931.0 739.0 0.10185464 10698.14536 
948.0 848.0 0.00650000000018 10793.5 
962.0 856.0 0.00987999999985 10790.12 
920.0 935.0 0.0850530000004 10714.947 
944.0 934.0 0.0736486799999 10726.35132 
