500.0 500.0
6.0 60.0 0.037440000001 10762.56 
48.0 144.0 0.0599412000008 10740.0588 
57.0 157.0 0.128973200001 10671.0268 
84.0 246.0 0.0432034000003 10756.7966 
62.0 234.0 0.0954250000009 10704.575 
67.0 344.0 0.0658188800005 10734.18112 
72.0 354.0 0.0535842400006 10746.41576 
39.0 441.0 0.0507507200005 10749.24928 
44.0 556.0 0.00673919999992 10793.2608 
53.0 558.0 0.00576000000016 10794.24 
147.0 65.0 0.122691760001 10677.30824 
89.0 443.0 0.174713520001 10625.28648 
165.0 335.0 0.037440000001 10762.56 
155.0 213.0 0.0573600000016 10742.64 
87.0 176.0 0.18290388 10617.09612 
87.0 306.0 0.0723320000009 10727.668 
252.0 164.0 0.18710628 10612.89372 
140.0 56.0 0.0281907200005 10771.80928 
156.0 62.0 0.199617040001 10600.38296 
161.0 140.0 0.324526200001 10475.4738 
136.0 155.0 0.145019000001 10654.981 
126.0 257.0 0.0190000000005 10781.0 
123.0 344.0 0.0251600000007 10774.84 
115.0 356.0 0.0362835200002 10763.71648 
158.0 468.0 0.0854207600021 10714.57924 
174.0 469.0 0.366323360001 10433.67664 
173.0 542.0 0.113768960001 10686.23104 
142.0 540.0 0.135600000002 10664.4 
131.0 652.0 0.037440000001 10762.56 
165.0 742.0 0.00660000000018 10793.4 
160.0 756.0 0.00951720000023 10790.4828 
148.0 857.0 0.0691296 10730.8704 
131.0 826.0 0.00608000000017 10793.92 
146.0 935.0 0.0967188000009 10703.2812 
145.0 932.0 0.102100000001 10697.9 
258.0 51.0 0.037440000001 10762.56 
247.0 135.0 0.0405759200007 10759.42408 
251.0 144.0 0.0348920000009 10765.108 
253.0 230.0 0.0180200000005 10781.98 
243.0 292.0 0.103390960001 10696.60904 
286.0 357.0 0.15531988 10644.68012 
255.0 339.0 0.0454230000009 10754.577 
244.0 472.0 0.0503600000014 10749.64 
233.0 524.0 0.0323376000008 10767.6624 
246.0 545.0 0.23182744 10568.17256 
230.0 634.0 0.0305025599997 10769.49744 
256.0 668.0 0.0186600000005 10781.34 
269.0 745.0 0.158553840001 10641.44616 
255.0 755.0 0.0213854400002 10778.61456 
220.0 858.0 0.00608000000017 10793.92 
215.0 962.0 0.0721128000009 10727.8872 
248.0 971.0 0.0179200000005 10782.08 
377.0 70.0 0.185015000001 10614.985 
354.0 34.0 0.0405330000005 10759.467 
356.0 142.0 0.0445803600005 10755.41964 
347.0 158.0 0.0191400000005 10780.86 
349.0 250.0 0.037440000001 10762.56 
371.0 376.0 0.0245200000007 10775.48 
332.0 382.0 0.125715280002 10674.28472 
326.0 441.0 0.0457970000012 10754.203 
326.0 454.0 0.14406616 10655.93384 
380.0 560.0 0.388118480002 10411.88152 
325.0 519.0 0.232047920001 10567.95208 
349.0 656.0 0.037440000001 10762.56 
376.0 745.0 0.252229800002 10547.7702 
340.0 745.0 0.103344640002 10696.65536 
326.0 841.0 0.00636000000018 10793.64 
362.0 859.0 0.0269664000002 10773.0336 
335.0 952.0 0.00678000000018 10793.22 
345.0 969.0 0.0120548400001 10787.94516 
452.0 92.0 0.110058400001 10689.9416 
435.0 163.0 0.262360480001 10537.63952 
423.0 136.0 0.0412664800009 10758.73352 
452.0 235.0 0.061808600001 10738.1914 
467.0 247.0 0.0247000000007 10775.3 
474.0 334.0 0.0484020000003 10751.598 
467.0 336.0 0.0595152000003 10740.4848 
457.0 441.0 0.0706596000002 10729.3404 
437.0 530.0 0.0925613600011 10707.43864 
457.0 543.0 0.292351440001 10507.64856 
475.0 657.0 0.0126000000003 10787.4 
445.0 653.0 0.0182947200002 10781.70528 
476.0 729.0 0.0698118 10730.1882 
439.0 759.0 0.0250600000007 10774.94 
463.0 863.0 0.037440000001 10762.56 
474.0 958.0 0.0638354800002 10736.16452 
470.0 961.0 0.0749894399999 10725.01056 
541.0 60.0 0.101579520001 10698.42048 
555.0 62.0 0.104335040001 10695.66496 
554.0 153.0 0.0184000000005 10781.6 
548.0 137.0 0.0415456000002 10758.4544 
549.0 277.0 0.0855047600002 10714.49524 
547.0 347.0 0.0125000000003 10787.5 
525.0 352.0 0.0189800000005 10781.02 
590.0 501.0 0.14536048 10654.63952 
532.0 471.0 0.102559400001 10697.4406 
568.0 530.0 0.0936824000002 10706.3176 
538.0 551.0 0.0632458000003 10736.7542 
570.0 645.0 0.0116000000003 10788.4 
571.0 723.0 0.0816992000001 10718.3008 
566.0 710.0 0.0611348800004 10738.86512 
592.0 851.0 0.0320108000001 10767.9892 
555.0 845.0 0.0132400000004 10786.76 
566.0 993.0 0.0332543999999 10766.7456 
539.0 956.0 0.0189800000005 10781.02 
644.0 52.0 0.037440000001 10762.56
634.0 141.0 0.037440000001 10762.56 
677.0 128.0 0.0773076000005 10722.6924 
673.0 277.0 0.00608000000017 10793.92 
640.0 231.0 0.0450527999999 10754.9472 
637.0 326.0 0.0295272000002 10770.4728 
632.0 373.0 0.00540000000015 10794.6 
639.0 456.0 0.0722572000001 10727.7428 
672.0 538.0 0.0442446800005 10755.75532 
656.0 547.0 0.0188200000005 10781.18 
661.0 655.0 0.0309107200001 10769.08928 
645.0 615.0 0.00656000000018 10793.44 
641.0 765.0 0.00694000000019 10793.06 
650.0 765.0 0.00806428000006 10791.93572 
625.0 848.0 0.0776460800002 10722.35392 
683.0 922.0 0.480986200003 10319.0138 
650.0 975.0 0.037440000001 10762.56 
773.0 10.0 0.0691428000005 10730.8572 
746.0 67.0 0.16918128 10630.81872 
734.0 162.0 0.0248000000007 10775.2 
735.0 138.0 0.0592613599999 10740.73864 
759.0 262.0 0.1070312 10692.9688 
754.0 339.0 0.327133000001 10472.867 
727.0 343.0 0.0761716800002 10723.82832 
759.0 444.0 0.0918190000003 10708.181 
747.0 415.0 0.0553800000015 10744.62 
749.0 539.0 0.189196400001 10610.8036 
761.0 543.0 0.0213728000006 10778.6272 
744.0 624.0 0.037440000001 10762.56 
748.0 747.0 0.206005600002 10593.9944 
753.0 714.0 0.0502000000014 10749.8 
733.0 861.0 0.377342400004 10422.6576 
730.0 802.0 0.426484080002 10373.51592 
715.0 957.0 0.0839576400014 10716.04236 
743.0 960.0 0.259081440002 10540.91856 
864.0 30.0 0.037440000001 10762.56 
863.0 163.0 0.163353120002 10636.64688 
874.0 149.0 0.367387000003 10432.613 
858.0 224.0 0.0949827200024 10705.01728 
846.0 229.0 0.0434400000012 10756.56 
826.0 344.0 0.0972894800006 10702.71052 
832.0 325.0 0.111097600001 10688.9024 
833.0 453.0 0.260664440001 10539.33556 
855.0 517.0 0.149414400001 10650.5856 
860.0 548.0 0.0289237600006 10771.07624 
856.0 617.0 0.0316200000009 10768.38 
861.0 670.0 0.23666216 10563.33784 
830.0 738.0 0.364929400001 10435.0706 
871.0 763.0 0.145456960001 10654.54304 
834.0 860.0 0.037440000001 10762.56 
819.0 953.0 0.182719000001 10617.281 
839.0 949.0 0.0238550400004 10776.14496 
950.0 42.0 0.0271313600003 10772.86864 
966.0 66.0 0.151784000001 10648.216 
928.0 125.0 0.182158720002 10617.84128 
928.0 145.0 0.119673080002 10680.32692 
950.0 263.0 0.037440000001 10762.56 
956.0 356.0 0.0153764400002 10784.62356 
931.0 342.0 0.00582000000016 10794.18 
940.0 433.0 0.00674000000018 10793.26 
990.0 439.0 0.0409252800003 10759.07472 
978.0 554.0 0.0219614400002 10778.03856 
942.0 558.0 0.00606000000017 10793.94 
970.0 694.0 0.037440000001 10762.56 
930.0 750.0 0.129648 10670.352 
952.0 762.0 0.0268179200005 10773.18208 
971.0 840.0 0.00646000000018 10793.54 
969.0 856.0 0.00981919999985 10790.1808 
963.0 945.0 0.00608000000017 10793.92 
964.0 954.0 0.00707711999988 10792.92288 
