500.0 500.0
53.0 46.0 0.0644932400004 10735.50676 
29.0 146.0 0.0266816000004 10773.3184 
50.0 158.0 0.157945240001 10642.05476 
55.0 232.0 0.0185000000005 10781.5 
45.0 245.0 0.00588000000016 10794.12 
26.0 338.0 0.02971872 10770.28128 
48.0 376.0 0.0123600000003 10787.64 
34.0 436.0 0.0536140800003 10746.38592 
39.0 562.0 0.0187716000005 10781.2284 
48.0 565.0 0.165042480001 10634.95752 
69.0 640.0 0.0121400000003 10787.86 
35.0 232.0 0.010584 10789.416 
47.0 746.0 0.00739312000013 10792.60688 
54.0 751.0 0.00644000000018 10793.56 
30.0 840.0 0.0644932400004 10735.50676 
47.0 939.0 0.0257843600002 10774.21564 
70.0 947.0 0.155965800001 10644.0342 
150.0 31.0 0.0399638399999 10760.03616 
196.0 55.0 0.00626000000017 10793.74 
157.0 162.0 0.18006584 10619.93416 
154.0 147.0 0.0219377600006 10778.06224 
146.0 241.0 0.0126600000003 10787.34 
133.0 343.0 0.00881496 10791.18504 
145.0 350.0 0.00636000000018 10793.64 
131.0 462.0 0.00594000000017 10794.06 
130.0 447.0 0.00862487999992 10791.37512 
152.0 564.0 0.00556000000016 10794.44 
144.0 548.0 0.00911840000031 10790.8816 
178.0 649.0 0.0644932400004 10735.50676 
139.0 785.0 0.648368000001 10151.632 
199.0 735.0 0.540954880002 10259.04512 
124.0 837.0 0.114933800002 10685.0662 
147.0 854.0 0.397479000002 10402.521 
161.0 920.0 0.29423136 10505.76864 
140.0 954.0 0.111260960001 10688.73904 
256.0 45.0 0.0750150400001 10724.98496 
246.0 163.0 0.0103334399998 10789.66656 
265.0 169.0 0.00576000000016 10794.24 
245.0 247.0 0.00725399999992 10792.746 
239.0 254.0 0.00620000000017 10793.8 
263.0 348.0 0.00668000000018 10793.32 
236.0 375.0 0.0755641599999 10724.43584 
252.0 445.0 0.00668000000018 10793.32 
247.0 542.0 0.00590000000017 10794.1 
244.0 566.0 0.0128030000001 10787.197 
240.0 644.0 0.0187096000003 10781.2904 
244.0 646.0 0.0122400000003 10787.76 
266.0 745.0 0.0489600000014 10751.04 
246.0 754.0 0.0489600000014 10751.04 
241.0 867.0 0.0644932400004 10735.50676 
259.0 992.0 0.10758864 10692.41136 
255.0 967.0 0.0774426000005 10722.5574 
321.0 83.0 0.00608000000017 10793.92 
381.0 63.0 0.0644932400004 10735.50676 
363.0 166.0 0.200529240001 10599.47076 
361.0 161.0 0.0197839600004 10780.21604 
383.0 243.0 0.252882720001 10547.11728 
353.0 339.0 0.00714559999982 10792.8544 
363.0 343.0 0.00580000000016 10794.2 
367.0 493.0 0.05004688 10749.95312 
351.0 444.0 0.0534958800005 10746.50412 
374.0 559.0 0.090134240001 10709.86576 
375.0 523.0 0.0186400000005 10781.36 
354.0 648.0 0.0644932400004 10735.50676 
349.0 774.0 0.0644932400004 10735.50676 
386.0 726.0 0.0634876800006 10736.51232 
332.0 869.0 0.0299200000008 10770.08 
334.0 852.0 0.0116200000003 10788.38 
359.0 951.0 0.0482297200009 10751.77028 
366.0 919.0 0.17300164 10626.99836 
460.0 90.0 0.0556143200004 10744.38568 
475.0 149.0 0.0121800000003 10787.82 
466.0 144.0 0.0135198400004 10786.48016 
438.0 241.0 0.0644932400004 10735.50676 
457.0 228.0 0.0193600000005 10780.64 
432.0 326.0 0.022752 10777.248 
466.0 338.0 0.00632000000017 10793.68 
510.0 447.0 0.0872116000013 10712.7884 
458.0 529.0 0.1677852 10632.2148 
439.0 581.0 0.1638 10636.2 
434.0 660.0 0.0187800000005 10781.22 
453.0 631.0 0.0541787200003 10745.82128 
440.0 737.0 0.2552454 10544.7546 
460.0 760.0 0.0362138000006 10763.7862 
431.0 875.0 0.0240000000007 10776.0 
440.0 964.0 0.0300142400004 10769.98576 
442.0 934.0 0.119465520001 10680.53448 
558.0 46.0 0.0122600000003 10787.74 
548.0 38.0 0.0223612800004 10777.63872 
557.0 163.0 0.00608000000017 10793.92 
556.0 135.0 0.0156256 10784.3744 
557.0 267.0 0.0644932400004 10735.50676 
571.0 367.0 0.121221920001 10678.77808 
567.0 364.0 0.0187860000005 10781.214 
566.0 455.0 0.370941440001 10429.05856 
552.0 422.0 0.105452800002 10694.5472 
560.0 567.0 0.1675392 10632.4608 
508.0 521.0 0.0593182000001 10740.6818 
541.0 643.0 0.0984990800004 10701.50092 
552.0 742.0 0.00781200000001 10792.188 
541.0 739.0 0.00620000000017 10793.8 
577.0 867.0 0.0253220799998 10774.67792 
548.0 842.0 0.00644000000018 10793.56 
567.0 933.0 0.0208542000002 10779.1458 
555.0 922.0 0.0176000000005 10782.4 
626.0 40.0 0.0923700800005 10707.62992 
654.0 146.0 0.0243200000007 10775.68 
648.0 174.0 0.0644932400004 10735.50676 
614.0 248.0 0.00580000000016 10794.2 
675.0 252.0 0.0491492000002 10750.8508 
674.0 327.0 0.0123600000003 10787.64 
672.0 322.0 0.0127312000002 10787.2688 
652.0 441.0 0.0644932400004 10735.50676 
662.0 575.0 0.0183000000005 10781.7 
668.0 550.0 0.0182800000005 10781.72 
636.0 680.0 0.0244200000007 10775.58 
657.0 633.0 0.0500903199998 10749.90968 
640.0 755.0 0.0749201999997 10725.0798 
669.0 714.0 0.1132168 10686.7832 
639.0 841.0 0.0644932400004 10735.50676 
626.0 947.0 0.15312472 10646.87528 
654.0 949.0 0.0260401600005 10773.95984 
299.0 924.0 0.1870524 10612.9476 
752.0 84.0 0.147129120001 10652.87088 
731.0 145.0 0.3307952 10469.2048 
742.0 136.0 0.0448486400009 10755.15136 
724.0 243.0 0.0644932400004 10735.50676 
732.0 369.0 0.0734857599999 10726.51424 
778.0 335.0 0.036920000001 10763.08 
748.0 447.0 0.0191000000005 10780.9 
779.0 450.0 0.0452316000008 10754.7684 
738.0 526.0 0.0767318400001 10723.26816 
715.0 574.0 0.0839802000001 10716.0198 
757.0 632.0 0.08007136 10719.92864 
752.0 731.0 0.0644932400004 10735.50676 
730.0 750.0 0.164109760001 10635.89024 
730.0 859.0 0.0644932400004 10735.50676 
733.0 823.0 0.0864323200003 10713.56768 
760.0 965.0 0.00875952 10791.24048 
748.0 958.0 0.00632000000017 10793.68 
829.0 68.0 0.0970156000006 10702.9844 
818.0 180.0 0.0126800000003 10787.32 
857.0 138.0 0.1044284 10695.5716 
857.0 273.0 0.195528800001 10604.4712 
856.0 216.0 0.12076 10679.24 
844.0 351.0 0.408730080001 10391.26992 
875.0 329.0 0.1834214 10616.5786 
847.0 459.0 0.0818460000001 10718.154 
846.0 540.0 0.0254600000007 10774.54 
859.0 545.0 0.0550384800013 10744.96152 
863.0 653.0 0.0113308399999 10788.66916 
859.0 634.0 0.00646000000018 10793.54 
828.0 758.0 0.00658000000018 10793.42 
884.0 760.0 0.0479023999999 10752.0976 
833.0 863.0 0.0182400000005 10781.76 
866.0 926.0 0.214915840001 10585.08416 
878.0 951.0 0.0553020800006 10744.69792 
974.0 55.0 0.0906739200005 10709.32608 
948.0 83.0 0.0753573600006 10724.64264 
940.0 120.0 0.0441196000003 10755.8804 
945.0 148.0 0.0182200000005 10781.78 
991.0 248.0 0.0663062399998 10733.69376 
973.0 315.0 0.00624000000017 10793.76 
942.0 335.0 0.0891480000006 10710.852 
949.0 429.0 0.00596000000017 10794.04 
986.0 436.0 0.0228625599997 10777.13744 
926.0 547.0 0.235644200002 10564.3558 
950.0 526.0 0.0413627600008 10758.63724 
953.0 619.0 0.100760320001 10699.23968 
937.0 745.0 0.00618000000017 10793.82 
957.0 722.0 0.0176624400001 10782.33756 
936.0 848.0 0.0124000000003 10787.6 
969.0 877.0 0.0377216000002 10762.2784 
946.0 924.0 0.0872316800003 10712.76832 
946.0 966.0 0.0843276000003 10715.6724 
