500.0 500.0
45.0 28.0 0.0893522800008 10710.64772 
94.0 131.0 0.0390928000005 10760.9072 
60.0 168.0 0.0893522800008 10710.64772 
55.0 253.0 0.0303754400004 10769.62456 
66.0 237.0 0.226091360001 10573.90864 
7.0 330.0 0.0457696000004 10754.2304 
50.0 351.0 0.136762600001 10663.2374 
35.0 430.0 0.0893522800008 10710.64772 
25.0 553.0 0.0893522800008 10710.64772 
59.0 552.0 0.0893522800008 10710.64772 
55.0 685.0 0.00638000000018 10793.62 
33.0 654.0 0.0248181999997 10775.1818 
59.0 765.0 0.0256739200004 10774.32608 
69.0 771.0 0.27210376 10527.89624 
57.0 834.0 0.0781890000008 10721.811 
86.0 936.0 0.0619708800002 10738.02912 
11.0 957.0 0.0965621600006 10703.43784 
138.0 45.0 0.0197808000004 10780.2192 
145.0 41.0 0.16710228 10632.89772 
175.0 147.0 0.0123000000003 10787.7 
128.0 153.0 0.1476608 10652.3392 
136.0 225.0 0.0315200000009 10768.48 
116.0 354.0 0.126491160001 10673.50884 
167.0 354.0 0.0175800000005 10782.42 
129.0 458.0 0.00584000000016 10794.16 
127.0 420.0 0.0403326400004 10759.66736 
185.0 549.0 0.0893522800008 10710.64772 
181.0 573.0 0.0893522800008 10710.64772 
153.0 657.0 0.0306800000009 10769.32 
174.0 730.0 0.478314400002 10321.6856 
142.0 746.0 0.136333600002 10663.6664 
155.0 878.0 0.0102299999999 10789.77 
161.0 861.0 0.00620000000017 10793.8 
126.0 955.0 0.0237420000003 10776.258 
124.0 934.0 0.0185800000005 10781.42 
221.0 40.0 0.0128200000004 10787.18 
264.0 152.0 0.1870356 10612.9644 
240.0 134.0 0.0309080000006 10769.092 
263.0 235.0 0.0338308000003 10766.1692 
254.0 270.0 0.160822960001 10639.17704 
291.0 361.0 0.103311640002 10696.68836 
261.0 340.0 0.308083200001 10491.9168 
259.0 444.0 0.0893522800008 10710.64772 
276.0 538.0 0.0504594 10749.5406 
248.0 546.0 0.0893522800008 10710.64772 
238.0 658.0 0.00876095999994 10791.23904 
247.0 669.0 0.00624000000017 10793.76 
247.0 761.0 0.0774512000009 10722.5488 
254.0 752.0 0.037120000001 10762.88 
245.0 852.0 0.0119600000003 10788.04 
240.0 926.0 0.149183920001 10650.81608 
242.0 948.0 0.0231046400003 10776.89536 
320.0 76.0 0.0779614800008 10722.03852 
369.0 41.0 0.0589571200008 10741.04288 
338.0 139.0 0.0376400000004 10762.36 
341.0 155.0 0.0251000000007 10774.9 
363.0 256.0 0.0965400000005 10703.46 
366.0 335.0 0.121208000002 10678.792 
334.0 369.0 0.367484000002 10432.516 
341.0 431.0 0.0499012800013 10750.09872 
346.0 425.0 0.0491400000014 10750.86 
368.0 558.0 0.0893522800008 10710.64772 
332.0 565.0 0.00578000000016 10794.22 
383.0 669.0 0.0247200000007 10775.28 
388.0 756.0 0.108060320001 10691.93968 
342.0 745.0 0.04661672 10753.38328 
346.0 846.0 0.0369334400001 10763.06656 
386.0 842.0 0.12132232 10678.67768 
360.0 987.0 0.0213043199999 10778.69568 
336.0 961.0 0.00608000000017 10793.92 
417.0 54.0 0.1590162 10640.9838 
426.0 122.0 0.203828240001 10596.17176 
433.0 184.0 0.334208160001 10465.79184 
476.0 237.0 0.135361000002 10664.639 
468.0 245.0 0.389128760001 10410.87124 
447.0 309.0 0.0751344000017 10724.8656 
454.0 314.0 0.037800000001 10762.2 
436.0 446.0 0.0893522800008 10710.64772 
464.0 560.0 0.228201440001 10571.79856 
471.0 548.0 0.0791960000009 10720.804 
473.0 636.0 0.1947162 10605.2838 
430.0 637.0 0.0429100000002 10757.09 
447.0 757.0 0.0589498400008 10741.05016 
428.0 728.0 0.31563664 10484.36336 
452.0 843.0 0.0118800000003 10788.12 
463.0 974.0 0.0235493999999 10776.4506 
451.0 939.0 0.00630000000017 10793.7 
557.0 43.0 0.118667760001 10681.33224 
546.0 44.0 0.115726800001 10684.2732 
571.0 149.0 0.036840000001 10763.16 
559.0 120.0 0.1398548 10660.1452 
549.0 261.0 0.00610000000017 10793.9 
539.0 314.0 0.0374319600002 10762.56804 
561.0 359.0 0.0511400000014 10748.86 
575.0 456.0 0.0200828400004 10779.91716 
564.0 462.0 0.1524696 10647.5304 
519.0 559.0 0.0637144000002 10736.2856 
544.0 555.0 0.0787036400004 10721.29636 
566.0 644.0 0.0741600000021 10725.84 
562.0 759.0 0.0170448000002 10782.9552 
548.0 735.0 0.00670000000018 10793.3 
569.0 842.0 0.0206388000001 10779.3612 
536.0 835.0 0.0182000000005 10781.8 
561.0 946.0 0.0528944000008 10747.1056 
534.0 905.0 0.1345352 10665.4648 
633.0 70.0 0.0784508800004 10721.54912 
635.0 132.0 0.279606400001 10520.3936 
653.0 132.0 0.0339302400009 10766.06976 
671.0 269.0 0.314508800002 10485.4912 
645.0 241.0 0.0430256000006 10756.9744 
664.0 351.0 0.137179840002 10662.82016 
628.0 336.0 0.534057119999 10265.94288 
657.0 444.0 0.0123800000003 10787.62 
629.0 546.0 0.00654000000018 10793.46 
645.0 538.0 0.0107256000004 10789.2744 
642.0 664.0 0.976550080004 9823.44992 
639.0 635.0 0.140378400002 10659.6216 
669.0 724.0 0.722689680005 10077.31032 
670.0 761.0 0.203756000004 10596.244 
665.0 830.0 0.2348964 10565.1036 
611.0 950.0 0.0864744000008 10713.5256 
665.0 908.0 0.193790400001 10606.2096 
771.0 55.0 0.0122800000003 10787.72 
764.0 49.0 0.0133068000001 10786.6932 
783.0 147.0 0.00990560000033 10790.0944 
767.0 155.0 0.00604000000017 10793.96 
728.0 230.0 0.0852020000008 10714.798 
768.0 350.0 0.0348320000003 10765.168 
737.0 342.0 0.1844752 10615.5248 
733.0 428.0 0.16799232 10632.00768 
758.0 461.0 0.0400992800004 10759.90072 
766.0 554.0 0.0190800000005 10780.92 
792.0 586.0 0.0461120000004 10753.888 
764.0 647.0 0.0244200000007 10775.58 
770.0 777.0 0.245539280001 10554.46072 
729.0 736.0 0.381837920005 10418.16208 
769.0 836.0 0.051394560001 10748.60544 
746.0 833.0 0.196993600001 10603.0064 
743.0 940.0 0.0186400000005 10781.36 
767.0 958.0 0.0649720000009 10735.028 
842.0 60.0 0.0755036800001 10724.49632 
884.0 148.0 0.0199200000005 10780.08 
876.0 136.0 0.0227321600002 10777.26784 
860.0 301.0 0.146968800001 10653.0312 
831.0 246.0 0.0689540800002 10731.04592 
863.0 370.0 0.0313600000009 10768.64 
866.0 354.0 0.0347838000006 10765.2162 
841.0 444.0 0.0893522800008 10710.64772 
874.0 559.0 0.0496748800004 10750.32512 
827.0 547.0 0.114938 10685.062 
821.0 657.0 0.15755192 10642.44808 
848.0 647.0 0.0309681599999 10769.03184 
850.0 727.0 0.177628600001 10622.3714 
854.0 744.0 0.0220566000003 10777.9434 
839.0 824.0 0.0837449600005 10716.25504 
827.0 924.0 0.0934382400008 10706.56176 
840.0 952.0 0.0985898000007 10701.4102 
973.0 34.0 0.0103407200003 10789.65928 
975.0 51.0 0.00652000000018 10793.48 
947.0 142.0 0.131931600001 10668.0684 
969.0 155.0 0.0283796000007 10771.6204 
954.0 246.0 0.0309681599999 10769.03184 
936.0 357.0 0.15883128 10641.16872 
968.0 340.0 0.0348787600002 10765.12124 
921.0 453.0 0.00636000000018 10793.64 
962.0 457.0 0.0279458399997 10772.05416 
936.0 550.0 0.00570000000016 10794.3 
963.0 554.0 0.0141930000002 10785.807 
931.0 650.0 0.0309681599999 10769.03184 
983.0 738.0 0.0309681599999 10769.03184 
946.0 765.0 0.00596000000017 10794.04 
948.0 846.0 0.0186000000005 10781.4 
931.0 867.0 0.0583359999997 10741.664 
945.0 941.0 0.0980953600007 10701.90464 
950.0 926.0 0.0719197600006 10728.08024 
