500.0 500.0
40.0 69.0 0.0772808000006 10722.7192 
74.0 166.0 0.0804527200008 10719.54728 
94.0 27.0 0.1528622 10647.1378 
154.0 98.0 0.330193399999 10469.8066 
80.0 235.0 0.0683407999998 10731.6592 
55.0 372.0 0.00640000000018 10793.6 
48.0 332.0 0.0648959999998 10735.104 
24.0 465.0 0.0772808000006 10722.7192 
32.0 560.0 0.037440000001 10762.56 
15.0 568.0 0.0772808000006 10722.7192 
16.0 663.0 0.0321736000003 10767.8264 
42.0 677.0 0.193902400001 10606.0976 
74.0 743.0 0.375644960001 10424.35504 
41.0 741.0 0.0576122800011 10742.38772 
49.0 836.0 0.0772808000006 10722.7192 
96.0 960.0 0.0920446000014 10707.9554 
52.0 946.0 0.0862586800004 10713.74132 
155.0 55.0 0.134150000001 10665.85 
135.0 58.0 0.0913395200016 10708.66048 
138.0 150.0 0.0507697600013 10749.23024 
159.0 164.0 0.036940000001 10763.06 
126.0 237.0 0.0119200000003 10788.08 
160.0 353.0 0.0670208000002 10732.9792 
107.0 365.0 0.00640000000018 10793.6 
151.0 457.0 0.0797232000005 10720.2768 
147.0 436.0 0.0994818000008 10700.5182 
160.0 560.0 0.0372030000002 10762.797 
173.0 548.0 0.0219471999998 10778.0528 
143.0 618.0 0.0957545600008 10704.24544 
143.0 729.0 0.0316200000009 10768.38 
149.0 760.0 0.119990280002 10680.00972 
135.0 865.0 0.034224200001 10765.7758 
146.0 857.0 0.0317600000009 10768.24 
120.0 933.0 0.0735640000014 10726.436 
150.0 933.0 0.3412384 10458.7616 
297.0 60.0 0.0503209200005 10749.67908 
249.0 180.0 0.1919274 10608.0726 
244.0 160.0 0.0228480000003 10777.152 
236.0 264.0 0.0183000000005 10781.7 
226.0 256.0 0.0366424000007 10763.3576 
271.0 343.0 0.0587084 10741.2916 
216.0 393.0 0.00640000000018 10793.6 
280.0 444.0 0.300383600001 10499.6164 
207.0 556.0 0.0121200000003 10787.88 
261.0 552.0 0.0772808000006 10722.7192 
259.0 652.0 0.0120600000003 10787.94 
215.0 648.0 0.0650622400002 10734.93776 
264.0 771.0 0.0180682000001 10781.9318 
255.0 741.0 0.00610000000017 10793.9 
252.0 848.0 0.0772808000006 10722.7192 
258.0 989.0 0.0310516 10768.9484 
245.0 945.0 0.00596000000017 10794.04 
346.0 60.0 0.126254 10673.746 
212.0 474.0 0.25412688 10545.87312 
339.0 140.0 0.0190000000005 10781.0 
366.0 115.0 0.211912000002 10588.088 
368.0 225.0 0.0772808000006 10722.7192 
333.0 354.0 0.0120800000003 10787.92 
310.0 331.0 0.0251992000004 10774.8008 
347.0 458.0 0.120358840001 10679.64116 
364.0 430.0 0.0305400000008 10769.46 
321.0 542.0 0.0439462000005 10756.0538 
365.0 543.0 0.205114960001 10594.88504 
331.0 636.0 0.0772808000006 10722.7192 
344.0 745.0 0.0120098400001 10787.99016 
359.0 731.0 0.0128400000004 10787.16 
333.0 873.0 0.0166828800001 10783.31712 
339.0 857.0 0.0127000000003 10787.3 
370.0 944.0 0.0948856000002 10705.1144 
340.0 935.0 0.0906596000003 10709.3404 
448.0 52.0 0.0772808000006 10722.7192 
426.0 137.0 0.204365760002 10595.63424 
450.0 182.0 0.209111680001 10590.88832 
480.0 267.0 0.500934560001 10299.06544 
460.0 224.0 0.279935240002 10520.06476 
448.0 352.0 0.787531200002 10012.4688 
448.0 324.0 0.226435520001 10573.56448 
458.0 426.0 0.854214080005 9945.78592 
441.0 544.0 0.33207428 10467.92572 
443.0 557.0 0.0479782800012 10752.02172 
431.0 666.0 0.037440000001 10762.56 
445.0 651.0 0.0772808000006 10722.7192 
428.0 768.0 0.0838031999999 10716.1968 
459.0 743.0 0.0772808000006 10722.7192 
495.0 860.0 0.03492072 10765.07928 
437.0 934.0 0.0125000000003 10787.5 
444.0 945.0 0.0231499999999 10776.85 
538.0 56.0 0.0631360000004 10736.864 
541.0 40.0 0.0855220400005 10714.47796 
562.0 170.0 0.0179400000005 10782.06 
546.0 108.0 0.177028 10622.972 
559.0 238.0 0.0772808000006 10722.7192 
589.0 353.0 0.266694320003 10533.30568 
548.0 374.0 0.569990160004 10230.00984 
564.0 465.0 0.262999320004 10537.00068 
528.0 437.0 1.28796816 9512.03184 
545.0 577.0 0.198044800003 10601.9552 
522.0 544.0 0.2536032 10546.3968 
546.0 642.0 0.290482720001 10509.51728 
559.0 774.0 0.119586200001 10680.4138 
555.0 717.0 0.273479760002 10526.52024 
568.0 844.0 0.0863051600007 10713.69484 
542.0 848.0 0.00612000000017 10793.88 
586.0 949.0 0.097955480001 10702.04452 
550.0 928.0 0.0190200000005 10780.98 
662.0 10.0 0.0772808000006 10722.7192 
640.0 146.0 0.107293040001 10692.70696 
653.0 147.0 0.115095200001 10684.9048 
671.0 250.0 0.0188800000005 10781.12 
641.0 225.0 0.0892240000002 10710.776 
650.0 358.0 0.262784160002 10537.21584 
652.0 338.0 0.111415760002 10688.58424 
627.0 441.0 0.0788522000005 10721.1478 
653.0 550.0 0.0115800000003 10788.42 
674.0 540.0 0.0299295599999 10770.07044 
645.0 632.0 0.00624000000017 10793.76 
634.0 656.0 0.01493856 10785.06144 
638.0 738.0 0.0184200000005 10781.58 
641.0 762.0 0.0325374000003 10767.4626 
646.0 838.0 0.0942640400003 10705.73596 
681.0 948.0 0.0631048000005 10736.8952 
629.0 957.0 0.0877223600003 10712.27764 
736.0 46.0 0.0772808000006 10722.7192 
753.0 28.0 0.0772808000006 10722.7192 
759.0 157.0 0.0131327999998 10786.8672 
735.0 165.0 0.00576000000016 10794.24 
751.0 274.0 0.0983756000009 10701.6244 
724.0 343.0 0.267184240002 10532.81576 
744.0 321.0 0.0402283200008 10759.77168 
743.0 424.0 0.0264700799999 10773.52992 
733.0 463.0 0.0180200000005 10781.98 
750.0 537.0 0.0804988 10719.5012 
750.0 529.0 0.0920010800007 10707.99892 
750.0 651.0 0.037440000001 10762.56 
708.0 746.0 0.0677535999997 10732.2464 
775.0 725.0 0.525382880001 10274.61712 
770.0 889.0 0.205114 10594.886 
765.0 834.0 0.0512600000014 10748.74 
782.0 963.0 0.197436000001 10602.564 
745.0 930.0 0.0828314400014 10717.16856 
844.0 60.0 0.037440000001 10762.56 
843.0 184.0 0.0784970800007 10721.50292 
853.0 169.0 0.0797412800006 10720.25872 
838.0 230.0 0.0193800000005 10780.62 
860.0 246.0 0.0443192000006 10755.6808 
853.0 391.0 0.0363888 10763.6112 
844.0 364.0 0.07239216 10727.60784 
855.0 435.0 0.0121000000003 10787.9 
830.0 543.0 0.00626000000017 10793.74 
850.0 520.0 0.0178910800001 10782.10892 
862.0 650.0 0.00712811999975 10792.87188 
865.0 642.0 0.00622000000017 10793.78 
837.0 730.0 0.115277520002 10684.72248 
846.0 737.0 0.347412200002 10452.5878 
829.0 856.0 0.2740192 10525.9808 
858.0 922.0 0.252027200001 10547.9728 
846.0 962.0 0.0752353200006 10724.76468 
960.0 34.0 0.0193047200001 10780.69528 
941.0 60.0 0.00628000000017 10793.72 
940.0 178.0 0.00606000000017 10793.94 
952.0 182.0 0.00799920000025 10792.0008 
939.0 275.0 0.037440000001 10762.56 
932.0 367.0 0.0774514400002 10722.54856 
945.0 358.0 0.0817224800005 10718.27752 
937.0 435.0 0.0190600000005 10780.94 
944.0 429.0 0.0274526000002 10772.5474 
939.0 575.0 0.0113600000003 10788.64 
955.0 568.0 0.0150200000001 10784.98 
958.0 633.0 0.0512920000002 10748.708 
940.0 761.0 0.0125800000003 10787.42 
918.0 769.0 0.292544 10507.456 
952.0 829.0 0.0918860800008 10708.11392 
958.0 832.0 0.10108112 10698.91888 
904.0 935.0 0.0958990000007 10704.101 
959.0 966.0 0.0697619200002 10730.23808 
