500.0 500.0
32.0 77.0 0.0595359600006 10740.46404 
188.0 99.0 0.318489200002 10481.5108 
53.0 158.0 0.0119400000003 10788.06 
54.0 280.0 0.00638000000018 10793.62 
50.0 256.0 0.0139339200002 10786.06608 
47.0 135.0 0.184950600001 10615.0494 
28.0 347.0 0.0951082000009 10704.8918 
55.0 440.0 0.0872088000003 10712.7912 
45.0 549.0 0.0951082000009 10704.8918 
57.0 520.0 0.0951082000009 10704.8918 
39.0 644.0 0.00646032000022 10793.53968 
43.0 644.0 0.00626000000017 10793.74 
43.0 746.0 0.0065088 10793.4912 
51.0 747.0 0.00576000000016 10794.24 
48.0 845.0 0.0951082000009 10704.8918 
49.0 963.0 0.00921000000026 10790.79 
64.0 958.0 0.00614000000017 10793.86 
133.0 28.0 0.0387476000004 10761.2524 
158.0 60.0 0.0951082000009 10704.8918 
126.0 137.0 0.0995473200006 10700.45268 
161.0 143.0 0.385080000002 10414.92 
168.0 236.0 0.0866214400004 10713.37856 
168.0 349.0 0.115145000001 10684.855 
136.0 332.0 0.0352638000002 10764.7362 
157.0 451.0 0.215638400002 10584.3616 
129.0 438.0 0.0599226000004 10740.0774 
148.0 567.0 0.0784041600008 10721.59584 
171.0 514.0 0.408694560002 10391.30544 
177.0 649.0 0.05108796 10748.91204 
151.0 751.0 0.02692332 10773.07668 
193.0 758.0 0.00582000000016 10794.18 
119.0 843.0 0.0191396800003 10780.86032 
150.0 848.0 0.00644000000018 10793.56 
183.0 938.0 0.142978080001 10657.02192 
162.0 941.0 0.0249940000005 10775.006 
272.0 56.0 0.0951082000009 10704.8918 
249.0 154.0 0.0480800000013 10751.92 
235.0 160.0 0.112609120003 10687.39088 
250.0 272.0 0.205197999999 10594.802 
238.0 260.0 0.0440732800008 10755.92672 
218.0 374.0 0.271531200001 10528.4688 
235.0 339.0 0.0185000000005 10781.5 
269.0 430.0 0.277170000001 10522.83 
254.0 561.0 0.037440000001 10762.56 
233.0 549.0 0.112364800001 10687.6352 
237.0 666.0 0.0117200000003 10788.28 
277.0 655.0 0.0951082000009 10704.8918 
246.0 744.0 0.0786470000002 10721.353 
281.0 746.0 0.0606400000017 10739.36 
236.0 845.0 0.0951082000009 10704.8918 
247.0 932.0 0.122922720001 10677.07728 
288.0 943.0 0.386124400001 10413.8756 
376.0 60.0 0.00618000000017 10793.82 
359.0 60.0 0.05128164 10748.71836 
352.0 120.0 0.00618000000017 10793.82 
333.0 165.0 0.08756632 10712.43368 
347.0 240.0 0.196478800001 10603.5212 
367.0 343.0 0.112704240001 10687.29576 
355.0 349.0 0.086632 10713.368 
337.0 431.0 0.0308200000009 10769.18 
326.0 444.0 0.0344276000008 10765.5724 
378.0 555.0 0.0481252000005 10751.8748 
341.0 566.0 0.0995622400008 10700.43776 
339.0 636.0 0.0951082000009 10704.8918 
337.0 727.0 0.0547400000015 10745.26 
345.0 791.0 0.558736800003 10241.2632 
356.0 858.0 0.593543200004 10206.4568 
359.0 882.0 0.177168400003 10622.8316 
371.0 989.0 0.0588088000012 10741.1912 
367.0 953.0 0.480291400003 10319.7086 
446.0 18.0 0.0951082000009 10704.8918 
439.0 182.0 0.112315000001 10687.685 
438.0 145.0 0.0347992000005 10765.2008 
418.0 267.0 0.340366400001 10459.6336 
449.0 237.0 0.138113600002 10661.8864 
429.0 366.0 0.0563800000016 10743.62 
437.0 319.0 0.28519284 10514.80716 
460.0 451.0 0.0576127999997 10742.3872 
415.0 557.0 0.139023240001 10660.97676 
462.0 559.0 0.295993000001 10504.007 
441.0 665.0 0.0928400000013 10707.16 
423.0 641.0 0.0262000000007 10773.8 
448.0 739.0 0.273814000001 10526.186 
463.0 760.0 0.056176160001 10743.82384 
469.0 833.0 0.0910018000003 10708.9982 
475.0 939.0 0.163562640001 10636.43736 
449.0 937.0 0.0263368000007 10773.6632 
535.0 33.0 0.0480699200006 10751.93008 
573.0 16.0 0.0480699200006 10751.93008 
532.0 166.0 0.0951082000009 10704.8918 
544.0 152.0 0.0480699200006 10751.93008 
531.0 254.0 0.0838505999999 10716.1494 
590.0 364.0 0.0190400000005 10780.96 
514.0 332.0 0.0496400000014 10750.36 
551.0 436.0 0.0243388000002 10775.6612 
532.0 449.0 0.105145000001 10694.855 
543.0 553.0 0.1392068 10660.7932 
537.0 543.0 0.0835319200008 10716.46808 
542.0 626.0 0.0834260000005 10716.574 
594.0 775.0 0.0824421600002 10717.55784 
549.0 722.0 0.00662000000018 10793.38 
573.0 832.0 0.00644000000018 10793.56 
533.0 894.0 0.0245600000007 10775.44 
558.0 974.0 0.0557228800007 10744.27712 
544.0 930.0 0.112543040001 10687.45696 
686.0 44.0 0.00630000000017 10793.7 
656.0 129.0 0.0109610400002 10789.03896 
639.0 136.0 0.00654000000018 10793.46 
635.0 262.0 0.00614000000017 10793.86 
637.0 259.0 0.0956788000007 10704.3212 
624.0 330.0 0.11974096 10680.25904 
634.0 337.0 0.033642960001 10766.35704 
659.0 439.0 0.0121000000003 10787.9 
689.0 525.0 0.177124000001 10622.876 
643.0 587.0 0.0441200000012 10755.88 
640.0 685.0 0.257235600002 10542.7644 
673.0 619.0 0.174200160001 10625.79984 
666.0 743.0 0.0833440000008 10716.656 
652.0 732.0 0.0648101200009 10735.18988 
632.0 851.0 0.05592496 10744.07504 
681.0 974.0 0.0378971999999 10762.1028 
652.0 931.0 0.00594000000017 10794.06 
747.0 51.0 0.119014000001 10680.986 
764.0 83.0 0.0846952000008 10715.3048 
754.0 130.0 0.0260000000007 10774.0 
745.0 115.0 0.051816400001 10748.1836 
761.0 233.0 0.00598000000017 10794.02 
757.0 356.0 0.0951082000009 10704.8918 
737.0 362.0 0.0951082000009 10704.8918 
743.0 444.0 0.0229108000007 10777.0892 
724.0 451.0 0.1237698 10676.2302 
736.0 535.0 0.0501664400001 10749.83356 
784.0 530.0 0.0297400000008 10770.26 
718.0 636.0 0.0661512800007 10733.84872 
748.0 779.0 0.0125000000003 10787.5 
767.0 782.0 0.0110315999998 10788.9684 
735.0 851.0 0.0184000000005 10781.6 
758.0 853.0 0.0870963200002 10712.90368 
739.0 954.0 0.0277254000005 10772.2746 
739.0 927.0 0.16648816 10633.51184 
826.0 37.0 0.101874400001 10698.1256 
876.0 156.0 0.0778373200008 10722.16268 
845.0 140.0 0.0189800000005 10781.02 
839.0 232.0 0.0787566 10721.2434 
846.0 242.0 0.00598000000017 10794.02 
867.0 333.0 0.01374156 10786.25844 
843.0 322.0 0.00574000000016 10794.26 
846.0 485.0 0.0995327200005 10700.46728 
839.0 545.0 0.15515 10644.85 
843.0 565.0 0.0895496000007 10710.4504 
834.0 613.0 0.149494680001 10650.50532 
829.0 664.0 0.0499222400006 10750.07776 
875.0 767.0 0.017287 10782.713 
873.0 736.0 0.00590000000017 10794.1 
858.0 855.0 0.0951082000009 10704.8918 
875.0 975.0 0.0878315200004 10712.16848 
847.0 947.0 0.0183200000005 10781.68 
956.0 59.0 0.0108141599998 10789.18584 
937.0 59.0 0.00628000000017 10793.72 
960.0 152.0 0.0250502400001 10774.94976 
948.0 169.0 0.17381796 10626.18204 
933.0 239.0 0.0951082000009 10704.8918 
969.0 358.0 0.0922150000005 10707.785 
957.0 336.0 0.00630000000017 10793.7 
934.0 450.0 0.0125200000003 10787.48 
962.0 434.0 0.0448616000009 10755.1384 
940.0 555.0 0.00610000000017 10793.9 
954.0 538.0 0.0951082000009 10704.8918 
952.0 630.0 0.0764818000002 10723.5182 
965.0 745.0 0.0741298400001 10725.87016 
935.0 728.0 0.0182800000005 10781.72 
945.0 822.0 0.193006040001 10606.99396 
975.0 864.0 0.0480699200006 10751.93008 
945.0 950.0 0.170103000001 10629.897 
965.0 955.0 0.0240110000003 10775.989 
