500.0 500.0
59.0 42.0 0.0964881600011 10703.51184 
80.0 163.0 0.164670000001 10635.33 
55.0 153.0 0.0302580000007 10769.742 
91.0 230.0 0.285187400001 10514.8126 
59.0 278.0 0.0964881600011 10703.51184 
67.0 346.0 0.2168016 10583.1984 
44.0 372.0 0.0382918000005 10761.7082 
48.0 455.0 0.0964881600011 10703.51184 
47.0 541.0 0.00652000000018 10793.48 
15.0 544.0 0.0199903200003 10780.00968 
59.0 694.0 0.0771256000006 10722.8744 
53.0 646.0 0.0124200000003 10787.58 
41.0 750.0 0.0645336000004 10735.4664 
59.0 780.0 0.0190200000005 10780.98 
82.0 851.0 0.1939284 10606.0716 
54.0 942.0 0.00654000000018 10793.46 
35.0 941.0 0.01127496 10788.72504 
144.0 78.0 0.177528640001 10622.47136 
130.0 23.0 0.0589692400003 10741.03076 
137.0 118.0 0.0622375600008 10737.76244 
164.0 146.0 0.299825920001 10500.17408 
163.0 249.0 0.337120800001 10462.8792 
133.0 360.0 0.128367800001 10671.6322 
175.0 363.0 0.0243000000007 10775.7 
155.0 441.0 0.177023600001 10622.9764 
142.0 454.0 0.0209380000005 10779.062 
161.0 547.0 0.00604000000017 10793.96 
151.0 555.0 0.00802112000013 10791.97888 
146.0 681.0 0.0125200000003 10787.48 
149.0 702.0 0.0301480000005 10769.852 
125.0 763.0 0.092137840001 10707.86216 
163.0 852.0 0.0636934400005 10736.30656 
150.0 810.0 0.2736684 10526.3316 
148.0 940.0 0.00602000000017 10793.98 
116.0 918.0 0.0864258000005 10713.5742 
270.0 10.0 0.0964881600011 10703.51184 
266.0 170.0 0.555112000003 10244.888 
230.0 156.0 0.189472800003 10610.5272 
237.0 261.0 0.0320800000009 10767.92 
235.0 239.0 0.01217216 10787.82784 
275.0 335.0 0.0139949999999 10786.005 
268.0 359.0 0.00622000000017 10793.78 
231.0 458.0 0.239564480001 10560.43552 
246.0 529.0 0.0585190800006 10741.48092 
255.0 545.0 0.0244200000007 10775.58 
263.0 631.0 0.0964881600011 10703.51184 
223.0 665.0 0.0476560000004 10752.344 
237.0 753.0 0.0228243200002 10777.17568 
273.0 744.0 0.00608000000017 10793.92 
221.0 844.0 0.0243400000007 10775.66 
261.0 965.0 0.113637120001 10686.36288 
249.0 959.0 0.0213280000005 10778.672 
373.0 35.0 0.0476560000004 10752.344 
355.0 73.0 0.0964881600011 10703.51184 
368.0 152.0 0.724959760005 10075.04024 
340.0 152.0 0.202756480001 10597.24352 
338.0 269.0 0.0879128 10712.0872 
344.0 334.0 0.0218626400003 10778.13736 
374.0 337.0 0.0119000000003 10788.1 
363.0 455.0 0.0964881600011 10703.51184 
342.0 470.0 0.06221592 10737.78408 
353.0 539.0 0.00578000000016 10794.22 
340.0 575.0 0.0964881600011 10703.51184 
370.0 653.0 0.0622882000004 10737.7118 
367.0 740.0 0.0183600000005 10781.64 
355.0 763.0 0.0552725600011 10744.72744 
341.0 860.0 0.0250956000002 10774.9044 
342.0 837.0 0.174558000001 10625.442 
320.0 950.0 0.0127600000004 10787.24 
328.0 916.0 0.0964881600011 10703.51184 
470.0 97.0 0.0476560000004 10752.344 
457.0 163.0 0.775368880004 10024.63112 
443.0 155.0 0.200752800002 10599.2472 
460.0 235.0 0.0630800000017 10736.92 
441.0 237.0 0.0476560000004 10752.344 
465.0 340.0 0.0118000000003 10788.2 
449.0 318.0 0.0139376000001 10786.0624 
434.0 440.0 0.0964881600011 10703.51184 
451.0 567.0 0.0260334400003 10773.96656 
458.0 544.0 0.111912 10688.088 
438.0 644.0 0.0120600000003 10787.94 
432.0 654.0 0.02112032 10778.87968 
488.0 746.0 0.0398307200006 10760.16928 
458.0 742.0 0.0119600000003 10788.04 
444.0 834.0 0.0476560000004 10752.344 
451.0 978.0 0.0964881600011 10703.51184 
437.0 990.0 0.0476560000004 10752.344 
535.0 30.0 0.00614000000017 10793.86 
578.0 35.0 0.0291527200002 10770.84728 
550.0 140.0 0.0243465200001 10775.65348 
562.0 157.0 0.191337000001 10608.663 
547.0 248.0 0.0476560000004 10752.344 
536.0 337.0 0.0685979999999 10731.402 
549.0 332.0 0.0476560000004 10752.344 
555.0 452.0 0.118091200001 10681.9088 
548.0 448.0 0.297876160001 10502.12384 
576.0 549.0 0.0740472000006 10725.9528 
560.0 567.0 0.0254200000007 10774.58 
541.0 651.0 0.0964881600011 10703.51184 
552.0 763.0 0.0701892000004 10729.8108 
578.0 753.0 0.0308600000009 10769.14 
550.0 838.0 0.00644000000018 10793.56 
547.0 862.0 0.0139748000001 10786.0252 
544.0 945.0 0.00582000000016 10794.18 
553.0 946.0 0.00677447999989 10793.22552 
657.0 67.0 0.0118800000003 10788.12 
642.0 183.0 0.0893910000007 10710.609 
634.0 186.0 0.185789760001 10614.21024 
642.0 248.0 0.0321000000009 10767.9 
630.0 235.0 0.0172839600004 10782.71604 
631.0 383.0 0.171565000001 10628.435 
659.0 358.0 0.0362479600001 10763.75204 
625.0 456.0 0.286757920001 10513.24208 
656.0 543.0 0.0314200000009 10768.58 
652.0 569.0 0.306017280002 10493.98272 
646.0 648.0 0.0190432000001 10780.9568 
643.0 647.0 0.195390800001 10604.6092 
641.0 762.0 0.305606000002 10494.394 
666.0 773.0 0.111431760001 10688.56824 
643.0 847.0 0.281888200001 10518.1118 
633.0 968.0 0.0327240000001 10767.276 
660.0 932.0 0.00648000000018 10793.52 
752.0 30.0 0.0256500000003 10774.35 
727.0 30.0 0.16695144 10633.04856 
764.0 163.0 0.037260000001 10762.74 
744.0 131.0 0.055202400001 10744.7976 
729.0 246.0 0.0829525600006 10717.04744 
746.0 343.0 0.0116400000003 10788.36 
756.0 318.0 0.0340780000006 10765.922 
736.0 432.0 0.00606000000017 10793.94 
762.0 450.0 0.0181799999998 10781.82 
729.0 569.0 0.101798600001 10698.2014 
725.0 544.0 0.0925640800007 10707.43592 
742.0 651.0 0.0476560000004 10752.344 
753.0 746.0 0.0193200000005 10780.68 
769.0 734.0 0.0476560000004 10752.344 
722.0 858.0 0.193016240001 10606.98376 
732.0 880.0 0.0251379200002 10774.86208 
750.0 973.0 0.00718796000014 10792.81204 
749.0 963.0 0.00598000000017 10794.02 
867.0 63.0 0.180313600002 10619.6864 
800.0 145.0 0.162150400002 10637.8496 
858.0 121.0 0.267470400003 10532.5296 
821.0 253.0 0.0476560000004 10752.344 
843.0 240.0 0.0476560000004 10752.344 
880.0 381.0 0.128338600001 10671.6614 
838.0 382.0 0.31828608 10481.71392 
846.0 454.0 0.0259800000007 10774.02 
871.0 566.0 0.109044000001 10690.956 
860.0 539.0 0.0311200000009 10768.88 
836.0 665.0 0.0476560000004 10752.344 
869.0 639.0 0.341983320001 10458.01668 
866.0 765.0 0.0270608800005 10772.93912 
842.0 760.0 0.193328800001 10606.6712 
828.0 841.0 0.0476560000004 10752.344 
869.0 945.0 0.0657616000004 10734.2384 
841.0 937.0 0.0196000000005 10780.4 
928.0 43.0 0.133660440001 10666.33956 
956.0 52.0 0.0286914000002 10771.3086 
967.0 142.0 0.00590000000017 10794.1 
967.0 141.0 0.00591179999983 10794.0882 
941.0 269.0 0.0476560000004 10752.344 
964.0 354.0 0.0497900800003 10750.20992 
918.0 354.0 0.0986240800008 10701.37592 
956.0 448.0 0.0083223600002 10791.67764 
956.0 461.0 0.00622000000017 10793.78 
953.0 543.0 0.00646000000018 10793.54 
959.0 570.0 0.0163438000001 10783.6562 
923.0 672.0 0.208809800002 10591.1902 
928.0 749.0 0.19034424 10609.65576 
986.0 790.0 0.0902560000003 10709.744 
921.0 845.0 0.00650000000018 10793.5 
985.0 851.0 0.0666160000001 10733.384 
932.0 945.0 0.141498960001 10658.50104 
964.0 936.0 0.0335282000005 10766.4718 
