500.0 500.0
3.0 94.0 0.07783392 10722.16608 
21.0 213.0 0.123962400002 10676.0376 
84.0 107.0 0.0529726000005 10747.0274 
21.0 162.0 0.168366560001 10631.63344 
40.0 231.0 0.139747920001 10660.25208 
45.0 275.0 0.278347200001 10521.6528 
61.0 333.0 0.0307800000009 10769.22 
33.0 346.0 0.0986492800005 10701.35072 
21.0 424.0 0.0576240000009 10742.376 
42.0 442.0 0.286239360002 10513.76064 
63.0 566.0 0.0310400000009 10768.96 
23.0 540.0 0.0355327999999 10764.4672 
37.0 640.0 0.34609056 10453.90944 
40.0 687.0 0.136230080001 10663.76992 
65.0 754.0 0.0922771200009 10707.72288 
20.0 733.0 0.0615977600005 10738.40224 
48.0 857.0 0.0534016800006 10746.59832 
69.0 834.0 0.0761483200002 10723.85168 
45.0 951.0 0.0215358400002 10778.46416 
53.0 939.0 0.173651600001 10626.3484 
149.0 61.0 0.0747606000008 10725.2394 
146.0 74.0 0.102674760001 10697.32524 
128.0 130.0 0.0547176000006 10745.2824 
154.0 147.0 0.0308400000009 10769.16 
119.0 270.0 0.0101151600001 10789.88484 
134.0 258.0 0.00582000000016 10794.18 
160.0 355.0 0.154234400001 10645.7656 
144.0 368.0 0.0501650000011 10749.835 
120.0 440.0 0.180611320002 10619.38868 
153.0 470.0 0.246682999999 10553.317 
169.0 549.0 0.0137827199999 10786.21728 
169.0 523.0 0.036960000001 10763.04 
155.0 643.0 0.00574000000016 10794.26 
139.0 639.0 0.00886256000002 10791.13744 
145.0 753.0 0.0534016800006 10746.59832 
144.0 771.0 0.0183600000005 10781.64 
138.0 838.0 0.0459321200003 10754.06788 
132.0 819.0 0.120230560001 10679.76944 
126.0 934.0 0.0494286400006 10750.57136 
146.0 943.0 0.0187200000005 10781.28 
197.0 90.0 0.145584560001 10654.41544 
252.0 17.0 0.0820960000001 10717.904 
276.0 147.0 0.0805073200005 10719.49268 
302.0 159.0 0.0418914000005 10758.1086 
238.0 282.0 0.109543200001 10690.4568 
237.0 238.0 0.0392767600005 10760.72324 
252.0 338.0 0.267584000001 10532.416 
230.0 369.0 0.0132000000004 10786.8 
283.0 453.0 0.109820320001 10690.17968 
263.0 479.0 0.135891600001 10664.1084 
269.0 555.0 0.104395920001 10695.60408 
267.0 547.0 0.111847800001 10688.1522 
258.0 659.0 0.0193800000005 10780.62 
261.0 684.0 0.0362132800003 10763.78672 
237.0 751.0 0.0952866000002 10704.7134 
239.0 736.0 0.0940036000002 10705.9964 
255.0 854.0 0.0071416 10792.8584 
254.0 846.0 0.00632000000017 10793.68 
226.0 933.0 0.0138360000003 10786.164 
248.0 946.0 0.00600000000017 10794.0 
314.0 55.0 0.0701904000009 10729.8096 
338.0 82.0 0.25941376 10540.58624 
323.0 149.0 0.0260860000004 10773.914 
346.0 160.0 0.036820000001 10763.18 
366.0 240.0 0.0981048000004 10701.8952 
360.0 253.0 0.0534016800006 10746.59832 
335.0 340.0 0.0968401600008 10703.15984 
328.0 360.0 0.199793080001 10600.20692 
340.0 498.0 0.0798623199998 10720.13768 
342.0 415.0 0.0296600000008 10770.34 
343.0 570.0 0.258713280002 10541.28672 
349.0 508.0 0.036360000001 10763.64 
357.0 676.0 0.0630124000009 10736.9876 
370.0 647.0 0.219520000002 10580.48 
364.0 746.0 0.0918378000008 10708.1622 
329.0 761.0 0.0534016800006 10746.59832 
333.0 872.0 0.0536036000006 10746.3964 
336.0 848.0 0.0190800000005 10780.92 
356.0 941.0 0.166516 10633.484 
347.0 952.0 0.0208486400003 10779.15136 
463.0 34.0 0.0235697600006 10776.43024 
474.0 53.0 0.187517200001 10612.4828 
459.0 147.0 0.0135842000001 10786.4158 
456.0 171.0 0.00626000000017 10793.74 
446.0 246.0 0.0121800000003 10787.82 
445.0 228.0 0.0263369999999 10773.663 
447.0 335.0 0.00889823999981 10791.10176 
457.0 347.0 0.00598000000017 10794.02 
444.0 432.0 0.0315096000002 10768.4904 
475.0 445.0 0.106224 10693.776 
470.0 538.0 0.0534443200006 10746.55568 
459.0 572.0 0.0442800000012 10755.72 
451.0 678.0 0.214498400001 10585.5016 
427.0 623.0 0.403310000003 10396.69 
476.0 754.0 0.0693762400007 10730.62376 
421.0 735.0 0.150176520001 10649.82348 
475.0 843.0 0.03243592 10767.56408 
434.0 868.0 0.0534016800006 10746.59832
451.0 975.0 0.0167156000002 10783.2844 
442.0 948.0 0.0129200000004 10787.08 
568.0 74.0 0.0868828000007 10713.1172 
553.0 58.0 0.185735280001 10614.26472 
558.0 117.0 0.308428000002 10491.572 
579.0 139.0 0.121304000002 10678.696 
566.0 256.0 0.191690400003 10608.3096 
546.0 229.0 0.0330402400003 10766.95976 
541.0 341.0 0.0802000000022 10719.8 
589.0 347.0 0.529236000005 10270.764 
584.0 475.0 0.235059200005 10564.9408 
552.0 479.0 0.462007200001 10337.9928 
522.0 527.0 0.0768526800018 10723.14732 
519.0 554.0 0.15798008 10642.01992 
536.0 614.0 0.129109320001 10670.89068 
562.0 636.0 0.0311296000002 10768.8704 
543.0 758.0 0.029673 10770.327 
543.0 723.0 0.00674000000018 10793.26 
516.0 824.0 0.0120800000003 10787.92 
555.0 888.0 0.0697337999999 10730.2662 
528.0 935.0 0.00654000000018 10793.46 
496.0 956.0 0.0257022000002 10774.2978 
637.0 37.0 0.0534016800006 10746.59832 
662.0 25.0 0.00670000000018 10793.3 
608.0 161.0 0.593881200005 10206.1188 
639.0 153.0 0.127113600002 10672.8864 
624.0 280.0 1.0638236 9736.1764 
662.0 212.0 0.845973600004 9954.0264 
664.0 388.0 0.24528656 10554.71344 
682.0 365.0 0.118930040002 10681.06996 
622.0 423.0 0.0315200000009 10768.48 
620.0 458.0 0.200578400004 10599.4216 
638.0 511.0 0.433514560003 10366.48544 
643.0 559.0 0.114238680002 10685.76132 
648.0 615.0 0.0585886000006 10741.4114 
638.0 662.0 0.0534016800006 10746.59832 
657.0 765.0 0.05233232 10747.66768 
681.0 739.0 0.0188800000005 10781.12 
649.0 849.0 0.0186000000005 10781.4 
685.0 853.0 0.079986400001 10720.0136 
677.0 954.0 0.0126800000003 10787.32 
654.0 974.0 0.0250542800002 10774.94572 
728.0 42.0 0.0173798000002 10782.6202 
739.0 68.0 0.00670000000018 10793.3 
771.0 174.0 0.117792000001 10682.208 
776.0 147.0 0.00664000000018 10793.36 
770.0 269.0 0.0613200000017 10738.68 
791.0 244.0 0.682735360001 10117.26464 
773.0 381.0 0.12386128 10676.13872 
733.0 337.0 0.183966800001 10616.0332 
743.0 497.0 0.0671240000006 10732.876 
724.0 461.0 0.00620000000017 10793.8 
770.0 558.0 0.0750568000006 10724.9432 
711.0 541.0 0.295841400001 10504.1586 
756.0 672.0 0.0256000000007 10774.4 
782.0 667.0 0.0587382000001 10741.2618 
717.0 731.0 0.0872080000006 10712.792 
753.0 761.0 0.0780487999999 10721.9512 
740.0 880.0 0.13179064 10668.20936 
795.0 873.0 0.0422600000012 10757.74 
724.0 975.0 0.0507460000004 10749.254 
776.0 936.0 0.0852822400007 10714.71776 
845.0 46.0 0.0126000000003 10787.4 
865.0 24.0 0.0235969600003 10776.40304 
872.0 183.0 0.189326080002 10610.67392 
855.0 159.0 0.109952800001 10690.0472 
885.0 256.0 0.0785524400015 10721.44756 
858.0 248.0 0.450309600001 10349.6904 
821.0 311.0 0.651783600003 10148.2164 
853.0 355.0 0.102978400002 10697.0216 
830.0 437.0 0.0978894000004 10702.1106 
826.0 441.0 0.00622000000017 10793.78 
839.0 544.0 0.0245800000007 10775.42 
847.0 534.0 0.0265611200006 10773.43888 
864.0 632.0 0.0423536000011 10757.6464 
846.0 628.0 0.201489240001 10598.51076 
860.0 728.0 0.0534016800006 10746.59832 
843.0 742.0 0.0534016800006 10746.59832 
850.0 878.0 0.202468 10597.532 
840.0 853.0 0.0587950000006 10741.205 
831.0 942.0 0.126334880002 10673.66512 
878.0 936.0 0.212224960001 10587.77504 
937.0 84.0 0.06400064 10735.99936 
919.0 60.0 0.0911347200005 10708.86528 
907.0 151.0 0.0658474400009 10734.15256 
946.0 148.0 0.00616000000017 10793.84 
915.0 228.0 0.171287120002 10628.71288 
970.0 258.0 0.0658940000003 10734.106 
963.0 365.0 0.0505668000003 10749.4332 
949.0 349.0 0.0667320800001 10733.26792 
940.0 463.0 0.0368405999999 10763.1594 
932.0 412.0 0.0182200000005 10781.78 
903.0 588.0 0.279966560001 10520.03344 
991.0 550.0 0.0534016800006 10746.59832 
947.0 644.0 0.0960044800005 10703.99552 
958.0 640.0 0.0987113600005 10701.28864 
944.0 730.0 0.0534016800006 10746.59832 
938.0 750.0 0.0534016800006 10746.59832 
963.0 851.0 0.0364024799999 10763.59752 
919.0 836.0 0.00684000000019 10793.16 
924.0 963.0 0.0659318000006 10734.0682 
934.0 944.0 0.0693240000005 10730.676 
