500.0 500.0
50.0 47.0 0.0931280000005 10706.872 
111.0 192.0 0.104921040001 10695.07896 
59.0 147.0 0.0827738000006 10717.2262 
180.0 243.0 0.0314800000009 10768.52 
61.0 285.0 0.1340164 10665.9836 
50.0 237.0 0.0490440000003 10750.956 
29.0 342.0 0.0219024000005 10778.0976 
42.0 348.0 0.0191800000005 10780.82 
42.0 459.0 0.00618000000017 10793.82 
35.0 466.0 0.0786219600003 10721.37804 
66.0 536.0 0.00618000000017 10793.82 
123.0 417.0 0.0501060000009 10749.894 
44.0 610.0 0.0122200000003 10787.78 
17.0 664.0 0.166385240001 10633.61476 
81.0 699.0 0.217008 10582.992 
28.0 722.0 0.0609964000004 10739.0036 
152.0 414.0 0.274874000001 10525.126 
61.0 849.0 0.0111768800002 10788.82312 
48.0 965.0 0.0111768800002 10788.82312 
334.0 251.0 0.00642000000018 10793.58 
120.0 77.0 0.200274440001 10599.72556 
193.0 45.0 0.15659216 10643.40784 
129.0 161.0 0.0974569600012 10702.54304 
151.0 180.0 0.110681200001 10689.3188 
148.0 215.0 0.304435400002 10495.5646 
152.0 269.0 0.153109400002 10646.8906 
128.0 358.0 0.0830262400007 10716.97376 
184.0 340.0 0.108732160001 10691.26784 
143.0 460.0 0.0465096000003 10753.4904 
160.0 499.0 0.0862857600007 10713.71424 
153.0 553.0 0.0404999200005 10759.50008 
179.0 538.0 0.386966000002 10413.034 
195.0 693.0 0.105430160001 10694.56984 
128.0 646.0 0.0241400000007 10775.86 
177.0 739.0 0.0556288000003 10744.3712 
129.0 722.0 0.101341560001 10698.65844 
149.0 828.0 0.0111768800002 10788.82312 
145.0 852.0 0.0111768800002 10788.82312 
170.0 939.0 0.0111768800002 10788.82312 
143.0 956.0 0.0111768800002 10788.82312 
246.0 49.0 0.0259246400004 10774.07536 
248.0 51.0 0.0258200000007 10774.18 
238.0 182.0 0.0716920000015 10728.308 
275.0 159.0 0.0111768800002 10788.82312 
210.0 236.0 0.226645520003 10573.35448 
251.0 221.0 0.604217520001 10195.78248 
265.0 331.0 0.116396240001 10683.60376 
232.0 362.0 0.209706000002 10590.294 
223.0 419.0 0.223197920001 10576.80208 
249.0 449.0 0.0444600000012 10755.54 
232.0 542.0 0.0739720000018 10726.028 
258.0 550.0 0.541989600004 10258.0104 
240.0 659.0 0.0244600000007 10775.54 
235.0 659.0 0.0247510000007 10775.249 
246.0 757.0 0.00626000000017 10793.74 
272.0 724.0 0.0743480800003 10725.65192 
236.0 840.0 0.00666816000018 10793.33184 
240.0 834.0 0.00604000000017 10793.96 
291.0 932.0 0.0923534400011 10707.64656 
277.0 951.0 0.0111768800002 10788.82312 
356.0 72.0 0.00636000000018 10793.64 
331.0 59.0 0.0278568000003 10772.1432 
354.0 199.0 0.0346294799998 10765.37052 
334.0 100.0 0.00636000000018 10793.64 
320.0 256.0 0.0500800000014 10749.92 
363.0 245.0 0.00642000000018 10793.58 
338.0 361.0 0.210130000001 10589.87 
342.0 365.0 0.109006880001 10690.99312 
363.0 436.0 0.373670000003 10426.33 
359.0 448.0 0.122901080001 10677.09892 
354.0 554.0 0.642079840002 10157.92016 
336.0 544.0 0.160215520001 10639.78448 
358.0 634.0 0.00606000000017 10793.94 
369.0 651.0 0.0110292000003 10788.9708 
347.0 761.0 0.0135511199999 10786.44888 
358.0 740.0 0.00638000000018 10793.62 
355.0 842.0 0.0296800000008 10770.32 
386.0 870.0 0.254388480002 10545.61152 
361.0 955.0 0.0465309200011 10753.46908 
363.0 932.0 0.280481800001 10519.5182 
452.0 29.0 0.01520992 10784.79008 
456.0 55.0 0.00638000000018 10793.62 
421.0 187.0 0.00606000000017 10793.94 
476.0 144.0 0.0718728799999 10728.12712 
477.0 255.0 0.0111768800002 10788.82312 
476.0 274.0 0.0126800000003 10787.32 
428.0 379.0 0.127661120001 10672.33888 
447.0 384.0 0.00632000000017 10793.68 
435.0 457.0 0.631945360002 10168.05464 
490.0 475.0 0.0589610000015 10741.039 
426.0 562.0 0.239363320001 10560.63668 
443.0 544.0 0.809430400001 9990.5696 
450.0 609.0 0.177982800003 10622.0172 
443.0 683.0 0.0119200000003 10788.08 
472.0 726.0 0.0410796000001 10758.9204 
452.0 724.0 0.0348260000004 10765.174 
443.0 858.0 0.0425200000012 10757.48 
460.0 867.0 0.0288215999997 10771.1784 
427.0 949.0 0.0879308000009 10712.0692 
441.0 940.0 0.116362400001 10683.6376 
552.0 39.0 0.0111768800002 10788.82312 
550.0 53.0 0.0111768800002 10788.82312 
519.0 150.0 0.108152840001 10691.84716 
554.0 170.0 0.00674000000018 10793.26 
526.0 228.0 0.13648176 10663.51824 
553.0 249.0 0.0126800000003 10787.32 
591.0 358.0 0.117944000002 10682.056 
564.0 344.0 0.0322400000009 10767.76 
506.0 453.0 0.114043200001 10685.9568 
537.0 423.0 0.0404842000005 10759.5158 
553.0 556.0 0.168602600002 10631.3974 
525.0 569.0 1.10973136 9690.26864 
559.0 685.0 0.625949000003 10174.051 
533.0 640.0 1.06535440001 9734.64559999 
617.0 782.0 0.452858080005 10347.14192 
577.0 746.0 0.758052400004 10041.9476 
553.0 865.0 0.0477368800011 10752.26312 
552.0 855.0 0.0244400000007 10775.56 
539.0 943.0 0.285541600001 10514.4584 
549.0 946.0 0.0317687600006 10768.23124 
633.0 105.0 0.0661544000008 10733.8456 
670.0 51.0 0.00642000000018 10793.58 
627.0 157.0 0.258425760001 10541.57424 
645.0 142.0 0.0388770000008 10761.123 
684.0 263.0 0.0473211200002 10752.67888 
634.0 234.0 0.0251200000007 10774.88 
657.0 342.0 0.130624640002 10669.37536 
648.0 338.0 0.215730600002 10584.2694 
668.0 446.0 0.0189600000005 10781.04 
672.0 422.0 0.0262060800005 10773.79392 
659.0 550.0 0.012543 10787.457 
639.0 545.0 0.00678000000018 10793.22 
666.0 643.0 0.0188000000005 10781.2 
687.0 643.0 0.0481416000005 10751.8584 
632.0 776.0 0.174352000003 10625.648 
622.0 762.0 0.160629200004 10639.3708 
676.0 856.0 0.0928816000021 10707.1184 
674.0 824.0 0.571629960004 10228.37004 
606.0 947.0 0.0874432000005 10712.5568 
682.0 939.0 0.00604000000017 10793.96 
756.0 77.0 0.0726946000004 10727.3054 
718.0 64.0 0.0442733200005 10755.72668 
763.0 139.0 0.0289240000002 10771.076 
775.0 155.0 0.0126800000003 10787.32 
773.0 238.0 0.0121600000003 10787.84 
722.0 252.0 0.0111768800002 10788.82312 
720.0 354.0 0.195340800001 10604.6592 
751.0 360.0 0.0346180000007 10765.382 
745.0 446.0 0.0957998400001 10704.20016 
725.0 450.0 0.0604908000006 10739.5092 
761.0 585.0 0.00901824000018 10790.98176 
747.0 579.0 0.0124000000003 10787.6 
754.0 635.0 0.0883814400006 10711.61856 
741.0 633.0 0.0708886400007 10729.11136 
721.0 729.0 0.00618000000017 10793.82 
751.0 729.0 0.0173040000002 10782.696 
737.0 851.0 0.220352160003 10579.64784 
714.0 838.0 0.156429440001 10643.57056 
726.0 927.0 0.0978110400007 10702.18896 
713.0 954.0 0.0265268800004 10773.47312 
891.0 55.0 0.00694000000019 10793.06 
863.0 59.0 0.0670439999999 10732.956 
845.0 138.0 0.0111768800002 10788.82312 
846.0 128.0 0.00604000000017 10793.96 
846.0 263.0 0.0859895999999 10714.0104 
843.0 253.0 0.0732500000002 10726.75 
853.0 386.0 0.120540000001 10679.46 
888.0 361.0 0.0540120000005 10745.988 
808.0 426.0 0.0250600000007 10774.94 
877.0 430.0 0.15943796 10640.56204 
847.0 553.0 0.00854688000022 10791.45312 
847.0 539.0 0.00614000000017 10793.86 
860.0 658.0 0.00796900000033 10792.031 
852.0 665.0 0.00650000000018 10793.5 
878.0 741.0 0.0120800000003 10787.92 
825.0 764.0 0.0111768800002 10788.82312 
790.0 850.0 0.192087200001 10607.9128 
819.0 850.0 0.0287084000004 10771.2916 
819.0 947.0 0.00732715999998 10792.67284 
811.0 952.0 0.00622000000017 10793.78 
940.0 58.0 0.0403908000003 10759.6092 
982.0 14.0 0.0111768800002 10788.82312 
934.0 142.0 0.00628000000017 10793.72 
952.0 159.0 0.0139792799998 10786.02072 
969.0 295.0 0.146555200001 10653.4448 
944.0 239.0 0.0630311200003 10736.96888 
968.0 362.0 0.0528448800007 10747.15512 
944.0 357.0 0.0184400000005 10781.56 
952.0 451.0 0.0980980000006 10701.902 
955.0 450.0 0.0752579999999 10724.742 
964.0 549.0 0.0330206400001 10766.97936 
938.0 519.0 0.0196000000005 10780.4 
936.0 604.0 0.00678000000018 10793.22 
941.0 618.0 0.0160967600004 10783.90324 
948.0 737.0 0.0197928000006 10780.2072 
937.0 736.0 0.10298496 10697.01504 
953.0 846.0 0.00654000000018 10793.46 
996.0 857.0 0.0323075999999 10767.6924 
933.0 919.0 0.00648000000018 10793.52 
935.0 959.0 0.0272678400002 10772.73216 
