500.0 500.0
30.0 28.0 0.0111768800002 10788.82312 
57.0 118.0 0.0408112000009 10759.1888 
42.0 118.0 0.0502090000008 10749.791 
69.0 142.0 0.292548800001 10507.4512 
47.0 237.0 0.0932418400005 10706.75816 
32.0 274.0 0.0111768800002 10788.82312 
39.0 355.0 0.0714440000005 10728.556 
26.0 364.0 0.0637100000008 10736.29 
46.0 455.0 0.0502090000008 10749.79 
47.0 411.0 0.30001952 10499.98048 
43.0 561.0 0.00598000000017 10794.02 
31.0 540.0 0.0129766000001 10787.0234 
74.0 643.0 0.0502090000008 10749.79 
157.0 164.0 0.153434760002 10646.56524 
52.0 741.0 0.0270264000007 10772.9736 
78.0 743.0 0.133919000001 10666.081 
19.0 854.0 0.0685128000005 10731.4872 
83.0 846.0 0.190643000001 10609.357 
70.0 936.0 0.0502090000008 10749.79 
46.0 959.0 0.0502090000008 10749.79 
166.0 53.0 0.118436800001 10681.5632 
147.0 58.0 0.0502090000008 10749.79 
145.0 130.0 0.432087200002 10367.9128 
163.0 140.0 0.223368560004 10576.63144 
149.0 247.0 0.0124600000003 10787.54 
126.0 231.0 0.0446422000004 10755.3578 
145.0 389.0 0.187627840001 10612.37216 
159.0 349.0 0.0422124800001 10757.78752 
115.0 453.0 0.179602800001 10620.3972 
163.0 462.0 0.0382800000011 10761.72 
129.0 550.0 0.0502090000008 10749.79 
174.0 546.0 0.0502090000008 10749.79 
192.0 644.0 0.140995400002 10659.0046 
192.0 666.0 0.0786331200019 10721.36688 
162.0 723.0 0.720346000005 10079.654 
132.0 750.0 0.265609520003 10534.39048 
140.0 874.0 0.0822240000011 10717.776 
154.0 818.0 0.330068320001 10469.93168 
179.0 963.0 0.0486120000006 10751.388 
194.0 961.0 0.0389997600007 10761.00024 
276.0 48.0 0.14947656 10650.52344 
225.0 29.0 0.0580275200003 10741.97248 
215.0 141.0 0.216786000004 10583.214 
240.0 128.0 0.687550000003 10112.45 
257.0 278.0 0.00636000000018 10793.64 
250.0 254.0 0.0143099999999 10785.69 
275.0 366.0 0.0837177200001 10716.28228 
280.0 361.0 0.0717012800003 10728.29872 
253.0 477.0 0.0920324800003 10707.96752 
261.0 435.0 0.00592000000017 10794.08 
253.0 569.0 0.0198618000004 10780.1382 
259.0 566.0 0.191942 10608.058 
266.0 653.0 0.0670400000019 10732.96 
213.0 666.0 0.484738640002 10315.26136 
251.0 756.0 0.0353046400006 10764.69536 
287.0 747.0 0.12015224 10679.84776 
256.0 854.0 0.0502090000008 10749.79 
211.0 870.0 0.0416000000012 10758.4 
243.0 974.0 0.117588560001 10682.41144 
209.0 937.0 0.193553880001 10606.44612 
357.0 72.0 0.0502090000008 10749.79 
363.0 37.0 0.0502090000008 10749.79 
309.0 110.0 0.0701600000019 10729.84 
370.0 167.0 0.0854176000006 10714.5824 
383.0 249.0 0.0390442400001 10760.95576 
389.0 235.0 0.07947832 10720.52168 
371.0 346.0 0.0502090000008 10749.79 
349.0 377.0 0.0123000000003 10787.7 
329.0 487.0 0.0442430000001 10755.757 
361.0 486.0 0.0124600000003 10787.54 
330.0 593.0 0.159275200002 10640.7248 
336.0 545.0 0.0316000000009 10768.4 
364.0 668.0 0.177836000002 10622.164 
360.0 631.0 0.610299760002 10189.70024 
340.0 722.0 0.187969440002 10612.03056 
336.0 742.0 0.115976000001 10684.024 
360.0 900.0 0.17978856 10620.21144 
367.0 848.0 0.0247600000007 10775.24 
308.0 936.0 0.112276600001 10687.7234 
362.0 943.0 0.125382200001 10674.6178 
453.0 34.0 0.00592000000017 10794.08 
451.0 33.0 0.00597920000023 10794.0208 
442.0 156.0 0.180227000001 10619.773 
432.0 144.0 0.0281934400003 10771.80656 
488.0 209.0 0.491440080002 10308.55992 
432.0 260.0 0.0557200000015 10744.28 
439.0 344.0 0.00624000000017 10793.76 
483.0 326.0 0.0344447999998 10765.5552 
473.0 458.0 0.113102480001 10686.89752 
411.0 441.0 0.0704998400005 10729.50016 
435.0 557.0 0.777782600009 10022.2174 
459.0 508.0 0.503931200002 10296.0688 
437.0 634.0 1.19875960001 9601.24039999 
440.0 656.0 0.186693600005 10613.3064 
467.0 711.0 0.134359440002 10665.64056 
475.0 707.0 0.281096480002 10518.90352 
505.0 849.0 0.0681360000012 10731.864 
456.0 846.0 0.00600000000017 10794.0 
451.0 926.0 0.00634000000017 10793.66 
472.0 965.0 0.0312181600001 10768.78184 
539.0 117.0 0.0218042400005 10778.19576 
584.0 76.0 0.0502090000008 10749.79 
548.0 132.0 0.0522026000013 10747.7974 
526.0 145.0 0.269842400001 10530.1576 
552.0 257.0 0.0502090000008 10749.79 
554.0 227.0 0.036920000001 10763.08 
558.0 363.0 0.0121800000003 10787.82 
576.0 372.0 0.0971619200006 10702.83808 
546.0 447.0 0.236546000001 10563.454 
552.0 446.0 0.203304000002 10596.696 
554.0 566.0 0.244576160003 10555.42384 
553.0 545.0 0.872033680001 9927.96632 
554.0 640.0 0.703178880003 10096.82112 
546.0 651.0 0.0969398000027 10703.0602 
562.0 745.0 0.0970752000011 10702.9248 
514.0 739.0 0.159404600002 10640.5954 
571.0 843.0 0.1648904 10635.1096 
542.0 836.0 0.0496800000014 10750.32 
542.0 950.0 0.0147200000001 10785.28 
567.0 945.0 0.0127600000004 10787.24 
654.0 58.0 0.00656000000018 10793.44 
660.0 54.0 0.00724224000019 10792.75776 
672.0 151.0 0.0502090000008 10749.79 
626.0 163.0 0.0724130400005 10727.58696 
656.0 252.0 0.0127400000004 10787.26 
643.0 225.0 0.0420610400005 10757.93896 
644.0 328.0 0.0502090000008 10749.79 
626.0 351.0 0.0713031999999 10728.6968 
655.0 482.0 0.075726480001 10724.27352 
610.0 448.0 0.147879640001 10652.12036 
643.0 549.0 0.0358532000005 10764.1468 
614.0 547.0 0.252994000004 10547.006 
680.0 671.0 0.263022320001 10536.97768 
620.0 670.0 0.520340480004 10279.65952 
610.0 754.0 0.0492218000005 10750.7782 
648.0 710.0 0.072378720001 10727.62128 
636.0 881.0 0.179637000003 10620.363 
614.0 872.0 0.272504800002 10527.4952 
656.0 931.0 0.261735600001 10538.2644 
642.0 946.0 0.135847200001 10664.1528 
753.0 68.0 0.00600000000017 10794.0 
755.0 40.0 0.0154560000002 10784.544 
729.0 120.0 0.0676120000002 10732.388 
758.0 173.0 0.0467650000006 10753.235 
763.0 278.0 0.0902724799999 10709.72752 
781.0 197.0 0.037160000001 10762.84 
755.0 352.0 0.0192832000002 10780.7168 
731.0 350.0 0.0123000000003 10787.7 
760.0 445.0 0.100252880002 10699.74712 
733.0 467.0 0.0491400000014 10750.86 
751.0 538.0 0.3153998 10484.6002 
777.0 545.0 0.0545100000013 10745.49 
749.0 668.0 0.257324800002 10542.6752 
757.0 647.0 0.0181600000005 10781.84 
749.0 735.0 0.0892387600004 10710.76124 
735.0 738.0 0.0933635200009 10706.63648 
761.0 851.0 0.0492300000003 10750.77 
750.0 853.0 0.0246000000007 10775.4 
718.0 952.0 0.149868000001 10650.132 
772.0 965.0 0.0582880000006 10741.712 
854.0 60.0 0.124907000001 10675.093 
842.0 64.0 0.129480840001 10670.51916 
868.0 133.0 0.293380200002 10506.6198 
832.0 166.0 0.0442600000012 10755.74 
829.0 239.0 0.243693760001 10556.30624 
866.0 275.0 0.153612000001 10646.388 
856.0 382.0 0.0252101200006 10774.78988 
838.0 369.0 0.0756469600006 10724.35304 
812.0 434.0 0.0184400000005 10781.56 
825.0 406.0 0.266692480001 10533.30752 
871.0 551.0 0.0573207600001 10742.67924 
816.0 535.0 0.152802800001 10647.1972 
821.0 648.0 0.198143040001 10601.85696 
885.0 647.0 0.134939640001 10665.06036 
851.0 731.0 0.00608000000017 10793.92 
840.0 777.0 0.0332819199997 10766.71808 
833.0 881.0 0.280164640002 10519.83536 
858.0 862.0 0.0310200000009 10768.98 
860.0 964.0 0.0256894400004 10774.31056 
863.0 937.0 0.147559840001 10652.44016 
958.0 39.0 0.0224732000003 10777.5268 
955.0 55.0 0.19464992 10605.35008 
939.0 165.0 0.394036000002 10405.964 
923.0 127.0 0.120980000001 10679.02 
948.0 233.0 0.0252000000007 10774.8 
922.0 237.0 0.0502090000008 10749.79 
909.0 321.0 0.1361064 10663.8936 
943.0 380.0 0.0828752400007 10717.12476 
947.0 461.0 0.0182600000005 10781.74 
969.0 453.0 0.0311836800004 10768.81632 
965.0 567.0 0.0552720000003 10744.728 
961.0 514.0 0.0979418000003 10702.0582 
960.0 657.0 0.0855150000003 10714.485 
989.0 645.0 0.0502090000008 10749.79 
960.0 781.0 0.0309107200001 10769.08928 
976.0 741.0 0.00656000000018 10793.44 
951.0 841.0 0.0502090000008 10749.79
923.0 871.0 0.193485600001 10606.5144 
922.0 938.0 0.101092400001 10698.9076 
936.0 943.0 0.112318400001 10687.6816 
