500.0 500.0
68.0 70.0 0.0999247200002 10700.07528 
210.0 96.0 0.346659200004 10453.3408 
264.0 0.0 0.0109792799998 10789.02072 
156.0 42.0 0.141630080002 10658.36992 
37.0 209.0 0.0534016800006 10746.59832 
172.0 153.0 0.00596000000017 10794.04 
21.0 332.0 0.0133959999999 10786.604 
43.0 333.0 0.00680000000018 10793.2 
71.0 461.0 0.00624000000017 10793.76 
49.0 420.0 0.0332591999997 10766.7408 
55.0 561.0 0.0534016800006 10746.59832 
27.0 580.0 0.00582000000016 10794.18 
42.0 645.0 0.0313999600003 10768.60004 
75.0 655.0 0.141355640001 10658.64436 
3.0 766.0 0.0484354400004 10751.56456 
0.0 733.0 0.0131400000004 10786.86 
60.0 858.0 0.00644000000018 10793.56 
34.0 824.0 0.0752860000001 10724.714 
58.0 974.0 0.0534016800006 10746.59832 
31.0 987.0 0.0534016800006 10746.59832 
138.0 33.0 0.0735329600011 10726.46704 
162.0 57.0 0.212747000002 10587.253 
117.0 194.0 0.0808253600006 10719.17464 
143.0 167.0 0.0247610400003 10775.23896 
140.0 291.0 0.0460544000003 10753.9456 
141.0 255.0 0.17177904 10628.22096 
146.0 384.0 0.0563905600005 10743.60944 
178.0 320.0 0.0254200000007 10774.58 
174.0 424.0 0.183212800002 10616.7872 
142.0 431.0 0.0398090000006 10760.191 
174.0 562.0 0.0498930000006 10750.107 
165.0 539.0 0.0492220000006 10750.778 
142.0 657.0 0.0608572000011 10739.1428 
171.0 658.0 0.0183000000005 10781.7 
145.0 748.0 0.122728720002 10677.27128 
163.0 789.0 0.119807680002 10680.19232 
166.0 837.0 0.114196640002 10685.80336 
165.0 859.0 0.0817387200005 10718.26128 
154.0 936.0 0.00680000000018 10793.2 
162.0 959.0 0.0148647999998 10785.1352 
253.0 58.0 0.104082480001 10695.91752 
258.0 19.0 0.00612000000017 10793.88 
268.0 120.0 0.68214592 10117.85408 
250.0 181.0 0.0964358800006 10703.56412 
249.0 248.0 0.0310600000008 10768.94 
252.0 254.0 0.288936240001 10511.06376 
263.0 367.0 0.00586000000016 10794.14 
259.0 328.0 0.0422136400008 10757.78636 
228.0 442.0 0.097838400002 10702.1616 
260.0 446.0 0.0254800000007 10774.52 
254.0 588.0 0.207066600002 10592.9334 
204.0 537.0 0.244277 10555.723 
286.0 627.0 0.405078400001 10394.9216 
233.0 626.0 0.0827836000012 10717.2164 
245.0 725.0 0.037620000001 10762.38 
206.0 789.0 0.49162308 10308.37692 
272.0 855.0 0.00646000000018 10793.54 
203.0 851.0 0.118440760002 10681.55924 
241.0 938.0 0.0827316000003 10717.2684 
239.0 981.0 0.0534016800006 10746.59832 
332.0 63.0 0.0555136800006 10744.48632 
379.0 48.0 0.213060680001 10586.93932 
337.0 160.0 0.21627448 10583.72552 
372.0 157.0 0.0498600000014 10750.14 
368.0 242.0 0.101562200001 10698.4378 
329.0 271.0 0.35488 10445.12 
349.0 338.0 0.0323664000006 10767.6336 
343.0 348.0 0.0306800000009 10769.32 
352.0 465.0 0.140992000002 10659.008 
379.0 463.0 0.0969932000006 10703.0068 
361.0 547.0 0.0568600000016 10743.14 
357.0 541.0 0.521362240001 10278.63776 
346.0 618.0 0.756102000004 10043.898 
348.0 629.0 0.142895000002 10657.105 
374.0 760.0 0.158108600001 10641.8914 
331.0 777.0 0.0123200000003 10787.68 
374.0 818.0 0.0636460800007 10736.35392 
354.0 850.0 0.0880053600002 10711.99464 
324.0 968.0 0.00779159999987 10792.2084 
316.0 959.0 0.0123400000003 10787.66 
450.0 84.0 0.290725600001 10509.2744 
430.0 45.0 0.0685246000012 10731.4754 
470.0 151.0 0.0565600000016 10743.44 
441.0 141.0 0.0166579600002 10783.34204 
453.0 248.0 0.0534016800006 10746.59832 
444.0 255.0 0.00598000000017 10794.02 
470.0 397.0 0.101803600001 10698.1964 
488.0 363.0 0.22826 10571.74 
451.0 462.0 0.174989200001 10625.0108 
454.0 425.0 0.0190400000005 10780.96 
444.0 580.0 0.0776750400002 10722.32496 
411.0 515.0 0.0759000000021 10724.1 
438.0 664.0 0.00695520000001 10793.0448 
444.0 662.0 0.00644000000018 10793.56 
450.0 749.0 0.0181600000005 10781.84 
463.0 745.0 0.00626000000017 10793.74 
454.0 862.0 0.0150045600001 10784.99544 
457.0 835.0 0.00606000000017 10793.94 
427.0 946.0 0.0499925200003 10750.00748 
477.0 947.0 0.13537832 10664.62168 
529.0 10.0 0.0845244000003 10715.4756 
564.0 73.0 0.149581600001 10650.4184 
566.0 139.0 0.102897280002 10697.10272 
546.0 151.0 0.34014016 10459.85984 
537.0 227.0 0.029424 10770.576 
541.0 271.0 0.00600000000017 10794.0 
559.0 351.0 0.167712400001 10632.2876 
534.0 314.0 0.04404416 10755.95584 
574.0 472.0 1.817464 8982.536 
550.0 450.0 0.192680000003 10607.32 
579.0 539.0 1.35919 9440.81 
557.0 541.0 0.193769600003 10606.2304 
532.0 671.0 0.140615400001 10659.3846 
563.0 641.0 0.0318400000009 10768.16 
572.0 733.0 0.267342880001 10532.65712 
524.0 760.0 0.0699131600009 10730.08684 
551.0 850.0 0.00784391999989 10792.15608 
554.0 840.0 0.00644000000018 10793.56 
540.0 920.0 0.0243800000007 10775.62 
608.0 948.0 0.190419360001 10609.58064 
667.0 55.0 0.182296320001 10617.70368 
625.0 16.0 0.0573000000005 10742.7 
638.0 143.0 0.329345640002 10470.65436 
638.0 126.0 0.0661286000007 10733.8714 
677.0 215.0 0.135244000001 10664.756 
646.0 216.0 0.0607400000017 10739.26 
663.0 358.0 0.0240239999998 10775.976 
628.0 343.0 0.00616000000017 10793.84 
644.0 435.0 0.0534016800006 10746.59832 
630.0 472.0 0.171822560003 10628.17744 
697.0 543.0 0.883409040007 9916.59095999 
644.0 553.0 1.25937828001 9540.62171999 
641.0 634.0 0.0534016800006 10746.59832 
620.0 641.0 0.0460377200002 10753.96228 
675.0 717.0 0.0125400000003 10787.46 
593.0 762.0 0.0484008800007 10751.59912 
660.0 825.0 0.0621200000017 10737.88 
664.0 843.0 0.0662000000018 10733.8 
644.0 998.0 0.0619654400006 10738.03456 
677.0 927.0 0.591732000001 10208.268 
764.0 51.0 0.109568640001 10690.43136 
746.0 61.0 0.0846424800008 10715.35752 
731.0 123.0 0.0946294000012 10705.3706 
756.0 145.0 0.321291760002 10478.70824 
758.0 254.0 0.0299800000008 10770.02 
735.0 214.0 0.291685400002 10508.3146 
744.0 355.0 0.0500414000015 10749.9586 
743.0 357.0 0.0499800000014 10750.02 
787.0 449.0 0.0399387999999 10760.0612 
738.0 466.0 0.00626000000017 10793.74 
781.0 544.0 0.0314600000009 10768.54 
759.0 552.0 0.0534016800006 10746.59832 
775.0 686.0 0.280280800003 10519.7192 
749.0 624.0 0.789439840003 10010.56016 
753.0 760.0 0.0281967600004 10771.80324 
729.0 749.0 0.117895200001 10682.1048 
717.0 867.0 0.595067000003 10204.933 
721.0 848.0 0.0688900000004 10731.11 
747.0 960.0 0.552928640003 10247.07136 
805.0 948.0 0.310336320003 10489.66368 
821.0 58.0 0.158640960001 10641.35904 
850.0 40.0 0.0312742000003 10768.7258 
839.0 144.0 0.0187000000005 10781.3 
838.0 125.0 0.0443988000004 10755.6012 
840.0 281.0 0.0735100000005 10726.49 
851.0 256.0 0.0534016800006 10746.59832 
804.0 353.0 0.415160160003 10384.83984 
835.0 346.0 0.113798000002 10686.202 
840.0 412.0 0.334979480001 10465.02052 
890.0 440.0 0.176111200001 10623.8888 
870.0 561.0 0.232635920001 10567.36408 
815.0 549.0 0.347543400003 10452.4566 
819.0 640.0 0.457511680002 10342.48832 
872.0 667.0 0.258433200001 10541.5668 
835.0 724.0 0.154861920001 10645.13808 
874.0 763.0 0.0639270400008 10736.07296 
845.0 878.0 0.0234432 10776.5568 
863.0 844.0 0.0121000000003 10787.9 
878.0 961.0 0.262006960001 10537.99304 
865.0 979.0 0.109157880001 10690.84212 
986.0 65.0 0.16361896 10636.38104 
972.0 39.0 0.0279705600003 10772.02944 
939.0 120.0 0.101097400001 10698.9026 
957.0 161.0 0.0177400000005 10782.26 
937.0 266.0 0.00660000000018 10793.4 
945.0 227.0 0.0275219999999 10772.478 
954.0 364.0 0.0534016800006 10746.59832 
962.0 342.0 0.0534016800006 10746.59832 
929.0 421.0 0.0544284800006 10745.57152 
961.0 444.0 0.0905148800007 10709.48512 
959.0 546.0 0.0389457600008 10761.05424 
945.0 576.0 0.277210000002 10522.79 
932.0 668.0 0.0854010800008 10714.59892 
938.0 611.0 0.0469408800004 10753.05912 
972.0 751.0 0.0542368000001 10745.7632 
931.0 719.0 0.207539000001 10592.461 
960.0 827.0 0.0534016800006 10746.59832 
941.0 861.0 0.0849502799999 10715.04972 
980.0 981.0 0.0376929600005 10762.30704 
940.0 983.0 0.146212640001 10653.78736 
