500.0 500.0
64.0 39.0 0.0552921599999 10744.70784 
122.0 176.0 0.0178200000005 10782.18 
50.0 149.0 0.0897220800006 10710.27792 
79.0 183.0 0.0462964000005 10753.7036 
127.0 29.0 0.012017 10787.983 
39.0 246.0 0.0536080000005 10746.392 
47.0 398.0 0.0815707200018 10718.42928 
44.0 355.0 0.304403120002 10495.59688 
19.0 291.0 0.15150588 10648.49412 
65.0 430.0 0.528116400004 10271.8836 
8.0 546.0 0.00853776 10791.46224 
20.0 553.0 0.00616000000017 10793.84 
61.0 631.0 0.0534016800006 10746.59832 
81.0 362.0 0.120731200002 10679.2688 
50.0 751.0 0.00684000000019 10793.16 
44.0 761.0 0.0206204800002 10779.37952 
13.0 842.0 0.0327702400002 10767.22976 
48.0 836.0 0.148230560001 10651.76944 
88.0 968.0 0.167089680001 10632.91032 
36.0 982.0 0.0522240000005 10747.776 
126.0 51.0 0.0122600000003 10787.74 
224.0 55.0 0.108991600001 10691.0084 
175.0 129.0 0.0534016800006 10746.59832 
106.0 152.0 0.0275377600003 10772.46224 
186.0 241.0 0.0183800000005 10781.62 
130.0 270.0 0.0332384000003 10766.7616 
117.0 314.0 0.0299636000005 10770.0364 
131.0 297.0 0.25677836 10543.22164 
120.0 452.0 0.0951823200025 10704.81768 
138.0 449.0 0.569822520003 10230.17748 
134.0 557.0 0.0196469999999 10780.353 
168.0 554.0 0.00590000000017 10794.1 
160.0 638.0 0.0836120000001 10716.388 
154.0 669.0 0.0534016800006 10746.59832 
151.0 718.0 0.00626000000017 10793.74 
158.0 749.0 0.0606719199999 10739.32808 
124.0 860.0 0.0246600800005 10775.33992 
118.0 839.0 0.0184400000005 10781.56 
163.0 960.0 0.151580680001 10648.41932 
149.0 952.0 0.0869706800003 10713.02932 
259.0 30.0 0.110678400001 10689.3216 
254.0 43.0 0.0975652800015 10702.43472 
275.0 102.0 0.344857600001 10455.1424 
230.0 121.0 0.074151680001 10725.84832 
265.0 270.0 0.0984341600007 10701.56584 
291.0 243.0 0.199853800004 10600.1462 
213.0 339.0 0.0736305200009 10726.36948 
272.0 345.0 0.194926000001 10605.074 
282.0 461.0 0.323420200002 10476.5798 
203.0 461.0 0.849352880005 9950.64712 
258.0 580.0 0.160223680001 10639.77632 
247.0 548.0 0.0325064000004 10767.4936 
293.0 639.0 0.22466468 10575.33532 
228.0 662.0 0.151006160001 10648.99384 
247.0 758.0 0.0534016800006 10746.59832 
223.0 760.0 0.00626000000017 10793.74 
230.0 840.0 0.0341129600001 10765.88704 
276.0 850.0 0.00628000000017 10793.72 
220.0 947.0 0.0534016800006 10746.59832 
219.0 969.0 0.0240800000007 10775.92 
363.0 21.0 0.107108240001 10692.89176 
321.0 55.0 0.148631800002 10651.3682 
357.0 159.0 0.577167200001 10222.8328 
330.0 133.0 0.252676000002 10547.324 
341.0 223.0 0.356170000001 10443.83 
369.0 252.0 0.523126160002 10276.87384 
328.0 362.0 0.31996028 10480.03972 
306.0 370.0 0.0913786800005 10708.62132 
340.0 435.0 0.0313200000009 10768.68 
323.0 463.0 0.0614600000017 10738.54 
329.0 580.0 0.0425600000012 10757.44 
335.0 553.0 0.232163840002 10567.83616 
339.0 612.0 0.1191886 10680.8114 
349.0 669.0 0.0765080000008 10723.492 
333.0 729.0 0.161414000001 10638.586 
366.0 751.0 0.0377393600006 10762.26064 
344.0 841.0 0.0534016800006 10746.59832 
337.0 847.0 0.0534016800006 10746.59832 
378.0 930.0 0.135339120001 10664.66088 
328.0 933.0 0.0509537600006 10749.04624 
430.0 9.0 0.0854172000006 10714.5828 
414.0 76.0 0.261976 10538.024 
482.0 138.0 0.0508000000014 10749.2 
454.0 136.0 0.0873403200016 10712.65968 
459.0 247.0 0.072480000002 10727.52 
418.0 247.0 0.382737760004 10417.26224 
454.0 344.0 0.10896712 10691.03288 
437.0 329.0 0.0252186400002 10774.78136 
423.0 414.0 0.0317220000003 10768.278 
428.0 459.0 0.0302800000008 10769.72 
401.0 529.0 0.312987480001 10487.01252 
438.0 582.0 0.0428000000012 10757.2 
467.0 641.0 0.12049784 10679.50216 
452.0 644.0 0.0624703999999 10737.5296 
402.0 747.0 0.0778328399996 10722.16716 
437.0 749.0 0.0493000000014 10750.7 
463.0 848.0 0.103840000001 10696.16 
457.0 843.0 0.0122000000003 10787.8 
445.0 932.0 0.0186400000005 10781.36 
459.0 951.0 0.0189520800001 10781.04792 
515.0 24.0 0.0394596000003 10760.5404 
543.0 55.0 0.11139572 10688.60428 
545.0 110.0 0.21039956 10589.60044 
560.0 139.0 0.1001774 10699.8226 
543.0 254.0 0.00608000000017 10793.92 
542.0 220.0 0.0201491199997 10779.85088 
564.0 344.0 0.0449710800004 10755.02892 
513.0 358.0 0.0191000000005 10780.9 
594.0 457.0 0.0311400000009 10768.86 
527.0 466.0 0.0408800000003 10759.12 
532.0 529.0 0.0402670000004 10759.733 
536.0 531.0 0.0469690400007 10753.03096 
540.0 671.0 0.0942229600004 10705.77704 
550.0 640.0 0.0534016800006 10746.59832 
515.0 761.0 0.432325920002 10367.67408 
524.0 764.0 0.077241200002 10722.7588 
541.0 842.0 0.286717200001 10513.2828 
518.0 854.0 0.0387452000009 10761.2548 
553.0 932.0 0.00686000000019 10793.14 
532.0 953.0 0.0246810400003 10775.31896 
647.0 15.0 0.0629841200005 10737.01588 
647.0 78.0 0.0534016800006 10746.59832 
667.0 143.0 0.0179200000005 10782.08 
655.0 127.0 0.0229120000003 10777.088 
665.0 282.0 0.0214018000004 10778.5982 
672.0 225.0 0.0125400000003 10787.46 
656.0 298.0 0.0792557200003 10720.74428 
656.0 349.0 0.036880000001 10763.12 
634.0 477.0 0.103060000001 10696.94 
643.0 433.0 0.0960875200009 10703.91248 
649.0 521.0 0.0552604800005 10744.73952 
653.0 541.0 0.0827908800009 10717.20912 
659.0 642.0 0.00600000000017 10794.0 
651.0 666.0 0.0136799999998 10786.32 
693.0 759.0 0.0547775200006 10745.22248 
653.0 756.0 0.0116400000003 10788.36 
671.0 845.0 0.0534016800006 10746.59832 
634.0 851.0 0.0534016800006 10746.59832 
643.0 970.0 0.00723124000018 10792.76876 
649.0 961.0 0.00586000000016 10794.14 
799.0 37.0 0.10528812 10694.71188 
756.0 47.0 0.0189400000005 10781.06 
744.0 169.0 0.0534016800006 10746.59832 
748.0 150.0 0.0534016800006 10746.59832 
720.0 250.0 0.0924393200002 10707.56068 
756.0 253.0 0.0357884000005 10764.2116 
730.0 360.0 0.32377388 10476.22612 
740.0 349.0 0.0648765600017 10735.12344 
703.0 445.0 0.0682217600006 10731.77824 
784.0 433.0 0.0534016800006 10746.59832 
760.0 529.0 0.0249600000007 10775.04 
782.0 575.0 0.173432 10626.568 
781.0 636.0 0.0804040800007 10719.59592 
779.0 645.0 0.00600000000017 10794.0 
778.0 749.0 0.0534016800006 10746.59832 
764.0 753.0 0.0749947200002 10725.00528 
761.0 873.0 0.0754197600008 10724.58024 
754.0 853.0 0.035900000001 10764.1 
787.0 935.0 0.150239200001 10649.7608 
768.0 943.0 0.0882002400007 10711.79976 
849.0 37.0 0.0562600000008 10743.74 
826.0 42.0 0.0347404000006 10765.2596 
858.0 177.0 0.00602000000017 10793.98 
837.0 144.0 0.0244412000002 10775.5588 
837.0 242.0 0.0116480000004 10788.352 
844.0 261.0 0.00640000000018 10793.6 
814.0 352.0 0.179692400001 10620.3076 
846.0 355.0 0.0324197600006 10767.58024 
865.0 474.0 0.0543845200002 10745.61548 
820.0 432.0 0.00634000000017 10793.66 
839.0 576.0 0.0801600000007 10719.84 
837.0 513.0 0.0311000000009 10768.9 
830.0 638.0 0.116119800001 10683.8802 
857.0 628.0 0.0890360000001 10710.964 
811.0 728.0 0.0318600000009 10768.14 
860.0 714.0 0.222340839999 10577.65916 
822.0 848.0 0.151110440001 10648.88956 
850.0 840.0 0.0270932800003 10772.90672 
883.0 922.0 0.0118200000003 10788.18 
857.0 962.0 0.0835667200004 10716.43328 
962.0 41.0 0.0602012400006 10739.79876 
937.0 56.0 0.0438658800004 10756.13412 
947.0 95.0 0.100667960001 10699.33204 
962.0 137.0 0.0178200000005 10782.18 
953.0 242.0 0.00656000000018 10793.44 
971.0 236.0 0.0112832000002 10788.7168 
947.0 327.0 0.00600000000017 10794.0 
969.0 335.0 0.0125759999999 10787.424 
955.0 446.0 0.0754800000004 10724.52 
951.0 443.0 0.00600000000017 10794.0 
911.0 540.0 0.255822 10544.178 
948.0 515.0 0.0828588800001 10717.14112 
950.0 654.0 0.0534016800006 10746.59832 
952.0 634.0 0.0534016800006 10746.59832 
954.0 778.0 0.182631200001 10617.3688 
906.0 744.0 0.226020000001 10573.98 
977.0 882.0 0.0513200000005 10748.68 
948.0 844.0 0.143920480001 10656.07952 
946.0 958.0 0.0764742000003 10723.5258 
946.0 948.0 0.0705872000003 10729.4128 
