500.0 500.0
51.0 24.0 0.0831054800006 10716.89452 
153.0 60.0 0.0663820000003 10733.618 
74.0 155.0 0.0187800000005 10781.22 
69.0 148.0 0.0814148000003 10718.5852 
54.0 96.0 0.129727880001 10670.27212 
25.0 246.0 0.0534016800006 10746.59832 
41.0 334.0 0.0118327200001 10788.16728 
59.0 349.0 0.00564000000016 10794.36 
56.0 423.0 0.0249018000002 10775.0982 
77.0 431.0 0.18866208 10611.33792 
71.0 536.0 0.094360000001 10705.64 
71.0 572.0 0.16414124 10635.85876 
16.0 650.0 0.0534016800006 10746.59832 
54.0 636.0 0.0749080000004 10725.092 
47.0 730.0 0.0756876000002 10724.3124 
7.0 733.0 0.0534016800006 10746.59832 
53.0 837.0 0.0928391600008 10707.16084 
65.0 840.0 0.0740415200009 10725.95848 
45.0 978.0 0.0338666000001 10766.1334 
66.0 936.0 0.00626000000017 10793.74 
158.0 51.0 0.0847451600003 10715.25484 
109.0 104.0 0.0669362400009 10733.06376 
141.0 149.0 0.0119200000003 10788.08 
144.0 122.0 0.0183400000005 10781.66 
158.0 268.0 0.163639 10636.361 
144.0 247.0 0.0261494800006 10773.85052 
135.0 345.0 0.0257256000004 10774.2744 
151.0 363.0 0.173990320001 10626.00968 
154.0 443.0 0.0540355200008 10745.96448 
176.0 431.0 0.0308400000009 10769.16 
139.0 557.0 0.0514040000013 10748.596 
137.0 538.0 0.0253000000007 10774.7 
160.0 645.0 0.0202164400005 10779.78356 
161.0 635.0 0.17066792 10629.33208 
167.0 745.0 0.169695200001 10630.3048 
115.0 725.0 0.109882720001 10690.11728 
156.0 842.0 0.0194600000005 10780.54 
120.0 857.0 0.0912173200006 10708.78268 
168.0 938.0 0.18177076 10618.22924 
160.0 954.0 0.0228360000007 10777.164 
278.0 62.0 0.0807682000005 10719.2318 
244.0 86.0 0.0814285200001 10718.57148 
236.0 117.0 0.0643928 10735.6072 
230.0 165.0 0.0762107200003 10723.78928 
248.0 235.0 0.00614000000017 10793.86 
234.0 275.0 0.0124600000003 10787.54 
240.0 360.0 0.0188400000005 10781.16 
224.0 350.0 0.0446740800013 10755.32592 
258.0 460.0 0.0248000000007 10775.2 
255.0 446.0 0.0272518000007 10772.7482 
246.0 498.0 0.0971923200009 10702.80768 
237.0 550.0 0.108273400001 10691.7266 
238.0 640.0 0.0127400000004 10787.26 
261.0 624.0 0.0983201600004 10701.67984 
223.0 743.0 0.104782000002 10695.218 
246.0 732.0 0.439936240001 10360.06376 
284.0 834.0 0.101487600002 10698.5124 
239.0 874.0 0.0184800000005 10781.52 
244.0 947.0 0.22870384 10571.29616 
287.0 944.0 0.0941940400001 10705.80596 
347.0 64.0 0.179181600001 10620.8184 
339.0 51.0 0.0629224000009 10737.0776 
345.0 140.0 0.0123600000003 10787.64 
298.0 141.0 0.0117800000003 10788.22 
365.0 272.0 0.1556476 10644.3524 
344.0 239.0 0.0433660000007 10756.634 
357.0 376.0 0.0534016800006 10746.59832 
367.0 347.0 0.0122000000003 10787.8 
361.0 493.0 0.109667200001 10690.3328 
372.0 460.0 0.432831480002 10367.16852 
340.0 524.0 0.123268800002 10676.7312 
371.0 568.0 0.182786000001 10617.214 
403.0 678.0 0.259726720002 10540.27328 
346.0 631.0 0.129810560002 10670.18944 
307.0 783.0 0.0680000000019 10732.0 
347.0 727.0 0.133178040002 10666.82196 
339.0 856.0 0.459743680001 10340.25632 
350.0 870.0 0.096577840002 10703.42216 
364.0 944.0 0.187663040001 10612.33696 
327.0 942.0 0.116694920001 10683.30508 
473.0 47.0 0.0534016800006 10746.59832 
388.0 66.0 0.124615200001 10675.3848 
424.0 110.0 0.1337044 10666.2956 
433.0 163.0 0.0179800000005 10782.02 
412.0 243.0 0.0387400000005 10761.26 
457.0 248.0 0.00640000000018 10793.6 
436.0 340.0 0.0534016800006 10746.59832 
501.0 325.0 0.0311000000009 10768.9 
447.0 452.0 0.43701272 10362.98728 
448.0 445.0 0.106899600001 10693.1004 
485.0 522.0 0.151818480004 10648.18152 
477.0 556.0 0.358150400003 10441.8496 
429.0 652.0 0.0551800000015 10744.82 
427.0 659.0 0.0534016800006 10746.59832 
435.0 775.0 0.0890138400021 10710.98616 
428.0 748.0 0.607138000003 10192.862 
437.0 827.0 0.490260640002 10309.73936 
451.0 861.0 0.139137600002 10660.8624 
473.0 938.0 0.0333309600009 10766.66904 
476.0 923.0 0.2174916 10582.5084 
564.0 20.0 0.05487744 10745.12256 
574.0 76.0 0.00652000000018 10793.48 
553.0 144.0 0.101556000001 10698.444 
554.0 154.0 0.108344080001 10691.65592 
539.0 273.0 0.148974880002 10651.02512 
505.0 205.0 0.266176800002 10533.8232 
539.0 312.0 0.156068600001 10643.9314 
597.0 375.0 0.0190600000005 10780.94 
557.0 431.0 0.0250232000003 10774.9768 
546.0 453.0 0.121141 10678.859 
570.0 567.0 0.307121120005 10492.87888 
552.0 547.0 0.881487840003 9918.51216 
545.0 644.0 0.159545000001 10640.455 
541.0 591.0 0.470450240006 10329.54976 
547.0 774.0 0.0551550000004 10744.845 
537.0 719.0 0.170540400001 10629.4596 
520.0 861.0 0.0615800000017 10738.42 
568.0 866.0 0.240864440002 10559.13556 
562.0 957.0 0.00646000000018 10793.54 
519.0 975.0 0.0850560000006 10714.944 
657.0 45.0 0.00616000000017 10793.84 
639.0 26.0 0.0211192000001 10778.8808 
630.0 135.0 0.0472659200005 10752.73408 
626.0 179.0 0.1388472 10661.1528 
642.0 218.0 0.0252482800004 10774.75172 
648.0 243.0 0.0176600000005 10782.34 
621.0 358.0 0.0299590000002 10770.041 
643.0 329.0 0.0664910400003 10733.50896 
650.0 461.0 0.0125800000003 10787.42 
655.0 412.0 0.0437528 10756.2472 
608.0 535.0 0.454155360003 10345.84464 
652.0 542.0 0.354435400001 10445.5646 
639.0 659.0 0.00634000000017 10793.66 
631.0 683.0 0.0144551999998 10785.5448 
686.0 747.0 0.069589560001 10730.41044 
685.0 746.0 0.0711060000006 10728.894 
619.0 860.0 0.161108160002 10638.89184 
603.0 885.0 0.108457520002 10691.54248 
654.0 906.0 0.128824000001 10671.176 
598.0 960.0 0.0921180000002 10707.882 
765.0 45.0 0.0306800000009 10769.32 
794.0 60.0 0.100697040001 10699.30296 
762.0 163.0 0.0970485600008 10702.95144 
733.0 160.0 0.103083240001 10696.91676 
753.0 237.0 0.0500834 10749.9166 
767.0 256.0 0.0181000000005 10781.9 
754.0 360.0 0.038158800001 10761.8412 
743.0 356.0 0.036460000001 10763.54 
723.0 458.0 0.0721576799999 10727.84232 
810.0 455.0 0.00644000000018 10793.56 
721.0 560.0 0.587462000004 10212.538 
766.0 537.0 0.114661200001 10685.3388 
727.0 602.0 0.253116000003 10546.884 
730.0 654.0 0.221243000002 10578.757 
750.0 795.0 0.0314000000009 10768.6 
718.0 702.0 0.149792320001 10650.20768 
739.0 870.0 0.125942160001 10674.05784 
712.0 853.0 0.358402400001 10441.5976 
717.0 939.0 0.0802522400005 10719.74776 
794.0 925.0 0.279166000002 10520.834 
831.0 69.0 0.0791816800005 10720.81832 
861.0 43.0 0.230239280001 10569.76072 
858.0 124.0 0.00646000000018 10793.54 
802.0 150.0 0.0534016800006 10746.59832 
864.0 248.0 0.0117800000003 10788.22 
874.0 253.0 0.00734999999995 10792.65 
819.0 358.0 0.410325600002 10389.6744 
855.0 343.0 0.145910520002 10654.08948 
813.0 450.0 0.00644000000018 10793.56 
842.0 453.0 0.01968064 10780.31936 
870.0 539.0 0.0417826000004 10758.2174 
849.0 541.0 0.0246000000007 10775.4 
844.0 628.0 0.00628000000017 10793.72 
847.0 658.0 0.0176970400001 10782.30296 
877.0 757.0 0.0258400000007 10774.16 
871.0 786.0 0.0652361600005 10734.76384 
860.0 877.0 0.0461587200006 10753.84128 
843.0 847.0 0.153408 10646.592 
862.0 937.0 0.0976289600005 10702.37104 
859.0 942.0 0.0904257600006 10709.57424 
986.0 28.0 0.0620385600003 10737.96144 
930.0 52.0 0.152528000001 10647.472 
938.0 137.0 0.00620000000017 10793.8 
951.0 135.0 0.00834520000008 10791.6548 
968.0 258.0 0.0705392800004 10729.46072 
914.0 244.0 0.0421088 10757.8912 
924.0 377.0 0.272785600001 10527.2144 
949.0 322.0 0.00652000000018 10793.48 
962.0 447.0 0.117258400001 10682.7416 
959.0 421.0 0.0675211600009 10732.47884 
921.0 573.0 0.18918016 10610.81984 
940.0 561.0 0.103721600001 10696.2784 
935.0 636.0 0.0759328000008 10724.0672 
932.0 656.0 0.0534016800006 10746.59832 
958.0 735.0 0.0534016800006 10746.59832 
948.0 761.0 0.0755752 10724.4248 
946.0 862.0 0.0127600000004 10787.24 
994.0 842.0 0.0534016800006 10746.59832 
995.0 949.0 0.0402705600002 10759.72944 
957.0 932.0 0.14705592 10652.94408 
