500.0 500.0
68.0 28.0 0.0182600000005 10781.74 
146.0 162.0 0.0952254000009 10704.7746 
59.0 125.0 0.0534016800006 10746.59832 
56.0 175.0 0.0968267200008 10703.17328 
18.0 243.0 0.0275630400002 10772.43696 
34.0 223.0 0.0191400000005 10780.86 
54.0 349.0 0.0534016800006 10746.59832 
12.0 366.0 0.0534016800006 10746.59832 
81.0 442.0 0.0507464000003 10749.2536 
11.0 463.0 0.0600714400003 10739.92856 
28.0 520.0 0.0391666000005 10760.8334 
40.0 547.0 0.0240800000007 10775.92 
45.0 624.0 0.16073784 10639.26216 
46.0 641.0 0.0216180000004 10778.382 
41.0 724.0 0.00626000000017 10793.74 
59.0 768.0 0.0345551999998 10765.4448 
38.0 851.0 0.0111927200001 10788.80728 
53.0 863.0 0.0186400000005 10781.36 
48.0 934.0 0.0208313600003 10779.16864 
63.0 936.0 0.1505876 10649.4124 
153.0 22.0 0.0534016800006 10746.59832 
144.0 67.0 0.0534016800006 10746.59832 
169.0 164.0 0.149086400001 10650.9136 
138.0 148.0 0.0404142000007 10759.5858 
147.0 257.0 0.288212000001 10511.788 
127.0 230.0 0.0633069600006 10736.69304 
144.0 372.0 0.0776022800007 10722.39772 
183.0 328.0 0.393523440001 10406.47656 
185.0 456.0 0.0120000000003 10788.0 
127.0 465.0 0.107040000001 10692.96 
153.0 577.0 0.00620000000017 10793.8 
116.0 522.0 0.0726856000006 10727.3144 
143.0 624.0 0.00749760000024 10792.5024 
151.0 626.0 0.00660000000018 10793.4 
194.0 747.0 0.1615288 10638.4712 
152.0 754.0 0.0403935600004 10759.60644 
149.0 840.0 0.0625022400005 10737.49776 
201.0 838.0 0.122252800001 10677.7472 
166.0 932.0 0.0451098800003 10754.89012 
162.0 937.0 0.0548729600003 10745.12704 
278.0 52.0 0.112626360001 10687.37364 
249.0 32.0 0.0329209200003 10767.07908 
266.0 177.0 0.0191600000005 10780.84 
230.0 146.0 0.118608240001 10681.39176 
252.0 250.0 0.00598000000017 10794.02 
229.0 260.0 0.01350284 10786.49716 
238.0 353.0 0.156825440002 10643.17456 
252.0 342.0 0.408701600002 10391.2984 
267.0 444.0 0.0533400000005 10746.66 
266.0 437.0 0.0644676 10735.5324 
258.0 567.0 0.0394160000002 10760.584 
266.0 561.0 0.269217920001 10530.78208 
251.0 645.0 0.0945292000005 10705.4708 
228.0 666.0 0.00616000000017 10793.84 
237.0 736.0 0.0798859200005 10720.11408 
268.0 739.0 0.0489600000014 10751.04 
257.0 860.0 0.0259400000007 10774.06 
222.0 860.0 0.0429060000004 10757.094 
219.0 942.0 0.0121800000003 10787.82 
264.0 938.0 0.0801266400001 10719.87336 
335.0 52.0 0.23602688 10563.97312 
340.0 35.0 0.0534016800006 10746.59832 
345.0 126.0 0.0241400000007 10775.86 
360.0 114.0 0.0287156000006 10771.2844 
344.0 242.0 0.00554000000016 10794.46 
336.0 239.0 0.00634883999977 10793.65116 
313.0 360.0 0.36835768 10431.64232 
359.0 349.0 0.631269480003 10168.73052 
317.0 474.0 0.0125400000003 10787.46 
381.0 414.0 0.0558600000015 10744.14 
342.0 562.0 0.121238880001 10678.76112 
368.0 562.0 0.511877440002 10288.12256 
357.0 631.0 0.204650640004 10595.34936 
357.0 633.0 0.197782000003 10602.218 
316.0 784.0 0.318309520002 10481.69048 
381.0 755.0 0.134453920002 10665.54608 
363.0 837.0 0.250096640001 10549.90336 
342.0 851.0 0.129846400002 10670.1536 
369.0 937.0 0.0412070000005 10758.793 
343.0 914.0 0.198740240001 10601.25976 
459.0 79.0 0.00616000000017 10793.84 
463.0 10.0 0.0650126399998 10734.98736 
456.0 153.0 0.0422224000004 10757.7776 
479.0 184.0 0.259225480001 10540.77452 
448.0 248.0 0.40029664 10399.70336 
419.0 198.0 0.0988966000016 10701.1034 
449.0 356.0 0.100584 10699.416 
492.0 350.0 0.182454640003 10617.54536 
473.0 432.0 0.14670612 10653.29388 
451.0 470.0 0.0477405600002 10752.25944 
454.0 570.0 0.104160000003 10695.84 
444.0 589.0 0.298055520005 10501.94448 
436.0 672.0 0.562844320005 10237.15568 
426.0 610.0 0.443485800007 10356.5142 
445.0 725.0 0.364756800001 10435.2432 
437.0 764.0 0.194488600001 10605.5114 
475.0 814.0 0.259092160002 10540.90784 
473.0 855.0 0.0548668000009 10745.1332 
482.0 947.0 0.0125200000003 10787.48 
415.0 963.0 0.0704792000003 10729.5208 
545.0 90.0 0.104485600001 10695.5144 
544.0 36.0 0.0545708000002 10745.4292 
550.0 147.0 0.0184000000005 10781.6 
531.0 134.0 0.101749600001 10698.2504 
508.0 280.0 0.663182000003 10136.818 
519.0 260.0 0.088785440002 10711.21456 
555.0 373.0 0.708275000002 10091.725 
534.0 353.0 0.247955480004 10552.04452 
556.0 441.0 0.0696000000019 10730.4 
589.0 425.0 0.0875154000017 10712.4846 
541.0 556.0 0.138899640001 10661.10036 
549.0 570.0 0.0221880000002 10777.812 
617.0 617.0 0.100460000003 10699.54 
531.0 646.0 0.0534016800006 10746.59832 
562.0 731.0 0.0320000000009 10768.0 
547.0 775.0 0.0333157199999 10766.68428 
536.0 854.0 0.0972779200011 10702.72208 
543.0 855.0 0.122324000001 10677.676 
524.0 944.0 0.00644000000018 10793.56 
545.0 950.0 0.0125837600002 10787.41624 
678.0 69.0 0.237576 10562.424 
654.0 46.0 0.0907744000005 10709.2256 
667.0 117.0 0.00632000000017 10793.68 
646.0 135.0 0.0186000000005 10781.4 
658.0 244.0 0.0179000000005 10782.1 
652.0 272.0 0.0179000000005 10782.1 
647.0 364.0 0.0122000000003 10787.8 
666.0 356.0 0.0287300000002 10771.27 
682.0 461.0 0.810051720004 9989.94828 
659.0 479.0 0.147112320002 10652.88768 
649.0 533.0 0.072780000002 10727.22 
660.0 575.0 0.115729000002 10684.271 
667.0 628.0 0.646866680005 10153.13332 
625.0 670.0 0.130500120003 10669.49988 
613.0 749.0 0.195839000001 10604.161 
646.0 770.0 0.118051200002 10681.9488 
646.0 848.0 0.198254080001 10601.74592 
631.0 854.0 0.0233487200004 10776.65128 
620.0 939.0 0.0130200000004 10786.98 
672.0 947.0 0.0914987199996 10708.50128 
748.0 42.0 0.0201450000003 10779.855 
738.0 37.0 0.15300496 10646.99504 
776.0 140.0 0.0117600000003 10788.24 
757.0 148.0 0.0534016800006 10746.59832 
761.0 246.0 0.0924008000003 10707.5992 
715.0 228.0 0.240959 10559.041 
781.0 373.0 0.592776320002 10207.22368 
738.0 379.0 0.137864160002 10662.13584 
712.0 428.0 0.188065600003 10611.9344 
745.0 437.0 0.605660800004 10194.3392 
761.0 543.0 0.0482616800008 10751.73832 
751.0 524.0 0.0184400000005 10781.56 
732.0 654.0 1.05300856 9746.99144 
758.0 640.0 0.202912320004 10597.08768 
771.0 736.0 0.183634000004 10616.366 
768.0 715.0 0.778894600005 10021.1054 
793.0 835.0 0.160338400002 10639.6616 
768.0 814.0 0.568543840004 10231.45616 
702.0 945.0 0.0309912000004 10769.0088 
783.0 931.0 0.0123800000003 10787.62 
858.0 59.0 0.00672000000018 10793.28 
883.0 52.0 0.0157785599999 10784.22144 
852.0 140.0 0.0760651199998 10723.93488 
837.0 162.0 0.0536370000001 10746.363 
842.0 266.0 0.113892400001 10686.1076 
839.0 258.0 0.0979486400007 10702.05136 
870.0 335.0 0.200571840002 10599.42816 
846.0 369.0 0.426580760003 10373.41924 
813.0 483.0 0.00588000000016 10794.12 
848.0 462.0 0.02547216 10774.52784 
828.0 573.0 0.187753960001 10612.24604 
860.0 549.0 0.0385240000006 10761.476 
851.0 651.0 0.0213270800003 10778.67292 
836.0 649.0 0.200486000001 10599.514 
868.0 801.0 0.0251800000007 10774.82 
815.0 740.0 0.142835120003 10657.16488 
863.0 865.0 0.113856000001 10686.144 
858.0 874.0 0.276221040001 10523.77896 
822.0 962.0 0.0799543200006 10720.04568 
853.0 978.0 0.0458160800008 10754.18392 
945.0 30.0 0.0259373999999 10774.0626 
962.0 66.0 0.00622000000017 10793.78 
950.0 217.0 0.0517620000004 10748.238 
938.0 135.0 0.0534016800006 10746.59832 
937.0 286.0 0.0748480000005 10725.152 
927.0 271.0 0.0118000000003 10788.2 
930.0 351.0 0.146133120001 10653.86688 
930.0 370.0 0.113323000001 10686.677 
939.0 462.0 0.00612000000017 10793.88 
965.0 456.0 0.0534016800006 10746.59832 
952.0 533.0 0.0698904 10730.1096 
951.0 551.0 0.0534016800006 10746.59832 
927.0 686.0 0.0130200000004 10786.98 
968.0 630.0 0.0708224400002 10729.17756 
939.0 753.0 0.0652917599998 10734.70824 
986.0 742.0 0.0534016800006 10746.59832 
951.0 833.0 0.00654000000018 10793.46 
967.0 831.0 0.00994079999985 10790.0592 
915.0 928.0 0.196718600001 10603.2814 
975.0 922.0 0.0655262400006 10734.47376 
