500.0 500.0
33.0 81.0 0.0219447200001 10778.05528 
171.0 44.0 0.0840303600006 10715.96964 
281.0 24.0 0.0219447200001 10778.05528 
399.0 51.0 0.110979680001 10689.02032 
12.0 234.0 0.0219447200001 10778.05528 
7.0 148.0 0.0219447200001 10778.05528 
79.0 286.0 0.00620000000017 10793.8 
42.0 323.0 0.0948720000002 10705.128 
24.0 424.0 0.0219447200001 10778.05528 
54.0 445.0 0.00596000000017 10794.04 
54.0 557.0 0.00652000000018 10793.48 
4.0 578.0 0.0627506400007 10737.24936 
41.0 664.0 0.0531099200006 10746.89008 
50.0 639.0 0.162327920002 10637.67208 
70.0 758.0 0.00590000000017 10794.1 
46.0 727.0 0.0651892000005 10734.8108 
60.0 837.0 0.00634000000017 10793.66 
60.0 850.0 0.00848292000021 10791.51708 
23.0 962.0 0.0402926400003 10759.70736 
63.0 954.0 0.1276744 10672.3256 
159.0 75.0 0.128321440001 10671.67856 
156.0 60.0 0.110380000001 10689.62 
158.0 154.0 0.145720000001 10654.28 
123.0 147.0 0.0962637600012 10703.73624 
136.0 212.0 0.15225856 10647.74144 
152.0 256.0 0.0248400000007 10775.16 
111.0 360.0 0.164896400001 10635.1036 
136.0 373.0 0.149112880002 10650.88712 
150.0 417.0 0.113932800002 10686.0672 
171.0 444.0 0.390216800001 10409.7832 
133.0 544.0 0.0315553600006 10768.44464 
162.0 554.0 0.137709920001 10662.29008 
109.0 645.0 0.0178800000005 10782.12 
170.0 636.0 0.0111768800002 10788.82312 
160.0 755.0 0.0947845200004 10705.21548 
163.0 727.0 0.0111768800002 10788.82312 
201.0 863.0 0.0334350000002 10766.565 
162.0 873.0 0.0947845200004 10705.21548 
139.0 965.0 0.0289547200005 10771.04528 
125.0 940.0 0.0188400000005 10781.16 
226.0 60.0 0.326195200002 10473.8048 
234.0 32.0 0.0434683200007 10756.53168 
275.0 138.0 0.0328800000009 10767.12 
237.0 127.0 0.161954400001 10638.0456 
275.0 275.0 0.193647000001 10606.353 
273.0 250.0 0.0770171200004 10722.98288 
226.0 312.0 0.0776680000006 10722.332 
225.0 326.0 0.0947845200004 10705.21548 
259.0 447.0 0.037400000001 10762.6 
229.0 480.0 0.237297200002 10562.7028 
272.0 569.0 0.0193800000005 10780.62 
221.0 535.0 0.215281320002 10584.71868 
279.0 668.0 0.137740000001 10662.26 
273.0 652.0 0.0843108800018 10715.68912 
250.0 736.0 0.260832400001 10539.1676 
267.0 769.0 0.0727163200004 10727.28368 
229.0 842.0 0.0247000000007 10775.3 
230.0 855.0 0.0289992000001 10771.0008 
249.0 880.0 0.0502209600004 10749.77904 
232.0 932.0 0.0970345600007 10702.96544 
363.0 46.0 0.0281300000008 10771.87 
372.0 59.0 0.19354464 10606.45536 
375.0 161.0 0.00606000000017 10793.94 
337.0 118.0 0.0459711599999 10754.02884 
335.0 250.0 0.0318800000009 10768.12 
336.0 248.0 0.00674680000026 10793.2532 
339.0 344.0 0.0072836399999 10792.71636 
342.0 354.0 0.00598000000017 10794.02 
363.0 439.0 0.062526400001 10737.4736 
353.0 434.0 0.0770715600008 10722.92844 
364.0 538.0 0.0968820000002 10703.118 
362.0 575.0 0.0346658400001 10765.33416 
309.0 658.0 0.476432800004 10323.5672 
375.0 661.0 0.937369320006 9862.63067999 
371.0 750.0 0.0781829600012 10721.81704 
338.0 728.0 0.353526720003 10446.47328 
360.0 835.0 0.00626000000017 10793.74 
316.0 825.0 0.0883032400006 10711.69676 
330.0 941.0 0.00588000000016 10794.12 
379.0 957.0 0.0371263200002 10762.87368 
448.0 53.0 0.119697200001 10680.3028 
532.0 59.0 0.0554597200003 10744.54028 
459.0 98.0 0.0248600000007 10775.14 
450.0 142.0 0.0872776000006 10712.7224 
463.0 228.0 0.0131200000004 10786.88 
451.0 215.0 0.0276931200007 10772.30688 
463.0 349.0 0.0670410000001 10732.959 
434.0 359.0 0.0947845200004 10705.21548 
483.0 447.0 0.210924320001 10589.07568 
413.0 445.0 0.239409600001 10560.5904 
442.0 522.0 0.2284432 10571.5568 
414.0 533.0 0.0868200000018 10713.18 
447.0 634.0 0.871468600006 9928.53139999 
441.0 655.0 0.144851040002 10655.14896 
435.0 786.0 0.0877062400003 10712.29376 
458.0 738.0 0.0931720000005 10706.828 
433.0 876.0 0.0218914000004 10778.1086 
449.0 867.0 0.0177800000005 10782.22 
447.0 946.0 0.0884734000004 10711.5266 
494.0 909.0 0.0622918800007 10737.70812 
590.0 34.0 0.0669536800009 10733.04632 
543.0 49.0 0.0643960000008 10735.604 
538.0 170.0 0.12831368 10671.68632 
549.0 107.0 0.203319600001 10596.6804 
563.0 259.0 0.036440000001 10763.56 
552.0 201.0 0.264495200001 10535.5048 
568.0 362.0 0.09812044 10701.87956 
519.0 388.0 0.0193600000005 10780.64 
554.0 465.0 0.0908248000008 10709.1752 
528.0 479.0 0.0959050000019 10704.095 
563.0 565.0 0.162678040003 10637.32196 
544.0 545.0 0.418471520001 10381.52848 
515.0 641.0 0.200287999999 10599.712 
515.0 631.0 0.100000000003 10700.0 
540.0 757.0 0.0442942000005 10755.7058 
525.0 719.0 0.356581600003 10443.4184 
576.0 850.0 0.0430000000012 10757.0 
530.0 860.0 0.0176600000005 10782.34 
584.0 906.0 0.0984360000001 10701.564 
575.0 944.0 0.0670410000001 10732.959 
632.0 67.0 0.190452 10609.548 
645.0 41.0 0.0415642000006 10758.4358 
669.0 137.0 0.0368632000005 10763.1368 
648.0 129.0 0.0249800000007 10775.02 
664.0 287.0 0.00628000000017 10793.72 
621.0 252.0 0.0491472800001 10750.85272 
638.0 386.0 0.172566240003 10627.43376 
670.0 373.0 1.16564384 9634.35616 
654.0 447.0 0.0986800000027 10701.32 
667.0 475.0 0.0715120000001 10728.488 
635.0 585.0 0.276787040002 10523.21296 
622.0 524.0 0.200017600001 10599.9824 
638.0 643.0 0.0651855200008 10734.81448 
636.0 652.0 0.0786580000004 10721.342 
653.0 764.0 0.00838508000029 10791.61492 
643.0 757.0 0.00646000000018 10793.54 
649.0 845.0 0.238333760001 10561.66624 
632.0 851.0 0.0984633599995 10701.53664 
656.0 915.0 0.116222880001 10683.77712 
634.0 937.0 0.0639491600003 10736.05084 
752.0 61.0 0.00674000000018 10793.26 
712.0 34.0 0.0381349200003 10761.86508 
742.0 156.0 0.0785540000004 10721.446 
742.0 190.0 0.111709200001 10688.2908 
747.0 223.0 0.0817566400006 10718.24336 
751.0 263.0 0.387627680002 10412.37232 
734.0 338.0 0.943661440007 9856.33855999 
774.0 364.0 0.311924320002 10488.07568 
707.0 430.0 0.218827520002 10581.17248 
738.0 419.0 0.0318102400004 10768.18976 
755.0 540.0 0.0331177600004 10766.88224 
720.0 539.0 0.0187000000005 10781.3 
734.0 623.0 0.00602784000005 10793.97216 
734.0 621.0 0.00598000000017 10794.02 
749.0 744.0 0.00893200000008 10791.068 
758.0 732.0 0.00616000000017 10793.84 
778.0 848.0 0.0947947200006 10705.20528 
711.0 845.0 0.13485632 10665.14368 
741.0 977.0 0.0670410000001 10732.959 
755.0 968.0 0.0111768800002 10788.82312 
899.0 41.0 0.0576090000002 10742.391 
842.0 65.0 0.00666000000018 10793.34 
865.0 166.0 0.0670410000001 10732.959 
824.0 177.0 0.0695822400002 10730.41776 
854.0 240.0 0.00648000000018 10793.52 
851.0 260.0 0.0670410000001 10732.959 
869.0 379.0 0.165113840002 10634.88616 
836.0 354.0 0.346045120003 10453.95488 
862.0 483.0 0.0454893200001 10754.51068 
831.0 439.0 0.00578000000016 10794.22 
863.0 535.0 0.0789588800003 10721.04112 
799.0 551.0 0.1886314 10611.3686 
876.0 667.0 0.0680557600001 10731.94424 
805.0 666.0 0.00614000000017 10793.86 
854.0 756.0 0.0433400000012 10756.66 
877.0 788.0 0.11890216 10681.09784 
855.0 828.0 0.253342600001 10546.6574 
889.0 862.0 0.287211200002 10512.7888 
836.0 950.0 0.00572000000016 10794.28 
842.0 971.0 0.0111768800002 10788.82312 
953.0 30.0 0.00687347999996 10793.12652 
946.0 30.0 0.00626000000017 10793.74 
943.0 133.0 0.00791028000003 10792.08972 
949.0 144.0 0.00602000000017 10793.98 
949.0 269.0 0.0744305999999 10725.5694 
942.0 263.0 0.00570000000016 10794.3 
959.0 346.0 0.00570000000016 10794.3 
928.0 376.0 0.192115600002 10607.8844 
971.0 430.0 0.162288800001 10637.7112 
979.0 461.0 0.0330900000003 10766.91 
980.0 551.0 0.0111768800002 10788.82312 
950.0 590.0 0.00582000000016 10794.18 
960.0 654.0 0.0210916800002 10778.90832 
924.0 650.0 0.0187000000005 10781.3 
977.0 737.0 0.0472456000002 10752.7544 
933.0 725.0 0.166526560001 10633.47344 
966.0 865.0 0.126306880001 10673.69312 
923.0 856.0 0.184069440001 10615.93056 
927.0 919.0 0.0989974000011 10701.0026 
966.0 916.0 0.102457000001 10697.543 
