250.0 250.0
206.0 171.0 0.242778880002 10557.22112 
170.0 227.0 0.205185600006 10594.8144 
218.0 291.0 0.0923400000026 10707.66 
210.0 150.0 0.115577040003 10684.42296 
200.0 139.0 0.170888000004 10629.112 
254.0 208.0 0.0717224000015 10728.2776 
125.0 148.0 0.152990400003 10647.0096 
219.0 159.0 0.147811120004 10652.18888 
125.0 131.0 0.107540600002 10692.4594 
272.0 265.0 0.0263775200005 10773.62248 
220.0 333.0 0.332288160003 10467.71184 
208.0 162.0 0.0263088000007 10773.6912 
273.0 414.0 0.146421760002 10653.57824 
157.0 318.0 0.0577622000009 10742.2378 
109.0 150.0 0.156886080003 10643.11392 
136.0 86.0 0.0675088000014 10732.4912 
241.0 498.0 0.0675088000014 10732.4912 
212.0 346.0 0.119306480003 10680.69352 
265.0 249.0 0.0272947200004 10772.70528 
316.0 495.0 0.119306480003 10680.69352 
292.0 432.0 0.0393400000006 10760.66 
152.0 74.0 0.069881920001 10730.11808 
207.0 145.0 0.0495200000014 10750.48 
297.0 135.0 0.208654200004 10591.3458 
145.0 226.0 0.163268960004 10636.73104 
297.0 256.0 0.0470262000003 10752.9738 
381.0 160.0 0.0252600000007 10774.74 
217.0 165.0 0.124580000003 10675.42 
153.0 156.0 0.375282800006 10424.7172 
97.0 299.0 0.119306480003 10680.69352 
331.0 340.0 0.0108575999998 10789.1424 
162.0 195.0 0.524172360006 10275.82764 
209.0 142.0 0.160742000004 10639.258 
234.0 120.0 0.122503360002 10677.49664 
287.0 148.0 0.111115200003 10688.8848 
238.0 418.0 0.074393760002 10725.60624 
321.0 38.0 0.119421280002 10680.57872 
397.0 18.0 0.059343760001 10740.65624 
64.0 188.0 0.0550644000011 10744.9356 
160.0 270.0 0.0717472000016 10728.2528 
253.0 11.0 0.0357153600001 10764.28464 
50.0 61.0 0.0395219199998 10760.47808 
224.0 352.0 0.185842000002 10614.158 
209.0 45.0 0.059187520001 10740.81248 
181.0 83.0 0.0237480000001 10776.252 
324.0 9.0 0.0729314400012 10727.06856 
289.0 119.0 0.409453000004 10390.547 
61.0 107.0 0.0123200000003 10787.68 
423.0 352.0 0.119306480003 10680.69352 
125.0 103.0 0.0826770000015 10717.323 
164.0 57.0 0.0483060000007 10751.694 
200.0 80.0 0.0437000000012 10756.3 
55.0 219.0 0.0198742000002 10780.1258 
375.0 25.0 0.0494890000008 10750.511 
323.0 134.0 0.0761944400018 10723.80556 
81.0 2.0 0.119306480003 10680.69352 
427.0 43.0 0.00574000000016 10794.26 
140.0 122.0 0.157976000003 10642.024 
478.0 72.0 0.0 10800.0 
312.0 30.0 0.0800432800014 10719.95672 
387.0 289.0 0.00644000000018 10793.56 
274.0 423.0 0.109510000002 10690.49 
245.0 59.0 0.128816560001 10671.18344 
303.0 79.0 0.0500800000014 10749.92 
408.0 175.0 0.0922360800014 10707.76392 
235.0 396.0 0.26974256 10530.25744 
314.0 349.0 0.00624000000017 10793.76 
469.0 145.0 0.00624000000017 10793.76 
386.0 445.0 0.00942479999992 10790.5752 
475.0 374.0 0.00624000000017 10793.76 
3.0 287.0 0.03324936 10766.75064 
44.0 306.0 0.00654000000018 10793.46 
86.0 213.0 0.173546880002 10626.45312 
306.0 421.0 0.0451691200008 10754.83088 
360.0 18.0 0.114489000003 10685.511 
64.0 227.0 0.0647176000017 10735.2824 
178.0 284.0 0.111984520001 10688.01548 
327.0 50.0 0.190554560002 10609.44544 
406.0 143.0 0.0435348800007 10756.46512 
184.0 245.0 0.117720000003 10682.28 
311.0 80.0 0.308320600004 10491.6794 
202.0 155.0 0.153501920004 10646.49808 
420.0 294.0 0.0207883200001 10779.21168 
326.0 239.0 0.00624000000017 10793.76 
434.0 236.0 0.0401680000002 10759.832 
50.0 96.0 0.0153401600001 10784.65984 
213.0 370.0 0.170549440004 10629.45056 
418.0 198.0 0.0603824000008 10739.6176 
249.0 144.0 0.400377000005 10399.623 
407.0 93.0 0.0184000000005 10781.6 
228.0 214.0 0.210179200003 10589.8208 
127.0 193.0 0.291850680004 10508.14932 
486.0 294.0 0.291850680004 10508.14932 
376.0 57.0 0.157860000002 10642.14 
172.0 232.0 0.250868400006 10549.1316 
192.0 285.0 0.0555369600005 10744.46304 
255.0 48.0 0.0489268800013 10751.07312 
159.0 327.0 0.0586440000005 10741.356 
321.0 56.0 0.0502000000014 10749.8 
375.0 433.0 0.00616000000017 10793.84 
