250.0 250.0
278.0 197.0 0.0643388800013 10735.66112 
311.0 103.0 0.0741297600015 10725.87024 
310.0 218.0 0.174120000004 10625.88 
279.0 111.0 0.0464499200013 10753.55008 
210.0 178.0 0.140771600003 10659.2284 
199.0 163.0 0.269364880004 10530.63512 
368.0 232.0 0.0315000000009 10768.5 
268.0 102.0 0.0706600000009 10729.34 
309.0 245.0 0.118680000003 10681.32 
419.0 252.0 0.0189000000005 10781.1 
132.0 167.0 0.138360000003 10661.64 
294.0 255.0 0.369594800001 10430.4052 
266.0 146.0 0.182339200002 10617.6608 
127.0 149.0 0.0719552000011 10728.0448 
449.0 273.0 0.0348847200004 10765.11528 
311.0 128.0 0.127889160002 10672.11084 
291.0 214.0 0.313484400005 10486.5156 
461.0 329.0 0.00604000000017 10793.96 
180.0 137.0 0.122716720002 10677.28328 
448.0 273.0 0.0350019200003 10764.99808 
398.0 300.0 0.0199471200006 10780.05288 
224.0 328.0 0.0625400000017 10737.46 
320.0 73.0 0.0464016000008 10753.5984 
371.0 190.0 0.156558960002 10643.44104 
182.0 87.0 0.0183000000005 10781.7 
175.0 54.0 0.0322291200004 10767.77088 
145.0 115.0 0.115807280001 10684.19272 
82.0 228.0 0.0244754400006 10775.52456 
198.0 207.0 0.741372000009 10058.628 
232.0 393.0 0.245402520001 10554.59748 
375.0 175.0 0.106128880002 10693.87112 
14.0 155.0 0.106128880002 10693.87112 
330.0 154.0 0.0497000000014 10750.3 
201.0 2.0 0.106128880002 10693.87112 
187.0 293.0 0.00636000000018 10793.64 
417.0 124.0 0.0338580800004 10766.14192 
415.0 182.0 0.0730600000013 10726.94 
412.0 42.0 0.0426400000005 10757.36 
421.0 27.0 0.08356032 10716.43968 
442.0 0.0 0.066864800001 10733.1352 
265.0 430.0 0.200054800001 10599.9452 
429.0 246.0 0.0189000000005 10781.1 
314.0 374.0 0.0189000000005 10781.1 
306.0 5.0 0.0326886000002 10767.3114 
342.0 138.0 0.0608600000014 10739.14 
79.0 304.0 0.0189000000005 10781.1 
187.0 399.0 0.0797313200015 10720.26868 
372.0 22.0 0.0307200000009 10769.28 
258.0 198.0 0.0453800000012 10754.62 
287.0 463.0 0.052331920001 10747.66808 
181.0 317.0 0.0141446400001 10785.85536 
532.0 322.0 0.0141446400001 10785.85536 
455.0 265.0 0.0384138000005 10761.5862 
94.0 299.0 0.0188600000005 10781.14 
145.0 480.0 0.0188600000005 10781.14 
156.0 199.0 0.386828800003 10413.1712 
442.0 116.0 0.386828800003 10413.1712 
204.0 68.0 0.00612000000017 10793.88 
201.0 255.0 0.801630799999 9998.3692 
327.0 96.0 0.0653472000013 10734.6528 
357.0 337.0 0.0185800000005 10781.42 
285.0 31.0 0.0296223200001 10770.37768 
103.0 163.0 0.138564000002 10661.436 
68.0 94.0 0.0442612800004 10755.73872 
140.0 76.0 0.0801205600013 10719.87944 
458.0 23.0 0.0416232000005 10758.3768 
322.0 44.0 0.0117200000003 10788.28 
323.0 114.0 0.0916148000012 10708.3852 
173.0 232.0 0.296343960007 10503.65604 
369.0 401.0 0.00578000000016 10794.22 
489.0 179.0 0.386828800003 10413.1712 
229.0 496.0 0.0359190400004 10764.08096 
401.0 154.0 0.119341120002 10680.65888 
272.0 315.0 0.119341120002 10680.65888 
177.0 391.0 0.0565667600009 10743.43324 
85.0 250.0 0.0868507200008 10713.14928 
15.0 319.0 0.0144336000001 10785.5664 
128.0 32.0 0.0441720000001 10755.828 
135.0 173.0 0.099873360002 10700.12664 
340.0 156.0 0.0695996800019 10730.40032 
472.0 358.0 0.01766096 10782.33904 
174.0 238.0 0.313275920007 10486.72408 
88.0 299.0 0.0193193600005 10780.68064 
282.0 188.0 0.159174720001 10640.82528 
279.0 123.0 0.0444800000012 10755.52 
229.0 458.0 0.0947448000005 10705.2552 
387.0 410.0 0.0104618000001 10789.5382 
391.0 197.0 0.0806239200013 10719.37608 
228.0 352.0 0.173297120003 10626.70288 
62.0 139.0 0.0921022000013 10707.8978 
41.0 327.0 0.00582000000016 10794.18 
222.0 387.0 0.167068440002 10632.93156 
133.0 193.0 0.145390200003 10654.6098 
364.0 174.0 0.0757233600012 10724.27664 
148.0 253.0 0.0327779600002 10767.22204 
409.0 36.0 0.0640502000003 10735.9498 
398.0 352.0 0.0422906400006 10757.70936 
389.0 305.0 0.0754665599998 10724.53344 
78.0 45.0 0.0754665599998 10724.53344 
390.0 486.0 0.173297120003 10626.70288 
