250.0 250.0
298.0 246.0 0.327372800008 10472.6272 
261.0 264.0 0.316483880009 10483.51612 
359.0 199.0 0.369090880009 10430.90912 
270.0 203.0 0.40093200001 10399.068 
306.0 230.0 0.459015000006 10340.985 
342.0 250.0 0.115392160002 10684.60784 
255.0 143.0 0.105516600002 10694.4834 
387.0 192.0 0.234903520006 10565.09648 
278.0 242.0 0.275211680007 10524.78832 
248.0 269.0 0.266537000007 10533.463 
397.0 173.0 0.152524000003 10647.476 
238.0 312.0 0.128633320002 10671.36668 
447.0 170.0 0.178381800002 10621.6182 
426.0 104.0 0.0265932000001 10773.4068 
169.0 314.0 0.0705855200017 10729.41448 
339.0 180.0 0.476825200006 10323.1748 
473.0 119.0 0.067312160001 10732.68784 
382.0 172.0 0.164044200004 10635.9558 
295.0 230.0 0.904167000005 9895.83299999 
350.0 169.0 0.358327680005 10441.67232 
127.0 255.0 0.0125600000003 10787.44 
379.0 196.0 0.290809920006 10509.19008 
292.0 254.0 0.257239200007 10542.7608 
278.0 120.0 0.0314322400006 10768.56776 
459.0 52.0 0.0279100000002 10772.09 
355.0 174.0 0.312896120008 10487.10388 
249.0 212.0 0.269393800006 10530.6062 
302.0 339.0 0.0122600000003 10787.74 
488.0 47.0 0.0225166800002 10777.48332 
363.0 137.0 0.219705000005 10580.295 
312.0 196.0 0.719203600003 10080.7964 
122.0 238.0 0.00993079999989 10790.0692 
250.0 267.0 0.207988480005 10592.01152 
289.0 368.0 0.0420349200004 10757.96508 
121.0 321.0 0.106014360001 10693.98564 
240.0 424.0 0.120454400001 10679.5456 
178.0 309.0 0.187593600003 10612.4064 
380.0 82.0 0.0446820000007 10755.318 
327.0 345.0 0.0344877200003 10765.51228 
51.0 351.0 0.120454400001 10679.5456 
137.0 391.0 0.0685820800014 10731.41792 
477.0 173.0 0.0610025200013 10738.99748 
214.0 291.0 0.257138400004 10542.8616 
242.0 59.0 0.0207570000002 10779.243 
461.0 7.0 0.0494691600005 10750.53084 
406.0 168.0 0.267133360004 10532.86664 
328.0 209.0 0.292537000006 10507.463 
476.0 155.0 0.0838616800012 10716.13832 
217.0 260.0 0.170231600003 10629.7684 
204.0 357.0 0.0319200000009 10768.08 
444.0 258.0 0.00646000000018 10793.54 
357.0 162.0 0.305125920007 10494.87408 
266.0 183.0 0.233170880005 10566.82912 
246.0 305.0 0.105906400002 10694.0936 
40.0 419.0 0.120454400001 10679.5456 
266.0 235.0 0.338189040006 10461.81096 
235.0 260.0 0.114394000002 10685.606 
465.0 297.0 0.0318090400001 10768.19096 
195.0 244.0 0.060500160001 10739.49984 
116.0 327.0 0.0948910400018 10705.10896 
191.0 224.0 0.0481428800004 10751.85712 
276.0 289.0 0.121673120002 10678.32688 
339.0 174.0 0.346131640009 10453.86836 
195.0 161.0 0.120454400001 10679.5456 
172.0 1.0 0.120454400001 10679.5456 
136.0 90.0 0.120454400001 10679.5456
139.0 397.0 0.0740745200013 10725.92548 
419.0 184.0 0.160003840003 10639.99616 
459.0 185.0 0.0679156400011 10732.08436 
164.0 293.0 0.0937340800014 10706.26592 
372.0 181.0 0.269499200007 10530.5008 
152.0 357.0 0.0699604000015 10730.0396 
477.0 122.0 0.0397208000003 10760.2792 
244.0 430.0 0.0795547200018 10720.44528 
213.0 443.0 0.0709504000012 10729.0496 
294.0 494.0 0.120454400001 10679.5456 
125.0 487.0 0.120454400001 10679.5456 
239.0 396.0 0.0448200000012 10755.18 
412.0 367.0 0.120454400001 10679.5456 
452.0 449.0 0.120454400001 10679.5456 
385.0 27.0 0.211103680001 10588.89632 
155.0 358.0 0.211103680001 10588.89632 
109.0 255.0 0.0106460800002 10789.35392 
357.0 121.0 0.149949760002 10650.05024 
53.0 125.0 0.149949760002 10650.05024 
444.0 17.0 0.0480140000003 10751.986 
272.0 51.0 0.0171156800002 10782.88432 
261.0 454.0 0.0874511600018 10712.54884 
220.0 467.0 0.0923373200016 10707.66268 
274.0 437.0 0.0749980000014 10725.002 
470.0 424.0 0.211103680001 10588.89632 
189.0 55.0 0.0712016000017 10728.7984 
244.0 159.0 0.0712016000017 10728.7984 
415.0 119.0 0.0121000000003 10787.9 
242.0 441.0 0.096131120002 10703.86888 
90.0 302.0 0.0401382400005 10759.86176 
464.0 62.0 0.0250600000007 10774.94 
261.0 139.0 0.0814348400013 10718.56516 
354.0 432.0 0.0814348400013 10718.56516 
265.0 69.0 0.0125800000003 10787.42 
