250.0 250.0
274.0 343.0 0.101881120002 10698.11888 
282.0 212.0 0.287270400007 10512.7296 
240.0 178.0 0.256793600002 10543.2064 
203.0 254.0 0.103157000002 10696.843 
244.0 319.0 0.323500000004 10476.5 
321.0 254.0 0.303508400006 10496.4916 
115.0 269.0 0.0634741600004 10736.52584 
290.0 247.0 0.69168416001 10108.31584 
235.0 177.0 0.064035200001 10735.9648 
211.0 266.0 0.221439320002 10578.56068 
337.0 196.0 0.200498000003 10599.502 
289.0 195.0 0.114296400003 10685.7036 
335.0 416.0 0.00590000000017 10794.1 
281.0 206.0 0.474758800005 10325.2412 
207.0 259.0 0.106209600002 10693.7904 
39.0 213.0 0.0622648000006 10737.7352 
316.0 292.0 0.144836800004 10655.1632 
162.0 286.0 0.124774000002 10675.226 
127.0 346.0 0.0241400000007 10775.86 
270.0 250.0 0.225760000004 10574.24 
146.0 424.0 0.00638000000018 10793.62 
275.0 87.0 0.0412724000003 10758.7276 
192.0 400.0 0.0412724000003 10758.7276 
359.0 111.0 0.0514014000006 10748.5986 
258.0 466.0 0.114296400003 10685.7036 
330.0 94.0 0.0118000000003 10788.2 
24.0 243.0 0.0540481600005 10745.95184 
67.0 251.0 0.105197600002 10694.8024 
375.0 242.0 0.231936320001 10568.06368 
358.0 43.0 0.114296400003 10685.7036 
280.0 286.0 0.520215840008 10279.78416 
190.0 188.0 0.0583845600007 10741.61544 
401.0 263.0 0.0682074000012 10731.7926 
412.0 259.0 0.0679328000012 10732.0672 
330.0 259.0 0.379262720007 10420.73728 
297.0 318.0 0.0751233200014 10724.87668 
311.0 120.0 0.0179000000005 10782.1 
111.0 331.0 0.104392000001 10695.608 
375.0 376.0 0.0898088800002 10710.19112 
365.0 103.0 0.0529420000006 10747.058 
232.0 53.0 0.0221199999999 10777.88 
294.0 28.0 0.0221199999999 10777.88 
288.0 199.0 0.374180800006 10425.8192 
44.0 368.0 0.0478358400005 10752.16416 
467.0 246.0 0.0311069600005 10768.89304 
417.0 329.0 0.150131200002 10649.8688 
197.0 105.0 0.0411830400003 10758.81696 
390.0 208.0 0.0776310400016 10722.36896 
121.0 418.0 0.0148143600001 10785.18564 
123.0 186.0 0.0296800000008 10770.32 
275.0 98.0 0.0332976000004 10766.7024 
372.0 152.0 0.0697872000007 10730.2128 
152.0 272.0 0.0347401600005 10765.25984 
12.0 450.0 0.150131200002 10649.8688 
352.0 336.0 0.150131200002 10649.8688 
203.0 298.0 0.191037600003 10608.9624 
124.0 138.0 0.0728834 10727.1166 
343.0 288.0 0.235810400004 10564.1896 
408.0 39.0 0.150131200002 10649.8688 
208.0 144.0 0.126968800002 10673.0312 
384.0 222.0 0.0792983200019 10720.70168 
373.0 301.0 0.0552314400012 10744.76856 
36.0 323.0 0.0548469600011 10745.15304 
66.0 330.0 0.108962960001 10691.03704 
494.0 53.0 0.0361782000008 10763.8218 
67.0 192.0 0.0586618000006 10741.3382 
84.0 433.0 0.108962960001 10691.03704 
270.0 257.0 0.241208040006 10558.79196 
248.0 253.0 0.272681720007 10527.31828 
443.0 215.0 0.0125400000003 10787.46 
149.0 67.0 0.0178812800001 10782.11872 
71.0 43.0 0.0178812800001 10782.11872 
492.0 359.0 0.0178812800001 10782.11872 
495.0 320.0 0.108962960001 10691.03704 
395.0 380.0 0.0238283200004 10776.17168 
150.0 308.0 0.0181200000005 10781.88 
491.0 9.0 0.0500611200006 10749.93888 
139.0 95.0 0.00646000000018 10793.54 
60.0 292.0 0.0584529600008 10741.54704 
88.0 120.0 0.054696000001 10745.304 
403.0 462.0 0.108962960001 10691.03704 
92.0 333.0 0.0347837600002 10765.21624 
250.0 366.0 0.0939584000016 10706.0416 
80.0 290.0 0.0486400000014 10751.36 
215.0 84.0 0.00632000000017 10793.68 
351.0 451.0 0.0233757999997 10776.6242 
259.0 349.0 0.0799600000018 10720.04 
499.0 85.0 0.0178800000005 10782.12 
310.0 221.0 0.253724920006 10546.27508 
61.0 177.0 0.0483200000006 10751.68 
480.0 206.0 0.03139 10768.61 
488.0 56.0 0.0468495200003 10753.15048 
245.0 383.0 0.0593143600009 10740.68564 
212.0 352.0 0.0794960000016 10720.504 
375.0 186.0 0.12489328 10675.10672 
19.0 84.0 0.00731276000011 10792.68724 
99.0 161.0 0.0777914800008 10722.20852 
23.0 95.0 0.00574000000016 10794.26 
219.0 304.0 0.130581760003 10669.41824 
304.0 142.0 0.130581760003 10669.41824 
