250.0 250.0
252.0 222.0 0.246704480007 10553.29552 
255.0 124.0 0.117070160003 10682.92984 
277.0 59.0 0.034496000001 10765.504 
227.0 130.0 0.237887600006 10562.1124 
234.0 146.0 0.156601000004 10643.399 
211.0 56.0 0.0762087600018 10723.79124 
271.0 88.0 0.104609600002 10695.3904 
198.0 171.0 0.56275744001 10237.24256 
280.0 111.0 0.0434600000012 10756.54 
256.0 202.0 0.324662400004 10475.3376 
293.0 237.0 0.101453600001 10698.5464 
268.0 278.0 0.0691544000013 10730.8456 
339.0 136.0 0.101453600001 10698.5464 
145.0 170.0 0.173590880004 10626.40912 
224.0 335.0 0.00598000000017 10794.02 
420.0 95.0 0.0123400000003 10787.66 
235.0 77.0 0.121327080002 10678.67292 
365.0 111.0 0.101453600001 10698.54640 
142.0 22.0 0.0367586399999 10763.24136 
485.0 43.0 0.0367586399999 10763.24136 
229.0 139.0 0.514165000005 10285.835 
279.0 28.0 0.103435000001 10696.565 
187.0 113.0 0.270342400006 10529.6576 
211.0 231.0 0.806988640002 9993.01136 
179.0 69.0 0.111197440002 10688.80256 
206.0 93.0 0.225225360004 10574.77464 
403.0 190.0 0.0233042800004 10776.69572 
276.0 293.0 0.0530664000011 10746.9336 
323.0 284.0 0.0367586399999 10763.24136 
204.0 133.0 0.212991440006 10587.00856 
373.0 280.0 0.123005200001 10676.9948 
258.0 130.0 0.156954600004 10643.0454 
442.0 18.0 0.0180800000005 10781.92 
296.0 375.0 0.0122200000003 10787.78 
399.0 189.0 0.0792281600005 10720.77184 
170.0 84.0 0.191771680002 10608.22832 
402.0 245.0 0.140203760001 10659.79624 
435.0 210.0 0.0696587200008 10730.34128 
104.0 126.0 0.0997936000003 10700.2064 
192.0 116.0 0.333016160004 10466.98384 
263.0 65.0 0.177531800002 10622.4682 
128.0 280.0 0.177531800002 10622.4682 
237.0 257.0 0.178039120005 10621.96088 
289.0 186.0 0.0856452400015 10714.35476 
280.0 257.0 0.0850285200008 10714.97148 
118.0 213.0 0.00628000000017 10793.72 
447.0 0.0 0.0160880000004 10783.912 
421.0 91.0 0.01255352 10787.44648 
481.0 106.0 0.01255352 10787.44648 
246.0 421.0 0.01255352 10787.44648 
411.0 298.0 0.0755960000015 10724.404 
280.0 196.0 0.105820000002 10694.18 
72.0 334.0 0.0293182400008 10770.68176 
324.0 407.0 0.0623475200001 10737.65248 
85.0 347.0 0.0798216000007 10720.1784 
485.0 280.0 0.01746216 10782.53784 
188.0 46.0 0.0984102400013 10701.58976 
288.0 218.0 0.114411200002 10685.5888 
141.0 32.0 0.0507564000004 10749.2436 
435.0 6.0 0.0141774000002 10785.8226 
250.0 153.0 0.372445560006 10427.55444 
84.0 126.0 0.0239160000004 10776.084 
83.0 1.0 0.0239160000004 10776.084 
493.0 221.0 0.00616000000017 10793.84 
391.0 320.0 0.0712910400013 10728.70896 
66.0 386.0 0.0495401600004 10750.45984 
101.0 315.0 0.0188600000005 10781.14 
209.0 491.0 0.0239160000004 10776.084 
166.0 144.0 0.256799160005 10543.20084 
338.0 434.0 0.0291490000005 10770.851 
207.0 48.0 0.0928436800017 10707.15632 
26.0 284.0 0.0182696799999 10781.73032 
297.0 293.0 0.0570944000007 10742.9056 
352.0 279.0 0.0544800000015 10745.52 
155.0 183.0 0.271765000007 10528.235 
146.0 100.0 0.213920160002 10586.07984 
82.0 215.0 0.022608 10777.392 
123.0 413.0 0.0113380799998 10788.66192 
293.0 67.0 0.102702000002 10697.298 
495.0 216.0 0.00651728000004 10793.48272 
143.0 389.0 0.0239160000004 10776.084 
410.0 311.0 0.0768260000011 10723.174 
255.0 60.0 0.0990480000026 10700.952 
224.0 231.0 0.206595080005 10593.40492 
185.0 198.0 0.861156400005 9938.84359999 
236.0 363.0 0.0170788799999 10782.92112 
421.0 253.0 0.0342790000007 10765.721 
327.0 32.0 0.0496984000007 10750.3016 
58.0 34.0 0.861156400005 9938.84359999 
268.0 490.0 0.117236400002 10682.7636 
155.0 93.0 0.117236400002 10682.7636 
416.0 90.0 0.0128369200004 10787.16308 
412.0 293.0 0.0980600000023 10701.94 
42.0 255.0 0.00572000000016 10794.28 
351.0 201.0 0.035640000001 10764.36 
227.0 134.0 0.471912000007 10328.088 
476.0 309.0 0.00614000000017 10793.86 
287.0 221.0 0.144124400002 10655.8756 
365.0 238.0 0.161606000001 10638.394 
142.0 407.0 0.00632000000017 10793.68 
