250.0 250.0
296.0 283.0 0.124161920001 10675.83808 
322.0 289.0 0.214107680002 10585.89232 
306.0 225.0 0.047012 10752.988 
382.0 252.0 0.108400160002 10691.59984 
387.0 289.0 0.101938400002 10698.0616 
309.0 384.0 0.166505600004 10633.4944 
394.0 321.0 0.0299180800006 10770.08192 
292.0 369.0 0.0535395600013 10746.46044 
428.0 372.0 0.0386600000011 10761.34 
439.0 372.0 0.0335668800008 10766.43312 
295.0 461.0 0.0131634000002 10786.8366 
202.0 455.0 0.0873452800003 10712.65472 
319.0 232.0 0.0501240000013 10749.876 
275.0 379.0 0.0475144000005 10752.4856 
430.0 455.0 0.0758753600012 10724.12464 
378.0 407.0 0.147616160004 10652.38384 
392.0 473.0 0.00648000000018 10793.52 
438.0 438.0 0.132169440002 10667.83056 
323.0 405.0 0.135514000003 10664.486 
445.0 221.0 0.0122609999999 10787.739 
461.0 172.0 0.0729448000014 10727.0552 
286.0 439.0 0.00618000000017 10793.82 
448.0 438.0 0.0517644800012 10748.23552 
306.0 189.0 0.0588896000012 10741.1104 
298.0 219.0 0.037100000001 10762.9 
434.0 383.0 0.0340038000007 10765.9962 
303.0 355.0 0.105640000003 10694.36 
476.0 262.0 0.0357297600001 10764.27024 
157.0 263.0 0.0349649999999 10765.035 
184.0 226.0 0.143954000001 10656.046 
237.0 334.0 0.143954000001 10656.046 
157.0 244.0 0.0189800000005 10781.02 
407.0 270.0 0.054541480001 10745.45852 
284.0 290.0 0.0547200000015 10745.28 
268.0 195.0 0.0445432000007 10755.4568 
383.0 399.0 0.227077600003 10572.9224 
460.0 126.0 0.150031400001 10649.9686 
525.0 361.0 0.0296584000006 10770.3416 
192.0 419.0 0.0302600000008 10769.74 
493.0 395.0 0.0245488000006 10775.4512 
422.0 133.0 0.0747652000011 10725.2348 
454.0 76.0 0.0842304000013 10715.7696 
319.0 213.0 0.0403257600011 10759.67424 
358.0 282.0 0.240659400002 10559.3406 
158.0 461.0 0.0482017600004 10751.79824 
343.0 422.0 0.141164880003 10658.83512 
493.0 393.0 0.0596360000007 10740.364 
332.0 203.0 0.0348321600003 10765.16784 
157.0 408.0 0.0288257599999 10771.17424 
485.0 185.0 0.0579000000006 10742.1 
144.0 136.0 0.0571816000002 10742.8184 
431.0 75.0 0.210299600001 10589.7004 
136.0 183.0 0.0530674800009 10746.93252 
123.0 486.0 0.143954000001 10656.046 
347.0 401.0 0.215779440005 10584.22056 
240.0 487.0 0.0546683200005 10745.33168 
157.0 213.0 0.059106720001 10740.89328 
231.0 230.0 0.0812169200014 10718.78308 
505.0 357.0 0.0184000000005 10781.6 
444.0 414.0 0.127868800002 10672.1312 
463.0 467.0 0.0502688800005 10749.73112 
488.0 1.0 0.143954000001 10656.046 
176.0 305.0 0.00666000000018 10793.34 
387.0 110.0 0.0452600000012 10754.74 
424.0 213.0 0.00610000000017 10793.9 
217.0 170.0 0.0245200000007 10775.48 
239.0 396.0 0.143954000001 10656.046 
468.0 94.0 0.116779840002 10683.22016 
285.0 137.0 0.143954000001 10656.046 
381.0 268.0 0.0934170000024 10706.583 
288.0 370.0 0.0545880000012 10745.412 
384.0 8.0 0.00704000000019 10792.96 
448.0 169.0 0.0557900800011 10744.20992 
342.0 354.0 0.326195920001 10473.80408 
425.0 34.0 0.0573353600011 10742.66464 
386.0 67.0 0.0883080000014 10711.692 
483.0 90.0 0.0474498400012 10752.55016 
149.0 337.0 0.143954000001 10656.046 
464.0 310.0 0.00606000000017 10793.94 
436.0 372.0 0.0327920000005 10767.208 
490.0 67.0 0.0498364000009 10750.1636 
74.0 290.0 0.143954000001 10656.046 
385.0 68.0 0.177349120001 10622.65088 
127.0 421.0 0.143954000001 10656.046 
142.0 56.0 0.0477200000006 10752.28 
206.0 258.0 0.0477200000006 10752.28 
357.0 376.0 0.262760840006 10537.23916 
337.0 499.0 0.262760840006 10537.23916 
379.0 305.0 0.102309200002 10697.6908 
216.0 165.0 0.0439350399998 10756.06496 
115.0 111.0 0.0368184000002 10763.1816 
401.0 415.0 0.133836800003 10666.1632 
316.0 382.0 0.189854480005 10610.14552 
493.0 186.0 0.0669792000007 10733.0208 
396.0 416.0 0.110717440002 10689.28256 
416.0 396.0 0.0847040000021 10715.296 
180.0 426.0 0.0324370400007 10767.56296 
480.0 111.0 0.0769450000017 10723.055 
433.0 160.0 0.0563600000016 10743.64 
170.0 148.0 0.148493400001 10651.5066 
