250.0 250.0
283.0 169.0 0.723393040019 10076.60696 
236.0 107.0 0.349462320004 10450.53768 
205.0 139.0 0.326635400007 10473.3646 
215.0 165.0 0.350840160007 10449.15984 
282.0 214.0 1.67673120002 9123.26879998 
299.0 210.0 0.501662600014 10298.3374 
169.0 165.0 0.133961440002 10666.03856 
123.0 168.0 0.0641450000008 10735.855 
294.0 69.0 0.063728000001 10736.272 
291.0 199.0 0.403618480011 10396.38152 
139.0 103.0 0.063728000001 10736.272 
214.0 72.0 0.233387520003 10566.61248 
228.0 173.0 0.609064480008 10190.93552 
169.0 85.0 0.0313538400004 10768.64616 
311.0 145.0 0.254958080004 10545.04192 
202.0 42.0 0.106860320002 10693.13968 
275.0 159.0 0.631628760013 10168.37124 
168.0 230.0 0.054856160001 10745.14384 
236.0 330.0 0.054856160001 10745.14384 
200.0 96.0 0.174410640004 10625.58936 
270.0 107.0 0.208397840004 10591.60216 
267.0 270.0 0.0340608800007 10765.93912 
114.0 154.0 0.0565604000007 10743.4396 
251.0 323.0 0.00620000000017 10793.8 
371.0 92.0 0.0327878000006 10767.2122 
419.0 162.0 0.0181800000005 10781.82 
311.0 85.0 0.0535146800011 10746.48532 
294.0 82.0 0.0830520000018 10716.948 
337.0 337.0 0.0126200000003 10787.38 
192.0 246.0 0.234373800002 10565.6262 
249.0 142.0 0.448069960009 10351.93004 
235.0 230.0 0.381240000007 10418.76 
260.0 195.0 1.05051820001 9749.48179999 
235.0 413.0 0.0140691200002 10785.93088 
493.0 167.0 0.0436648 10756.3352 
85.0 258.0 0.00608000000017 10793.92 
78.0 232.0 0.0148960000003 10785.104 
63.0 277.0 0.00598000000017 10794.02 
347.0 113.0 0.125174400002 10674.8256 
55.0 336.0 0.0499000000014 10750.1 
67.0 182.0 0.0499000000014 10750.1 
403.0 408.0 0.0117921600001 10788.20784 
11.0 355.0 0.0673937600015 10732.60624 
226.0 389.0 0.00608000000017 10793.92 
30.0 413.0 0.224313280002 10575.68672 
396.0 353.0 0.0859483200009 10714.05168 
457.0 114.0 0.0859483200009 10714.05168 
319.0 230.0 0.296345000007 10503.655 
73.0 384.0 0.0499000000014 10750.1 
187.0 19.0 0.046018480001 10753.98152 
411.0 257.0 0.046018480001 10753.98152 
147.0 340.0 0.046018480001 10753.98152
32.0 457.0 0.0902952000015 10709.7048 
14.0 200.0 0.0902952000015 10709.7048 
310.0 260.0 0.0517867600005 10748.21324 
21.0 453.0 0.0813409600017 10718.65904 
32.0 492.0 0.0522827200006 10747.71728 
138.0 379.0 0.0522827200006 10747.71728 
139.0 178.0 0.0127000000003 10787.3 
279.0 92.0 0.140334000002 10659.666 
194.0 165.0 0.182656000003 10617.344 
473.0 343.0 0.140334000002 10659.666 
153.0 248.0 0.0817360000015 10718.264 
403.0 437.0 0.0292042000003 10770.7958 
189.0 167.0 0.142324000003 10657.676 
483.0 35.0 0.0228314000001 10777.1686 
167.0 236.0 0.0760900000018 10723.91 
39.0 426.0 0.0642700000018 10735.73 
433.0 360.0 0.0410091200002 10758.99088 
162.0 163.0 0.113814560002 10686.18544 
215.0 70.0 0.150959200003 10649.0408 
171.0 35.0 0.049888800001 10750.1112 
364.0 140.0 0.0124600000003 10787.54 
157.0 463.0 0.140334000002 10659.666 
32.0 448.0 0.0966618000011 10703.3382 
476.0 19.0 0.0166720000002 10783.328 
456.0 19.0 0.0117600000003 10788.24 
306.0 118.0 0.132031360002 10667.96864 
33.0 375.0 0.293199000003 10506.801 
416.0 357.0 0.0668544000009 10733.1456 
321.0 235.0 0.301422720008 10498.57728 
198.0 138.0 0.151135000003 10648.865 
231.0 87.0 0.132536000003 10667.464 
348.0 14.0 0.132536000003 10667.464 
281.0 327.0 0.0175584000002 10782.4416 
471.0 207.0 0.0540230000012 10745.977 
218.0 434.0 0.132536000003 10667.464 
254.0 162.0 0.510765000014 10289.235 
446.0 197.0 0.10136744 10698.63256 
143.0 236.0 0.0329940800007 10767.00592 
386.0 309.0 0.0120600000003 10787.94 
461.0 434.0 0.0120600000003 10787.94 
402.0 429.0 0.0184790400003 10781.52096 
405.0 406.0 0.0177400000005 10782.26 
20.0 257.0 0.03287804 10767.12196 
253.0 173.0 0.617689760013 10182.31024 
367.0 359.0 0.0658521600008 10734.14784 
212.0 39.0 0.0675876400014 10732.41236 
269.0 197.0 0.707523600019 10092.4764 
301.0 407.0 0.707523600019 10092.4764 
