250.0 250.0
200.0 251.0 0.0865800000024 10713.42 
183.0 328.0 0.224616520002 10575.38348 
153.0 228.0 0.0467764000006 10753.2236 
221.0 344.0 0.037080000001 10762.92 
185.0 296.0 0.108180000002 10691.82 
90.0 219.0 0.131072560002 10668.92744 
107.0 350.0 0.0439400000012 10756.06 
150.0 251.0 0.120877600002 10679.1224 
268.0 336.0 0.0345997600001 10765.40024 
198.0 188.0 0.220854800004 10579.1452 
203.0 131.0 0.233399480005 10566.60052 
157.0 94.0 0.106414000003 10693.586 
156.0 381.0 0.104120600001 10695.8794 
323.0 394.0 0.00588000000016 10794.12 
93.0 137.0 0.0461612000005 10753.8388 
180.0 313.0 0.037080000001 10762.92 
218.0 291.0 0.0728867200013 10727.11328 
301.0 303.0 0.0432000000012 10756.8 
203.0 146.0 0.170476000004 10629.524 
152.0 250.0 0.0886556000014 10711.3444 
170.0 428.0 0.0958144000008 10704.1856 
174.0 245.0 0.129010880001 10670.98912 
183.0 285.0 0.2481768 10551.8232 
188.0 47.0 0.107748640001 10692.25136 
335.0 298.0 0.036740000001 10763.26 
76.0 186.0 0.0923411200016 10707.65888 
22.0 247.0 0.0386762800001 10761.32372 
269.0 230.0 0.396872360007 10403.12764 
177.0 351.0 0.107565000002 10692.435 
113.0 110.0 0.0952366400002 10704.76336 
159.0 86.0 0.113280360002 10686.71964 
131.0 428.0 0.0381088000004 10761.8912 
170.0 106.0 0.288763440003 10511.23656 
239.0 193.0 0.682175880005 10117.82412 
70.0 264.0 0.191623000001 10608.377 
103.0 96.0 0.0232443200002 10776.75568 
54.0 270.0 0.0566083200009 10743.39168 
64.0 362.0 0.197308520001 10602.69148 
371.0 337.0 0.108469000001 10691.531 
400.0 300.0 0.0160088000004 10783.9912 
384.0 448.0 0.0 10800.0 
185.0 353.0 0.0821850000013 10717.815 
147.0 35.0 0.0590660000011 10740.934 
207.0 156.0 0.544990760004 10255.00924 
89.0 472.0 0.0117348 10788.2652 
280.0 483.0 0.00777399999992 10792.226 
452.0 333.0 0.022244 10777.756 
420.0 214.0 0.544990760004 10255.00924 
129.0 322.0 0.163012160003 10636.98784 
303.0 236.0 0.163012160003 10636.98784 
142.0 243.0 0.055228160001 10744.77184 
2.0 273.0 0.0424355200002 10757.56448 
93.0 381.0 0.0546888800008 10745.31112 
305.0 252.0 0.154427200004 10645.5728 
260.0 1.0 0.0 10800.0 
322.0 434.0 0.00610000000017 10793.9 
72.0 297.0 0.0630708800012 10736.92912 
176.0 186.0 0.135732280003 10664.26772 
339.0 326.0 0.181986520001 10618.01348 
166.0 484.0 0.163012160003 10636.98784 
335.0 59.0 0.163012160003 10636.98784 
208.0 56.0 0.0247400000007 10775.26 
274.0 129.0 0.0561834399997 10743.81656 
252.0 334.0 0.00646000000018 10793.54 
340.0 480.0 0.0358679999998 10764.132 
287.0 476.0 0.00650000000018 10793.5 
78.0 321.0 0.066749760001 10733.25024 
383.0 329.0 0.0923248000016 10707.6752 
180.0 34.0 0.0684156800006 10731.58432 
246.0 212.0 0.306144800006 10493.8552 
109.0 193.0 0.0561800000016 10743.82 
117.0 400.0 0.0125200000003 10787.48 
213.0 186.0 0.266852200005 10533.1478 
164.0 204.0 0.0805867200013 10719.41328 
245.0 102.0 0.0439940000006 10756.006 
359.0 203.0 0.163012160003 10636.98784 
155.0 172.0 0.0588640000007 10741.136 
97.0 182.0 0.0390286000004 10760.9714 
413.0 98.0 0.163012160003 10636.98784 
28.0 334.0 0.144057600001 10655.9424 
334.0 216.0 0.0426808000007 10757.3192 
388.0 357.0 0.0448058000011 10755.1942 
302.0 156.0 0.0124400000003 10787.56 
54.0 142.0 0.0499120000003 10750.088 
38.0 375.0 0.0654276000013 10734.5724 
368.0 384.0 0.0561636800008 10743.83632 
432.0 353.0 0.0122600000003 10787.74 
440.0 360.0 0.0136205200005 10786.37948 
12.0 315.0 0.0525356400011 10747.46436 
422.0 498.0 0.163012160003 10636.98784 
106.0 482.0 0.00660000000018 10793.4 
205.0 117.0 0.194435000005 10605.565 
459.0 132.0 0.194435000005 10605.565 
416.0 27.0 0.0471240000007 10752.876 
39.0 57.0 0.0471240000007 10752.876 
35.0 144.0 0.0688549600012 10731.14504 
138.0 28.0 0.0471240000007 10752.876 
67.0 371.0 0.0688549600012 10731.14504 
320.0 323.0 0.0460546400011 10753.94536 
385.0 303.0 0.00660000000018 10793.4 
