250.0 250.0
264.0 241.0 0.150212880004 10649.78712 
323.0 191.0 0.362646880009 10437.35312 
377.0 201.0 0.202479520004 10597.52048 
363.0 180.0 0.380896480005 10419.10352 
414.0 269.0 0.250949120001 10549.05088 
209.0 170.0 0.215756520004 10584.24348 
299.0 161.0 0.265597520007 10534.40248 
218.0 204.0 0.148466080003 10651.53392 
424.0 173.0 0.260524360002 10539.47564 
169.0 225.0 0.260524360002 10539.47564 
474.0 103.0 0.0488964000005 10751.1036 
561.0 120.0 0.260524360002 10539.47564 
338.0 256.0 0.270321080002 10529.67892 
422.0 318.0 0.205681400001 10594.3186 
366.0 279.0 0.221655800001 10578.3442 
422.0 92.0 0.0652330800014 10734.76692 
264.0 157.0 0.339264400008 10460.7356 
256.0 128.0 0.420167640006 10379.83236 
327.0 200.0 0.571326920006 10228.67308 
280.0 217.0 1.58103000002 9218.96999998 
269.0 311.0 0.124562560002 10675.43744 
476.0 311.0 0.0180372400003 10781.96276 
414.0 218.0 0.113425680002 10686.57432 
382.0 55.0 0.0878480000015 10712.152 
326.0 118.0 0.0806400000022 10719.36 
268.0 328.0 0.0784990000014 10721.501 
203.0 108.0 0.119056320002 10680.94368 
218.0 163.0 0.201102680005 10598.89732 
317.0 265.0 0.204686400003 10595.3136 
294.0 16.0 0.0508342000006 10749.1658 
441.0 355.0 0.126060800001 10673.9392 
297.0 88.0 0.237750000003 10562.25 
499.0 46.0 0.237750000003 10562.25 
382.0 46.0 0.0511742400005 10748.82576 
389.0 104.0 0.146232160002 10653.76784 
171.0 96.0 0.0696436800011 10730.35632 
204.0 147.0 0.220856000004 10579.144 
295.0 221.0 0.648063280016 10151.93672 
453.0 141.0 0.0731806000012 10726.8194 
93.0 62.0 0.0388535600004 10761.14644 
128.0 284.0 0.0785017600016 10721.49824 
396.0 77.0 0.182966640002 10617.03336 
157.0 78.0 0.0439691200002 10756.03088 
108.0 169.0 0.0216480000004 10778.352 
339.0 97.0 0.0700008000018 10729.9992 
445.0 198.0 0.0651709200014 10734.82908 
353.0 94.0 0.199264200002 10600.7358 
54.0 285.0 0.0206577600001 10779.34224 
393.0 169.0 0.169249640004 10630.75036 
380.0 158.0 0.207949600002 10592.0504 
423.0 204.0 0.0954600000016 10704.54 
258.0 266.0 0.163398400005 10636.6016 
167.0 240.0 0.0195200000005 10780.48 
361.0 268.0 0.124817800003 10675.1822 
252.0 103.0 0.188689880004 10611.31012 
440.0 148.0 0.096569440001 10703.43056 
121.0 314.0 0.0371536000005 10762.8464 
246.0 84.0 0.114827520002 10685.17248 
62.0 288.0 0.0197000000005 10780.3 
92.0 185.0 0.0360684000003 10763.9316 
327.0 94.0 0.116576640003 10683.42336 
244.0 173.0 0.650001680005 10149.99832 
469.0 147.0 0.0647679200014 10735.23208 
213.0 136.0 0.288738000005 10511.262 
133.0 69.0 0.0892172000006 10710.7828 
155.0 314.0 0.0249000000007 10775.1 
236.0 227.0 0.448629000011 10351.371 
347.0 35.0 0.049986600001 10750.0134 
35.0 87.0 0.00596000000017 10794.04 
410.0 240.0 0.0441200000012 10755.88 
257.0 172.0 0.265165280007 10534.83472 
197.0 126.0 0.147377600002 10652.6224 
324.0 404.0 0.00596000000017 10794.04 
221.0 87.0 0.110848800002 10689.1512 
221.0 321.0 0.0569796800004 10743.02032 
317.0 230.0 0.70120920001 10098.7908 
4.0 298.0 0.0372200000002 10762.78 
134.0 176.0 0.0126000000003 10787.4 
147.0 116.0 0.0183600000005 10781.64 
437.0 82.0 0.0571920000006 10742.808 
27.0 177.0 0.0571920000006 10742.808 
488.0 357.0 0.0696708800008 10730.32912 
209.0 104.0 0.105205600003 10694.7944 
169.0 411.0 0.105205600003 10694.7944 
130.0 321.0 0.0333115200004 10766.68848 
299.0 334.0 0.0665096000013 10733.4904 
351.0 207.0 0.353245600006 10446.7544 
280.0 192.0 0.823410000011 9976.58999999 
202.0 477.0 0.105205600003 10694.7944 
116.0 262.0 0.0279788800005 10772.02112 
295.0 292.0 0.159966400002 10640.0336 
401.0 317.0 0.0259800000007 10774.02 
160.0 287.0 0.12103232 10678.96768 
35.0 315.0 0.0648962400006 10735.10376 
468.0 294.0 0.00654000000018 10793.46 
450.0 383.0 0.0436136000006 10756.3864 
320.0 53.0 0.138786880001 10661.21312 
134.0 413.0 0.105205600003 10694.7944 
278.0 407.0 0.105205600003 10694.7944 
26.0 87.0 0.00692552000004 10793.07448 
