250.0 250.0
299.0 279.0 0.052960800001 10747.0392 
386.0 262.0 0.0345100000002 10765.49 
369.0 231.0 0.0316400000009 10768.36 
377.0 184.0 0.109601640002 10690.39836 
353.0 347.0 0.174448960004 10625.55104 
392.0 217.0 0.0839550000022 10716.045 
459.0 189.0 0.134167280003 10665.83272 
287.0 370.0 0.0411020000006 10758.898 
434.0 189.0 0.184461600004 10615.5384 
497.0 266.0 0.0565209200002 10743.47908 
378.0 239.0 0.0207864000002 10779.2136 
351.0 398.0 0.130183000002 10669.817 
438.0 238.0 0.118075000002 10681.925 
448.0 194.0 0.110494560002 10689.50544 
376.0 85.0 0.0367036800002 10763.29632 
388.0 197.0 0.252621400004 10547.3786 
227.0 298.0 0.138601080003 10661.39892 
300.0 55.0 0.0250400000007 10774.96 
298.0 260.0 0.0666457600007 10733.35424 
326.0 58.0 0.0337258000004 10766.2742 
184.0 342.0 0.0359250000006 10764.075 
464.0 194.0 0.112794400003 10687.2056 
500.0 102.0 0.112794400003 10687.2056 
338.0 354.0 0.178855680004 10621.14432 
301.0 282.0 0.0571042800007 10742.89572 
343.0 430.0 0.0502428800008 10749.75712 
458.0 283.0 0.0619576000007 10738.0424 
479.0 212.0 0.0587628000012 10741.2372 
423.0 208.0 0.276796200004 10523.2038 
295.0 322.0 0.0949000000027 10705.1 
174.0 259.0 0.132481400001 10667.5186 
443.0 340.0 0.0445040000007 10755.496 
331.0 38.0 0.0412900000004 10758.71 
457.0 201.0 0.158838400004 10641.1616 
368.0 315.0 0.233325800003 10566.6742 
359.0 154.0 0.0757977600005 10724.20224 
317.0 172.0 0.0122600000003 10787.74 
433.0 159.0 0.101217920002 10698.78208 
431.0 340.0 0.0359784000007 10764.0216 
380.0 64.0 0.101217920002 10698.78208 
351.0 332.0 0.168993400004 10631.0066 
407.0 342.0 0.132770000002 10667.23 
181.0 167.0 0.00582000000016 10794.18 
438.0 282.0 0.045637040001 10754.36296 
188.0 367.0 0.0339881600007 10766.01184 
113.0 163.0 0.101217920002 10698.78208 
338.0 377.0 0.284501280005 10515.49872 
448.0 270.0 0.0587444000012 10741.2556 
290.0 32.0 0.0326886400005 10767.31136 
405.0 15.0 0.00582000000016 10794.18 
187.0 130.0 0.0221741999999 10777.8258 
63.0 195.0 0.101217920002 10698.78208 
393.0 205.0 0.166116160004 10633.88384 
435.0 259.0 0.0386000000011 10761.4 
325.0 329.0 0.319465040002 10480.53496 
150.0 289.0 0.074896160001 10725.10384 
256.0 337.0 0.0946480800008 10705.35192 
270.0 256.0 0.0584873600006 10741.51264 
174.0 425.0 0.0100228799998 10789.97712 
50.0 133.0 0.101217920002 10698.78208 
215.0 42.0 0.00652000000018 10793.48 
426.0 91.0 0.0242413200001 10775.75868 
428.0 176.0 0.325164160005 10474.83584 
318.0 463.0 0.0872180000006 10712.782 
347.0 425.0 0.155773600002 10644.2264 
424.0 311.0 0.0176000000005 10782.4 
343.0 494.0 0.0365988800004 10763.40112 
307.0 41.0 0.0280388000005 10771.9612 
271.0 198.0 0.101217920002 10698.78208 
171.0 408.0 0.00628000000017 10793.72 
394.0 443.0 0.101217920002 10698.78208 
418.0 499.0 0.0805652800023 10719.43472 
236.0 254.0 0.0805652800023 10719.43472 
209.0 265.0 0.244777680003 10555.22232 
332.0 121.0 0.0400760000004 10759.924 
6.0 233.0 0.244777680003 10555.22232 
270.0 131.0 0.244777680003 10555.22232 
153.0 320.0 0.0381312000008 10761.8688 
207.0 372.0 0.0363940800006 10763.60592 
109.0 366.0 0.0363940800006 10763.60592 
405.0 125.0 0.0246600000007 10775.34 
209.0 368.0 0.0338812000008 10766.1188 
493.0 477.0 0.0338812000008 10766.1188 
196.0 113.0 0.00600000000017 10794.0 
476.0 256.0 0.060180320001 10739.81968 
279.0 384.0 0.00622000000017 10793.78 
25.0 63.0 0.00622000000017 10793.78 
236.0 93.0 0.0300000000001 10770.0 
384.0 230.0 0.106440000003 10693.56 
200.0 345.0 0.0260000000007 10774.0 
412.0 17.0 0.00643691999984 10793.56308 
345.0 2.0 0.00622000000017 10793.78 
242.0 308.0 0.073992640001 10726.00736 
54.0 432.0 0.118661200001 10681.3388 
476.0 171.0 0.0678537600011 10732.14624 
54.0 315.0 0.118661200001 10681.3388 
280.0 395.0 0.00773768000026 10792.26232 
175.0 35.0 0.0280229600001 10771.97704 
207.0 275.0 0.118661200001 10681.3388 
494.0 388.0 0.118661200001 10681.3388 
