250.0 250.0
284.0 179.0 0.0181000000005 10781.9 
233.0 185.0 0.148092600003 10651.9074 
142.0 196.0 0.0387913600007 10761.20864 
194.0 295.0 0.0991356000008 10700.8644 
190.0 290.0 0.0198362800006 10780.16372 
201.0 211.0 0.106812360003 10693.18764 
338.0 232.0 0.0181000000005 10781.9 
202.0 171.0 0.245784080003 10554.21592 
220.0 157.0 0.0448577200005 10755.14228 
160.0 178.0 0.119070440001 10680.92956 
249.0 303.0 0.119070440001 10680.92956 
253.0 196.0 0.105793760002 10694.20624 
235.0 206.0 0.42955668 10370.44332 
94.0 250.0 0.105793760002 10694.20624 
225.0 257.0 0.0622040800002 10737.79592 
137.0 200.0 0.041424560001 10758.57544 
216.0 170.0 0.144091440003 10655.90856 
201.0 87.0 0.144091440003 10655.90856 
275.0 147.0 0.0700410000009 10729.959 
207.0 225.0 0.148122800003 10651.8772 
265.0 375.0 0.148122800003 10651.8772 
207.0 196.0 0.128633760003 10671.36624 
353.0 320.0 0.128633760003 10671.36624 
312.0 135.0 0.0220432000006 10777.9568 
293.0 133.0 0.0482976000012 10751.7024 
