250.0 250.0
242.0 294.0 0.0504000000006 10749.6 
225.0 290.0 0.119910000001 10680.09 
135.0 270.0 0.0183000000005 10781.7 
105.0 222.0 0.0892169600018 10710.78304 
180.0 194.0 0.095860000002 10704.14 
105.0 232.0 0.156868400001 10643.1316 
164.0 367.0 0.156868400001 10643.1316 
220.0 191.0 0.105195040002 10694.80496 
193.0 304.0 0.0665792000003 10733.4208 
53.0 143.0 0.0188000000005 10781.2 
45.0 149.0 0.0277999999999 10772.2 
67.0 137.0 0.00630000000017 10793.7 
38.0 133.0 0.0295982000005 10770.4018 
52.0 217.0 0.0438184400003 10756.18156 
182.0 213.0 0.262121120002 10537.87888 
148.0 207.0 0.167536960002 10632.46304 
236.0 179.0 0.0603000000014 10739.7 
16.0 174.0 0.0380580000002 10761.942 
189.0 316.0 0.0202056000006 10779.7944 
80.0 61.0 0.00610000000017 10793.9 
69.0 50.0 0.00905239999996 10790.9476 
224.0 202.0 0.0548400000015 10745.16 
4.0 202.0 0.0548400000015 10745.16 
192.0 103.0 0.167536960002 10632.46304 
97.0 219.0 0.0484129600005 10751.58704 
