250.0 250.0
297.0 296.0 0.0250800000007 10774.92 
330.0 192.0 0.0250800000007 10774.92 
397.0 229.0 0.00824448000014 10791.75552 
394.0 216.0 0.00608000000017 10793.92 
254.0 180.0 0.0318600000009 10768.14 
214.0 345.0 0.00924000000026 10790.76 
307.0 311.0 0.0415200000007 10758.48 
226.0 106.0 0.0419246000005 10758.0754 
236.0 167.0 0.0771171200017 10722.88288 
429.0 133.0 0.0323520800005 10767.64792 
366.0 293.0 0.0152792 10784.7208 
364.0 264.0 0.00568000000016 10794.32 
214.0 145.0 0.0774113600016 10722.58864 
298.0 318.0 0.0561276000004 10743.8724 
241.0 162.0 0.0574168400015 10742.58316 
312.0 120.0 0.0574168400015 10742.58316 
414.0 150.0 0.0121400000003 10787.86 
290.0 350.0 0.0711470400007 10728.85296 
283.0 167.0 0.0667519200009 10733.24808 
282.0 359.0 0.0205896000002 10779.4104 
383.0 71.0 0.0205896000002 10779.4104 
429.0 166.0 0.0301786800003 10769.82132 
419.0 328.0 0.0301786800003 10769.82132 
152.0 92.0 0.0301786800003 10769.82132 
209.0 330.0 0.00616000000017 10793.84 
