250.0 250.0
188.0 277.0 0.295519000003 10504.481 
145.0 289.0 0.396025920003 10403.97408 
56.0 315.0 0.0555526400007 10744.44736 
255.0 228.0 0.0261770000007 10773.823 
112.0 261.0 0.344229520001 10455.77048 
37.0 217.0 0.088644160001 10711.35584 
113.0 210.0 0.0204392000004 10779.5608 
28.0 282.0 0.0426870400005 10757.31296 
48.0 279.0 0.0507400000011 10749.26 
176.0 303.0 0.0567200000016 10743.28 
56.0 270.0 0.118760640002 10681.23936 
233.0 242.0 0.0350203600005 10764.97964 
110.0 350.0 0.0186032000003 10781.3968 
198.0 226.0 0.03778288 10762.21712 
27.0 189.0 0.0292908800005 10770.70912 
127.0 215.0 0.0663012800018 10733.69872 
78.0 262.0 0.23044248 10569.55752 
94.0 322.0 0.0122800000003 10787.72 
228.0 367.0 0.0124600000003 10787.54 
136.0 201.0 0.0126800000003 10787.32 
38.0 263.0 0.157300840002 10642.69916 
52.0 352.0 0.157300840002 10642.69916 
234.0 388.0 0.0186419200004 10781.35808 
217.0 279.0 0.398731600002 10401.2684 
191.0 363.0 0.0290246000001 10770.9754 
