250.0 250.0
190.0 220.0 0.00566000000016 10794.34 
180.0 284.0 0.477648400007 10322.3516 
218.0 306.0 0.185011840005 10614.98816 
246.0 342.0 0.0898392000003 10710.1608 
262.0 404.0 0.00662000000018 10793.38 
200.0 377.0 0.0541724000008 10745.8276 
267.0 270.0 0.0155045600003 10784.49544 
157.0 315.0 0.235393200001 10564.6068 
250.0 355.0 0.0210592000006 10778.9408 
122.0 393.0 0.0240500000001 10775.95 
131.0 376.0 0.0767150800009 10723.28492 
229.0 287.0 0.4452584 10354.7416 
263.0 406.0 0.00668620000026 10793.3138 
146.0 251.0 0.101986200002 10698.0138 
168.0 240.0 0.0776668800019 10722.33312 
108.0 298.0 0.00618000000017 10793.82 
173.0 351.0 0.189980640002 10610.01936 
210.0 476.0 0.00692000000019 10793.08 
163.0 463.0 0.03983152 10760.16848 
104.0 169.0 0.03983152 10760.16848 
84.0 292.0 0.0137443200001 10786.25568 
295.0 228.0 0.0137443200001 10786.25568 
167.0 391.0 0.123871840002 10676.12816 
167.0 289.0 0.0698838400019 10730.11616 
207.0 499.0 0.0698838400019 10730.11616 
