250.0 250.0
198.0 198.0 0.0468924000008 10753.1076 
212.0 176.0 0.0279359200006 10772.06408 
167.0 236.0 0.0554306000006 10744.5694 
196.0 181.0 0.0307705600004 10769.22944 
214.0 189.0 0.0321400000009 10767.86 
151.0 142.0 0.0321400000009 10767.86 
242.0 251.0 0.0197034000004 10780.2966 
162.0 124.0 0.00648000000018 10793.52 
302.0 202.0 0.0418468800001 10758.15312 
167.0 203.0 0.0563926000006 10743.6074 
375.0 182.0 0.0251293999997 10774.8706 
411.0 180.0 0.0251293999997 10774.8706 
224.0 325.0 0.0366970400001 10763.30296 
153.0 309.0 0.0366970400001 10763.30296 
249.0 297.0 0.0814024 10718.5976 
125.0 152.0 0.0343828800001 10765.61712 
273.0 193.0 0.0125200000003 10787.48 
294.0 274.0 0.0125200000003 10787.48 
344.0 160.0 0.00646000000018 10793.54 
369.0 263.0 0.00646000000018 10793.54 
75.0 67.0 0.00646000000018 10793.54 
177.0 263.0 0.00626000000017 10793.74 
395.0 130.0 0.00646000000018 10793.54 
42.0 1.0 0.0265974400005 10773.40256 
324.0 214.0 0.0265974400005 10773.40256 
