250.0 250.0
299.0 180.0 0.153396200001 10646.6038 
346.0 193.0 0.0672328400016 10732.76716 
334.0 160.0 0.0695100000009 10730.49 
306.0 266.0 0.252590800002 10547.4092 
377.0 247.0 0.0122600000003 10787.74 
277.0 233.0 0.16757088 10632.42912 
439.0 272.0 0.16757088 10632.42912 
330.0 311.0 0.0239932800006 10776.00672 
325.0 217.0 0.036740000001 10763.26 
377.0 275.0 0.082881440001 10717.11856 
407.0 337.0 0.082881440001 10717.11856 
316.0 297.0 0.100569880002 10699.43012 
283.0 82.0 0.100569880002 10699.43012 
274.0 29.0 0.100569880002 10699.43012 
305.0 177.0 0.0797000000015 10720.3 
408.0 311.0 0.0481010000007 10751.899 
193.0 115.0 0.03543372 10764.56628 
327.0 188.0 0.0642350400013 10735.76496 
341.0 299.0 0.164122160001 10635.87784 
263.0 366.0 0.164122160001 10635.87784 
116.0 157.0 0.00618000000017 10793.82 
193.0 162.0 0.00654000000018 10793.46 
250.0 388.0 0.00654000000018 10793.46 
140.0 124.0 0.0267594000001 10773.2406 
334.0 212.0 0.0735986800012 10726.40132 
