250.0 250.0
247.0 173.0 0.036760000001 10763.24 
184.0 172.0 0.110747040002 10689.25296 
200.0 159.0 0.0579402000009 10742.0598 
126.0 109.0 0.0450864000002 10754.9136 
176.0 105.0 0.0450864000002 10754.9136 
200.0 228.0 0.0548000000015 10745.2 
264.0 250.0 0.0151331200004 10784.86688 
236.0 139.0 0.13476724 10665.23276 
144.0 185.0 0.157884320002 10642.11568 
189.0 187.0 0.225100080002 10574.89992 
255.0 287.0 0.0225007199999 10777.49928 
239.0 54.0 0.0384051200006 10761.59488 
172.0 160.0 0.0665945600012 10733.40544 
155.0 183.0 0.0764584000016 10723.5416 
288.0 252.0 0.0308268800001 10769.17312 
295.0 333.0 0.0308268800001 10769.17312 
212.0 202.0 0.0954392000007 10704.5608 
238.0 379.0 0.0954392000007 10704.5608 
244.0 93.0 0.121576800002 10678.4232 
223.0 84.0 0.0495404000007 10750.4596 
109.0 150.0 0.100412000001 10699.588 
179.0 27.0 0.100412000001 10699.588 
222.0 175.0 0.0485000000013 10751.5 
39.0 216.0 0.0485000000013 10751.5 
261.0 99.0 0.114640000001 10685.36 
