250.0 250.0
198.0 190.0 0.0466200000013 10753.38 
159.0 151.0 0.232218400003 10567.7816 
188.0 84.0 0.00624000000017 10793.76 
197.0 240.0 0.00624000000017 10793.76 
160.0 168.0 0.103722080002 10696.27792 
262.0 217.0 0.0832903200011 10716.70968 
125.0 258.0 0.0832903200011 10716.70968 
154.0 26.0 0.0420984000006 10757.9016 
326.0 144.0 0.0420984000006 10757.9016 
122.0 83.0 0.0552590000008 10744.741 
123.0 62.0 0.0879682000007 10712.0318 
137.0 109.0 0.159201280002 10640.79872 
279.0 258.0 0.0368974000008 10763.1026 
133.0 121.0 0.108753120002 10691.24688 
308.0 209.0 0.0451081600004 10754.89184 
112.0 201.0 0.0451081600004 10754.89184 
227.0 290.0 0.0725004799997 10727.49952 
201.0 78.0 0.00879840000017 10791.2016 
230.0 387.0 0.0451081600004 10754.89184 
265.0 189.0 0.0569201600002 10743.07984 
265.0 119.0 0.0569201600002 10743.07984 
358.0 84.0 0.146095800001 10653.9042 
432.0 99.0 0.0195368000004 10780.4632 
225.0 296.0 0.0195368000004 10780.4632 
199.0 162.0 0.146095800001 10653.9042 
