250.0 250.0
220.0 229.0 0.229085520002 10570.91448 
183.0 268.0 0.0619612000013 10738.0388 
144.0 273.0 0.0306200000009 10769.38 
116.0 215.0 0.0602016000008 10739.7984 
133.0 228.0 0.0941498400009 10705.85016 
107.0 205.0 0.0447108000007 10755.2892 
144.0 193.0 0.0712176000012 10728.7824 
129.0 268.0 0.0218600000006 10778.14 
102.0 299.0 0.0410096 10758.9904 
45.0 247.0 0.0410096 10758.9904 
274.0 296.0 0.0533712000002 10746.6288 
19.0 162.0 0.0533712000002 10746.6288 
266.0 272.0 0.0583208000007 10741.6792 
226.0 329.0 0.0583208000007 10741.6792 
299.0 169.0 0.0583208000007 10741.6792 
147.0 192.0 0.113165000001 10686.835 
152.0 389.0 0.113165000001 10686.835 
135.0 441.0 0.113165000001 10686.835 
128.0 234.0 0.111660320002 10688.33968 
196.0 239.0 0.116952960002 10683.04704 
179.0 119.0 0.116952960002 10683.04704 
175.0 221.0 0.255330040002 10544.66996 
125.0 300.0 0.0349440000001 10765.056 
153.0 324.0 0.00620000000017 10793.8 
252.0 310.0 0.0274552000007 10772.5448 
