250.0 250.0
278.0 303.0 0.334382720003 10465.61728 
305.0 387.0 0.0998659200007 10700.13408 
322.0 246.0 0.0998659200007 10700.13408 
239.0 334.0 0.150107600004 10649.8924 
235.0 230.0 0.192110000001 10607.89 
152.0 259.0 0.156369640003 10643.63036 
233.0 215.0 0.093882000002 10706.118 
321.0 362.0 0.162096800003 10637.9032 
236.0 136.0 0.0126072000003 10787.3928 
113.0 344.0 0.0399719200006 10760.02808 
315.0 349.0 0.158263000003 10641.737 
161.0 362.0 0.0183400000005 10781.66 
218.0 150.0 0.00618000000017 10793.82 
175.0 200.0 0.0942332000013 10705.7668 
123.0 264.0 0.0892094400013 10710.79056 
248.0 236.0 0.076640000002 10723.36 
53.0 252.0 0.00654000000018 10793.46 
231.0 396.0 0.0998659200007 10700.13408 
195.0 255.0 0.364147000003 10435.853 
319.0 413.0 0.0362364800005 10763.76352 
403.0 215.0 0.0125400000003 10787.46 
135.0 311.0 0.0992756400008 10700.72436 
405.0 265.0 0.00676000000018 10793.24 
340.0 382.0 0.0825308000016 10717.4692 
123.0 393.0 0.0545692000007 10745.4308 
324.0 317.0 0.340889440003 10459.11056 
245.0 136.0 0.00618000000017 10793.82 
242.0 293.0 0.39023408 10409.76592 
153.0 178.0 0.0307768000006 10769.2232 
412.0 162.0 0.0196595600006 10780.34044 
127.0 465.0 0.364147000003 10435.853 
166.0 407.0 0.105714000001 10694.286 
251.0 215.0 0.089794720002 10710.20528 
273.0 475.0 0.364147000003 10435.853 
360.0 385.0 0.057148000001 10742.852 
254.0 77.0 0.364147000003 10435.853 
182.0 236.0 0.173517200001 10626.4828 
496.0 127.0 0.173517200001 10626.4828 
407.0 166.0 0.0797383599995 10720.26164 
88.0 405.0 0.00616000000017 10793.84 
448.0 270.0 0.0320964800002 10767.90352 
24.0 222.0 0.0293122800001 10770.68772 
301.0 14.0 0.0293122800001 10770.68772 
248.0 476.0 0.0293122800001 10770.68772 
143.0 412.0 0.0375004000009 10762.4996 
317.0 331.0 0.170177600004 10629.8224 
50.0 308.0 0.170177600004 10629.8224 
85.0 405.0 0.00627088000012 10793.72912 
244.0 0.0 0.00627088000012 10793.72912 
300.0 136.0 0.00627088000012 10793.72912 
