250.0 250.0
227.0 222.0 0.0780107599999 10721.98924 
180.0 216.0 0.0890420000006 10710.958 
208.0 139.0 0.156560000004 10643.44 
251.0 103.0 0.193096400003 10606.9036 
199.0 117.0 0.222760200004 10577.2398 
282.0 273.0 0.03078236 10769.21764 
269.0 308.0 0.0182400000005 10781.76 
139.0 143.0 0.314790000003 10485.21 
273.0 251.0 0.0245540000002 10775.446 
268.0 210.0 0.0366363200003 10763.36368 
114.0 108.0 0.184278000002 10615.722 
38.0 140.0 0.184278000002 10615.722 
161.0 32.0 0.0633874000012 10736.6126 
155.0 57.0 0.165767600002 10634.2324 
161.0 11.0 0.0746908800011 10725.30912 
110.0 236.0 0.00618000000017 10793.82 
194.0 0.0 0.0546708000009 10745.3292 
245.0 311.0 0.0258216000004 10774.1784 
77.0 207.0 0.0365148000002 10763.4852 
110.0 49.0 0.0861340000013 10713.866 
310.0 57.0 0.00658000000018 10793.42 
197.0 170.0 0.0579200000016 10742.08 
233.0 360.0 0.0421610000004 10757.839 
173.0 423.0 0.0421610000004 10757.839 
135.0 130.0 0.121288000003 10678.712 
159.0 210.0 0.0235240000005 10776.476 
272.0 430.0 0.121288000003 10678.712 
226.0 118.0 0.143269800004 10656.7302 
336.0 378.0 0.00596000000017 10794.04 
211.0 123.0 0.224716400005 10575.2836 
130.0 152.0 0.0868877600021 10713.11224 
260.0 324.0 0.0321862400004 10767.81376 
224.0 127.0 0.176740000003 10623.26 
142.0 80.0 0.120301600002 10679.6984 
163.0 92.0 0.341781160004 10458.21884 
137.0 46.0 0.0693209600015 10730.67904 
92.0 65.0 0.0623089600008 10737.69104 
373.0 375.0 0.0223857599999 10777.61424 
254.0 47.0 0.0581220000008 10741.878 
184.0 143.0 0.194978080003 10605.02192 
262.0 46.0 0.0471216000009 10752.8784 
89.0 161.0 0.0482355200007 10751.76448 
218.0 16.0 0.0535901600008 10746.40984 
112.0 298.0 0.121288000003 10678.712 
431.0 369.0 0.00612000000017 10793.88 
264.0 62.0 0.166848000001 10633.152 
85.0 82.0 0.0450803200002 10754.91968 
405.0 302.0 0.0450803200002 10754.91968 
423.0 417.0 0.0351043199999 10764.89568 
399.0 243.0 0.0351043199999 10764.89568 
