250.0 250.0
182.0 190.0 0.0907315200015 10709.26848 
189.0 237.0 0.121783120001 10678.21688 
229.0 277.0 0.103890400002 10696.1096 
182.0 132.0 0.0277283200002 10772.27168 
171.0 168.0 0.0255778000003 10774.4222 
171.0 42.0 0.0276137600004 10772.38624 
157.0 251.0 0.0526304000007 10747.3696 
265.0 195.0 0.0121200000003 10787.88 
203.0 94.0 0.0331860800005 10766.81392 
226.0 232.0 0.0663680000016 10733.632 
232.0 254.0 0.112012000003 10687.988 
177.0 286.0 0.0985101600015 10701.48984 
98.0 207.0 0.0440600000012 10755.94 
168.0 252.0 0.0401703600006 10759.82964 
225.0 127.0 0.0247400000007 10775.26 
200.0 101.0 0.0282921999999 10771.7078 
151.0 63.0 0.0240400000007 10775.96 
38.0 148.0 0.0574640000007 10742.536 
84.0 173.0 0.106400320001 10693.59968 
236.0 317.0 0.0820616400016 10717.93836 
168.0 374.0 0.0216194 10778.3806 
28.0 143.0 0.0462808000008 10753.7192 
227.0 338.0 0.0230328000007 10776.9672 
192.0 5.0 0.121783120001 10678.21688 
210.0 344.0 0.121783120001 10678.21688 
216.0 321.0 0.0847543200007 10715.24568 
299.0 179.0 0.0283862400002 10771.61376 
250.0 93.0 0.00632000000017 10793.68 
107.0 153.0 0.0185800000005 10781.42 
265.0 407.0 0.0185800000005 10781.42 
336.0 291.0 0.0185800000005 10781.42 
324.0 117.0 0.0243972800005 10775.60272 
146.0 61.0 0.0243972800005 10775.60272 
100.0 412.0 0.0 10800.0 
218.0 286.0 0.236636000003 10563.364 
360.0 164.0 0.236636000003 10563.364 
302.0 243.0 0.0351177600001 10764.88224 
297.0 167.0 0.0351177600001 10764.88224 
78.0 179.0 0.0518310400005 10748.16896 
113.0 73.0 0.03682624 10763.17376 
28.0 185.0 0.0927724000012 10707.2276 
250.0 416.0 0.0927724000012 10707.2276 
420.0 224.0 0.0961568000013 10703.8432 
69.0 201.0 0.0961568000013 10703.8432 
78.0 158.0 0.0685362000015 10731.4638 
210.0 85.0 0.0440409600005 10755.95904 
135.0 41.0 0.0332456000006 10766.7544 
142.0 351.0 0.00634000000017 10793.66 
466.0 149.0 0.154529400002 10645.4706 
214.0 217.0 0.154529400002 10645.4706 
