250.0 250.0
179.0 211.0 0.118187360002 10681.81264 
146.0 147.0 0.0408145600003 10759.18544 
287.0 265.0 0.06640264 10733.59736 
225.0 298.0 0.210144520003 10589.85548 
318.0 342.0 0.210144520003 10589.85548 
237.0 361.0 0.210144520003 10589.85548 
289.0 357.0 0.0405550000002 10759.445 
202.0 238.0 0.274068480003 10525.93152 
399.0 346.0 0.00574000000016 10794.26 
247.0 338.0 0.0955422400004 10704.45776 
330.0 286.0 0.0481572000004 10751.8428 
465.0 285.0 0.00644000000018 10793.56 
453.0 365.0 0.0125000000003 10787.5 
391.0 382.0 0.0213527999998 10778.6472 
187.0 311.0 0.0417772000004 10758.2228 
169.0 396.0 0.00600000000017 10794.0 
205.0 322.0 0.0589968000012 10741.0032 
271.0 195.0 0.0567874800004 10743.21252 
71.0 146.0 0.00642000000018 10793.58 
118.0 342.0 0.00642000000018 10793.58 
244.0 198.0 0.0337740000005 10766.226 
290.0 191.0 0.0228197200002 10777.18028 
337.0 127.0 0.00608000000017 10793.92 
410.0 433.0 0.00608000000017 10793.92 
56.0 109.0 0.0268869599998 10773.11304 
493.0 371.0 0.0260592000002 10773.9408 
374.0 448.0 0.00638000000018 10793.62 
194.0 411.0 0.0162 10783.8 
254.0 213.0 0.157193800002 10642.8062 
14.0 113.0 0.0288764400002 10771.12356 
124.0 255.0 0.0288764400002 10771.12356 
452.0 403.0 0.0248959999997 10775.104 
378.0 149.0 0.0324063999997 10767.5936 
224.0 252.0 0.219440000006 10580.56 
177.0 198.0 0.101391000002 10698.609 
146.0 191.0 0.0767830400008 10723.21696 
196.0 300.0 0.0120200000003 10787.98 
213.0 284.0 0.157642400003 10642.3576 
194.0 233.0 0.125704200003 10674.2958 
105.0 471.0 0.0372628000002 10762.7372 
114.0 462.0 0.0367764800002 10763.22352 
289.0 60.0 0.0367764800002 10763.22352 
23.0 153.0 0.00662000000018 10793.38 
389.0 491.0 0.0328442400001 10767.15576 
38.0 450.0 0.0302278400001 10769.77216 
244.0 279.0 0.116131160003 10683.86884 
419.0 131.0 0.116131160003 10683.86884 
483.0 82.0 0.116131160003 10683.86884 
470.0 317.0 0.0199511200003 10780.04888 
80.0 432.0 0.0177800000005 10782.22 
