250.0 250.0
215.0 271.0 0.0333450400001 10766.65496 
271.0 222.0 0.0829510000016 10717.049 
346.0 178.0 0.037620000001 10762.38 
300.0 320.0 0.061040680001 10738.95932 
267.0 344.0 0.0872864000015 10712.7136 
202.0 251.0 0.0540240000004 10745.976 
285.0 331.0 0.0645336800014 10735.46632 
278.0 270.0 0.164707839999 10635.29216 
308.0 105.0 0.094058000002 10705.942 
327.0 48.0 0.0369101600008 10763.08984 
190.0 302.0 0.0250400000007 10774.96 
120.0 251.0 0.140018000001 10659.982 
284.0 220.0 0.0402214400002 10759.77856 
163.0 383.0 0.140018000001 10659.982 
255.0 308.0 0.207172960002 10592.82704 
228.0 216.0 0.0756520000009 10724.348 
180.0 437.0 0.140018000001 10659.982 
316.0 420.0 0.0130000000004 10787.0 
103.0 427.0 0.0130000000004 10787.0 
389.0 402.0 0.0243600000007 10775.64 
15.0 421.0 0.00612000000017 10793.88 
21.0 445.0 0.0136108800001 10786.38912 
471.0 395.0 0.0418128000006 10758.1872 
448.0 485.0 0.0418128000006 10758.1872 
440.0 421.0 0.0571991200011 10742.80088 
555.0 427.0 0.0571991200011 10742.80088 
339.0 138.0 0.193610760001 10606.38924 
274.0 364.0 0.0229022800003 10777.09772 
286.0 455.0 0.07473 10725.27 
90.0 172.0 0.0328548000002 10767.1452 
474.0 359.0 0.00648000000018 10793.52 
479.0 304.0 0.193610760001 10606.38924 
345.0 71.0 0.0659449600014 10734.05504 
385.0 426.0 0.0124924800002 10787.50752 
348.0 94.0 0.193881960001 10606.11804 
362.0 481.0 0.193610760001 10606.38924 
272.0 227.0 0.0729370400018 10727.06296 
485.0 411.0 0.0503150000004 10749.685 
376.0 343.0 0.0503150000004 10749.685 
353.0 541.0 0.0503150000004 10749.685 
197.0 198.0 0.0329630000005 10767.037 
254.0 483.0 0.0429116800003 10757.08832 
89.0 499.0 0.193610760001 10606.38924 
157.0 280.0 0.122715840002 10677.28416 
83.0 243.0 0.0497824000008 10750.2176 
363.0 80.0 0.0576750800014 10742.32492 
422.0 406.0 0.0722744000009 10727.7256 
391.0 477.0 0.193610760001 10606.38924 
132.0 187.0 0.00660000000018 10793.4 
82.0 248.0 0.0492828400007 10750.71716 
