250.0 250.0
184.0 248.0 0.211870000001 10588.13 
100.0 197.0 0.00668000000018 10793.32 
77.0 261.0 0.0127600000004 10787.24 
225.0 179.0 0.0127600000004 10787.24 
264.0 163.0 0.0562899999996 10743.71 
281.0 154.0 0.228801840002 10571.19816 
242.0 281.0 0.0722150000015 10727.785 
209.0 273.0 0.3243372 10475.6628 
32.0 346.0 0.0134415999999 10786.5584 
54.0 356.0 0.0250800000007 10774.92 
150.0 122.0 0.0250800000007 10774.92 
264.0 145.0 0.0577180800016 10742.28192 
196.0 157.0 0.0557090000009 10744.291 
228.0 94.0 0.0185200000005 10781.48 
327.0 161.0 0.2262502 10573.7498 
207.0 182.0 0.0168226000003 10783.1774 
181.0 305.0 0.0795716800013 10720.42832 
89.0 428.0 0.0271943200007 10772.80568 
94.0 57.0 0.156940000001 10643.06 
56.0 396.0 0.0713441600008 10728.65584 
93.0 427.0 0.0261905600008 10773.80944 
212.0 113.0 0.0185200000005 10781.48 
47.0 46.0 0.0664856000008 10733.5144 
130.0 178.0 0.138340400002 10661.6596 
77.0 172.0 0.0220974400002 10777.90256 
163.0 253.0 0.0312400000009 10768.76 
357.0 149.0 0.0617974400014 10738.20256 
382.0 108.0 0.00632000000017 10793.68 
402.0 108.0 0.0473968000003 10752.6032 
280.0 200.0 0.0487200000014 10751.28 
111.0 143.0 0.0795153600009 10720.48464 
21.0 251.0 0.00600000000017 10794.0 
139.0 72.0 0.0251200000007 10774.88 
145.0 462.0 0.0251200000007 10774.88 
98.0 129.0 0.0244364000006 10775.5636 
163.0 216.0 0.185493200003 10614.5068 
171.0 199.0 0.100161800002 10699.8382 
124.0 23.0 0.0564054400007 10743.59456 
102.0 431.0 0.0124600000003 10787.54 
352.0 168.0 0.0577280000011 10742.272 
201.0 71.0 0.0734760000003 10726.524 
210.0 78.0 0.0325797600001 10767.42024 
31.0 431.0 0.0416600000002 10758.34 
241.0 72.0 0.0128000000004 10787.2 
369.0 142.0 0.115815000001 10684.185 
21.0 354.0 0.02026296 10779.73704 
178.0 39.0 0.0403102000001 10759.6898 
55.0 73.0 0.0608810000009 10739.119 
12.0 272.0 0.0122640000001 10787.736 
233.0 258.0 0.0650206800016 10734.97932 
