250.0 250.0
266.0 206.0 0.0319809599998 10768.01904 
208.0 288.0 0.0548000000015 10745.2 
332.0 232.0 0.0165956800002 10783.40432 
236.0 359.0 0.0196400000005 10780.36 
302.0 295.0 0.0196400000005 10780.36 
181.0 253.0 0.12281224 10677.18776 
150.0 285.0 0.0990850000005 10700.915 
215.0 306.0 0.0426984800003 10757.30152 
105.0 200.0 0.0699746000005 10730.0254 
237.0 440.0 0.106294360001 10693.70564 
397.0 184.0 0.0284404800004 10771.55952 
123.0 153.0 0.00612000000017 10793.88 
104.0 189.0 0.0951932800009 10704.80672 
160.0 295.0 0.106294360001 10693.70564 
68.0 304.0 0.0338686400001 10766.13136 
186.0 264.0 0.0377496000008 10762.2504 
10.0 169.0 0.0377496000008 10762.2504 
361.0 371.0 0.0324384 10767.5616 
414.0 172.0 0.0431730000004 10756.827 
142.0 214.0 0.0309200000009 10769.08 
30.0 116.0 0.106294360001 10693.70564 
470.0 224.0 0.0570058400003 10742.99416 
295.0 501.0 0.106294360001 10693.70564 
56.0 261.0 0.0432726400004 10756.72736 
213.0 183.0 0.106294360001 10693.70564 
183.0 348.0 0.0123000000003 10787.7 
173.0 428.0 0.00630000000017 10793.7 
315.0 371.0 0.0123000000003 10787.7 
147.0 446.0 0.0188999999998 10781.1 
316.0 420.0 0.0354044 10764.5956 
51.0 343.0 0.00630000000017 10793.7 
284.0 178.0 0.0123000000003 10787.7 
35.0 333.0 0.0449830000003 10755.017 
487.0 251.0 0.0319504000002 10768.0496 
79.0 320.0 0.0184600000005 10781.54 
351.0 469.0 0.106294360001 10693.70564 
325.0 250.0 0.0120600000003 10787.94 
390.0 242.0 0.0178200000005 10782.18 
102.0 205.0 0.0445902800007 10755.40972 
330.0 221.0 0.0224173600002 10777.58264 
394.0 327.0 0.106294360001 10693.70564 
134.0 303.0 0.0319192000005 10768.0808 
242.0 347.0 0.0906936000012 10709.3064 
434.0 239.0 0.0125200000003 10787.48 
469.0 322.0 0.106294360001 10693.70564 
129.0 332.0 0.0532720000004 10746.728 
63.0 210.0 0.0449679200006 10755.03208 
86.0 170.0 0.0524746400007 10747.52536 
202.0 133.0 0.0524746400007 10747.52536 
389.0 202.0 0.0871196400002 10712.88036 
