250.0 250.0
252.0 312.0 0.0316600000009 10768.34 
166.0 341.0 0.0316600000009 10768.34 
204.0 373.0 0.0499580800004 10750.04192 
246.0 157.0 0.2053736 10594.6264 
190.0 284.0 0.2053736 10594.6264 
179.0 107.0 0.0362720800009 10763.72792 
158.0 24.0 0.0362720800009 10763.72792 
127.0 373.0 0.0400427200005 10759.95728 
121.0 361.0 0.00616000000017 10793.84 
197.0 120.0 0.0957376800013 10704.26232 
126.0 118.0 0.0515108000003 10748.4892 
160.0 205.0 0.180554480001 10619.44552 
155.0 157.0 0.137519280002 10662.48072 
331.0 166.0 0.0129400000004 10787.06 
343.0 175.0 0.0159370000003 10784.063 
317.0 267.0 0.0159370000003 10784.063 
382.0 320.0 0.00620000000017 10793.8 
100.0 310.0 0.0459850000002 10754.015 
263.0 127.0 0.124425440001 10675.57456 
53.0 378.0 0.020448 10779.552 
185.0 453.0 0.020448 10779.552 
65.0 94.0 0.00634000000017 10793.66 
355.0 90.0 0.020448 10779.552 
167.0 384.0 0.072036 10727.964 
12.0 299.0 0.0240080000007 10775.992 
277.0 383.0 0.020448 10779.552 
225.0 205.0 0.0315600000009 10768.44 
152.0 184.0 0.0516636000009 10748.3364 
279.0 116.0 0.0363406800006 10763.65932 
272.0 179.0 0.0489800000014 10751.02 
87.0 390.0 0.00568000000016 10794.32 
43.0 82.0 0.0143030400002 10785.69696 
204.0 214.0 0.0902286400013 10709.77136 
130.0 345.0 0.0523648000006 10747.6352 
139.0 224.0 0.0523648000006 10747.6352 
119.0 240.0 0.0523648000006 10747.6352 
254.0 496.0 0.0523648000006 10747.6352 
74.0 465.0 0.0354432000002 10764.5568 
304.0 336.0 0.00693840000017 10793.0616 
419.0 339.0 0.0276520000001 10772.348 
56.0 349.0 0.0123600000003 10787.64 
248.0 85.0 0.0577548000009 10742.2452 
132.0 437.0 0.0523648000006 10747.6352 
47.0 21.0 0.0523648000006 10747.6352 
341.0 128.0 0.0323326399999 10767.66736 
116.0 489.0 0.00624000000017 10793.76 
23.0 316.0 0.0726001600004 10727.39984 
307.0 327.0 0.00588000000016 10794.12 
204.0 153.0 0.191036800003 10608.9632 
170.0 111.0 0.0391844000009 10760.8156 
