250.0 250.0
274.0 157.0 0.00606000000017 10793.94 
275.0 302.0 0.00606000000017 10793.94 
338.0 146.0 0.0250400000007 10774.96 
417.0 169.0 0.0677170400007 10732.28296 
386.0 204.0 0.0943200000026 10705.68 
363.0 123.0 0.0375756000007 10762.4244 
332.0 66.0 0.0278108800003 10772.18912 
175.0 265.0 0.0278108800003 10772.18912 
99.0 215.0 0.01705132 10782.94868 
197.0 330.0 0.01705132 10782.94868 
151.0 335.0 0.0474050000004 10752.595 
354.0 135.0 0.0818041600002 10718.19584 
353.0 338.0 0.0188748000002 10781.1252 
322.0 235.0 0.0567400000016 10743.26 
290.0 59.0 0.0376140000002 10762.386 
273.0 95.0 0.00620000000017 10793.8 
279.0 155.0 0.0565914800014 10743.40852 
115.0 353.0 0.0392024000006 10760.7976 
295.0 36.0 0.0446488000003 10755.3512 
325.0 168.0 0.259929000003 10540.071 
217.0 17.0 0.259929000003 10540.071 
213.0 153.0 0.259929000003 10540.071 
176.0 93.0 0.0179600000005 10782.04 
308.0 82.0 0.0179600000005 10782.04 
430.0 196.0 0.0552600000008 10744.74 
481.0 98.0 0.0102816000003 10789.7184 
319.0 423.0 0.0210276 10778.9724 
202.0 428.0 0.0210276 10778.9724 
290.0 402.0 0.00590000000017 10794.1 
321.0 329.0 0.00588000000016 10794.12 
366.0 194.0 0.229624360002 10570.37564 
398.0 154.0 0.0606416000008 10739.3584 
390.0 45.0 0.0606416000008 10739.3584 
19.0 240.0 0.0606416000008 10739.3584 
364.0 173.0 0.185119280004 10614.88072 
223.0 224.0 0.0224789999999 10777.521 
485.0 116.0 0.00612000000017 10793.88 
423.0 262.0 0.185119280004 10614.88072 
143.0 308.0 0.0126600000003 10787.34 
339.0 5.0 0.0126600000003 10787.34 
86.0 197.0 0.0200803200004 10779.91968 
412.0 404.0 0.0200803200004 10779.91968 
103.0 439.0 0.0200803200004 10779.919680 
6.0 430.0 0.0200803200004 10779.91968 
61.0 126.0 0.229624360002 10570.37564 
107.0 202.0 0.0137800000004 10786.22 
475.0 335.0 0.229624360002 10570.37564 
100.0 70.0 0.229624360002 10570.37564 
326.0 200.0 0.247748680001 10552.25132 
184.0 341.0 0.0126600000003 10787.34 
