250.0 250.0
173.0 236.0 0.219202320004 10580.79768 
141.0 264.0 0.0938862000022 10706.1138 
229.0 206.0 0.0720440000009 10727.956 
136.0 215.0 0.139084000001 10660.916 
174.0 139.0 0.0660862000012 10733.9138 
176.0 149.0 0.0746321200009 10725.36788 
202.0 251.0 0.640958400002 10159.0416 
140.0 255.0 0.0911590000019 10708.841 
174.0 268.0 0.195939400004 10604.0606 
226.0 305.0 0.052038000001 10747.962 
297.0 367.0 0.052038000001 10747.962 
186.0 375.0 0.0372635200001 10762.73648 
168.0 182.0 0.103076640002 10696.92336 
163.0 57.0 0.103076640002 10696.92336 
347.0 362.0 0.00598000000017 10794.02 
306.0 329.0 0.0430702400003 10756.92976 
224.0 325.0 0.0647354000009 10735.2646 
225.0 287.0 0.273100240002 10526.89976 
193.0 171.0 0.164336400003 10635.6636 
206.0 210.0 0.301622880002 10498.37712 
259.0 322.0 0.116513520001 10683.48648 
61.0 218.0 0.0447832000002 10755.2168 
103.0 192.0 0.073062320001 10726.93768 
195.0 233.0 0.160510600004 10639.4894 
141.0 311.0 0.0246810000002 10775.319 
81.0 135.0 0.00578000000016 10794.22 
232.0 385.0 0.00686000000019 10793.14 
367.0 270.0 0.00686000000019 10793.14 
67.0 275.0 0.00686000000019 10793.14 
245.0 455.0 0.00660000000018 10793.4 
165.0 325.0 0.0209924000001 10779.0076 
53.0 168.0 0.0274318799998 10772.56812 
134.0 123.0 0.0549712000003 10745.0288 
17.0 343.0 0.00550000000016 10794.5 
257.0 272.0 0.0427478800009 10757.25212 
19.0 407.0 0.0427478800009 10757.25212 
69.0 85.0 0.0427478800009 10757.25212 
328.0 423.0 0.00696000000019 10793.04 
279.0 149.0 0.00696000000019 10793.04 
278.0 465.0 0.0222947999999 10777.7052 
248.0 94.0 0.00648000000018 10793.52 
1.0 346.0 0.00841499999992 10791.585 
361.0 353.0 0.00929292000027 10790.70708 
33.0 20.0 0.00929292000027 10790.70708 
300.0 122.0 0.0232464000002 10776.7536 
219.0 78.0 0.0206971199999 10779.30288 
91.0 458.0 0.0206971199999 10779.30288 
424.0 421.0 0.0206971199999 10779.30288 
160.0 299.0 0.0249800000007 10775.02 
374.0 105.0 0.0249800000007 10775.02 
