250.0 250.0
203.0 289.0 0.0967584000019 10703.2416 
256.0 233.0 0.0379710000003 10762.029 
336.0 228.0 0.0750400000021 10724.96 
154.0 241.0 0.188007600003 10611.9924 
188.0 265.0 0.103605840003 10696.39416 
360.0 245.0 0.0300812000002 10769.9188 
360.0 210.0 0.136020000003 10663.98 
235.0 305.0 0.0124400000003 10787.56 
276.0 158.0 0.136020000003 10663.98 
173.0 285.0 0.295532280001 10504.46772 
341.0 94.0 0.0643560000006 10735.644 
171.0 330.0 0.269169800002 10530.8302 
333.0 54.0 0.0391473600003 10760.85264 
267.0 393.0 0.136020000003 10663.98 
302.0 471.0 0.136020000003 10663.98 
252.0 220.0 0.0475504000009 10752.4496 
299.0 100.0 0.0126600000003 10787.34 
247.0 253.0 0.0186695200004 10781.33048 
397.0 89.0 0.136020000003 10663.98 
436.0 145.0 0.0298141600002 10770.18584 
195.0 286.0 0.093396640002 10706.60336 
246.0 402.0 0.136020000003 10663.98 
382.0 468.0 0.0247362000002 10775.2638 
375.0 382.0 0.0247362000002 10775.2638 
439.0 223.0 0.103048000002 10696.952 
178.0 251.0 0.0587305600012 10741.26944 
420.0 174.0 0.112796400002 10687.2036 
179.0 355.0 0.110116360003 10689.88364 
444.0 446.0 0.0253272000002 10774.6728 
454.0 68.0 0.110116360003 10689.88364 
146.0 350.0 0.0870212000015 10712.9788 
279.0 43.0 0.00616000000017 10793.84 
226.0 477.0 0.110116360003 10689.88364 
178.0 249.0 0.102649200003 10697.3508 
237.0 194.0 0.0527734400006 10747.22656 
175.0 536.0 0.110116360003 10689.88364 
231.0 214.0 0.0571707600006 10742.82924 
174.0 355.0 0.105519280002 10694.48072 
352.0 49.0 0.105519280002 10694.48072 
321.0 447.0 0.00628000000017 10793.72 
491.0 465.0 0.00628000000017 10793.72 
188.0 66.0 0.0120000000003 10788.0 
96.0 369.0 0.0833697199999 10716.63028 
446.0 415.0 0.0253568800004 10774.64312 
466.0 27.0 0.00628000000017 10793.72 
140.0 155.0 0.0429340800005 10757.06592 
448.0 210.0 0.0646277600013 10735.37224 
164.0 2.0 0.0272367600003 10772.76324 
166.0 389.0 0.0482016000005 10751.7984 
77.0 168.0 0.0420928000004 10757.9072 
210.0 141.0 0.0127200000004 10787.28 
299.0 8.0 0.0261799999997 10773.82 
132.0 225.0 0.0803624000013 10719.6376 
419.0 428.0 0.0131800000004 10786.82 
364.0 239.0 0.195316000004 10604.684 
86.0 322.0 0.0192000000005 10780.8 
328.0 201.0 0.0453421999999 10754.6578 
342.0 227.0 0.092052800002 10707.9472 
344.0 384.0 0.0125000000003 10787.5 
395.0 206.0 0.314824000005 10485.176 
18.0 337.0 0.195316000004 10604.684 
103.0 205.0 0.0654447200005 10734.55528 
195.0 248.0 0.0993200000028 10700.68 
417.0 171.0 0.057997440001 10742.00256 
105.0 363.0 0.0567420000005 10743.258 
328.0 394.0 0.0168859200005 10783.11408 
169.0 30.0 0.0575879999998 10742.412 
69.0 441.0 0.0263045199999 10773.69548 
176.0 130.0 0.05144688 10748.55312 
321.0 464.0 0.0099098399999 10790.09016 
70.0 239.0 0.195316000004 10604.684 
415.0 203.0 0.0978401200016 10702.15988 
70.0 368.0 0.0272760400005 10772.72396 
123.0 32.0 0.195316000004 10604.684 
109.0 442.0 0.00626000000017 10793.74 
