250.0 250.0
254.0 219.0 0.110283320003 10689.71668 
283.0 247.0 0.259800000003 10540.2 
379.0 234.0 0.0560166000008 10743.9834 
340.0 242.0 0.131700000003 10668.3 
333.0 170.0 0.182657760002 10617.34224 
361.0 270.0 0.0498375200012 10750.16248 
357.0 360.0 0.394226800006 10405.7732 
283.0 422.0 0.119322080003 10680.67792 
301.0 421.0 0.125245000003 10674.755 
186.0 302.0 0.0810824000016 10718.9176 
441.0 297.0 0.0810824000016 10718.9176 
382.0 406.0 0.108857640002 10691.14236 
365.0 384.0 0.243466400002 10556.5336 
207.0 345.0 0.0456200000004 10754.38 
197.0 442.0 0.0810824000016 10718.9176 
258.0 273.0 0.01904392 10780.95608 
111.0 291.0 0.01904392 10780.95608 
137.0 378.0 0.0722571200005 10727.74288 
171.0 463.0 0.01904392 10780.95608 
338.0 130.0 0.0512250000004 10748.775 
277.0 440.0 0.0637208000015 10736.2792 
305.0 207.0 0.219944840003 10580.05516 
309.0 428.0 0.151771360003 10648.22864 
54.0 373.0 0.0542800000015 10745.72 
302.0 368.0 0.0542800000015 10745.72 
391.0 461.0 0.10176128 10698.23872 
408.0 378.0 0.190430560003 10609.56944 
388.0 381.0 0.145880880004 10654.11912 
435.0 348.0 0.0626052800005 10737.39472 
352.0 37.0 0.0364696000003 10763.5304 
309.0 250.0 0.252954000004 10547.046 
269.0 426.0 0.0685048000018 10731.4952 
394.0 334.0 0.153694000003 10646.306 
493.0 217.0 0.0434856000001 10756.5144 
375.0 192.0 0.0712054400012 10728.79456 
367.0 352.0 0.247473240005 10552.52676 
277.0 222.0 0.288193960002 10511.80604 
199.0 200.0 0.0810659200015 10718.93408 
369.0 200.0 0.0722358400012 10727.76416 
318.0 346.0 0.0894600000025 10710.54 
442.0 204.0 0.0124000000003 10787.6 
438.0 32.0 0.0124000000003 10787.6 
155.0 233.0 0.0428224800004 10757.17752 
282.0 212.0 0.206134240005 10593.86576 
274.0 293.0 0.0939790000015 10706.021 
357.0 255.0 0.0929443600018 10707.05564 
387.0 486.0 0.0285355600005 10771.46444 
164.0 124.0 0.0124800000003 10787.52 
468.0 480.0 0.0124000000003 10787.6 
188.0 291.0 0.0572170000016 10742.783 
461.0 185.0 0.0364056000002 10763.5944 
296.0 125.0 0.00618000000017 10793.82 
338.0 267.0 0.0851004000008 10714.8996 
307.0 225.0 0.194125600005 10605.8744 
348.0 415.0 0.112390000002 10687.61 
276.0 40.0 0.0192800000005 10780.72 
184.0 278.0 0.238137800003 10561.8622 
136.0 343.0 0.0175600000005 10782.44 
113.0 414.0 0.0786801600009 10721.31984 
380.0 417.0 0.180704160004 10619.29584 
348.0 449.0 0.0835196800016 10716.48032 
279.0 392.0 0.222698800003 10577.3012 
316.0 27.0 0.0633880399997 10736.61196 
103.0 413.0 0.0187318000005 10781.2682 
451.0 359.0 0.0568664000003 10743.1336 
208.0 245.0 0.266958880003 10533.04112 
196.0 93.0 0.0309133999997 10769.0866 
180.0 271.0 0.0746460000017 10725.354 
245.0 26.0 0.0222037999996 10777.7962 
36.0 225.0 0.266958880003 10533.04112 
157.0 128.0 0.0070738 10792.9262 
400.0 436.0 0.0536444800011 10746.35552 
255.0 420.0 0.172404800002 10627.5952 
259.0 450.0 0.0583552000014 10741.6448 
15.0 229.0 0.266958880003 10533.04112 
