250.0 250.0
164.0 213.0 0.0782675200008 10721.73248 
227.0 287.0 0.128039680003 10671.96032 
264.0 290.0 0.28303952 10516.96048 
303.0 260.0 0.117876160002 10682.12384 
124.0 267.0 0.179339000001 10620.661 
235.0 345.0 0.0187600000005 10781.24 
194.0 377.0 0.0254400000007 10774.56 
295.0 302.0 0.184216600003 10615.7834 
251.0 368.0 0.0346770000005 10765.323 
184.0 218.0 0.0986084400021 10701.39156 
192.0 231.0 0.121715440003 10678.28456 
173.0 415.0 0.0843768000013 10715.6232 
295.0 306.0 0.125754200003 10674.2458 
93.0 233.0 0.219888920002 10580.11108 
69.0 251.0 0.047460000001 10752.54 
217.0 248.0 0.161668040001 10638.33196 
132.0 139.0 0.0122000000003 10787.8 
54.0 292.0 0.0704388800011 10729.56112 
133.0 229.0 0.0490600000014 10750.94 
108.0 352.0 0.0246800000007 10775.32 
305.0 323.0 0.0796305600012 10720.36944 
87.0 131.0 0.0689516 10731.0484 
379.0 278.0 0.00650000000018 10793.5 
78.0 74.0 0.0191570000005 10780.843 
78.0 352.0 0.0367040000007 10763.296 
327.0 184.0 0.0126948000002 10787.3052 
323.0 350.0 0.0541842000012 10745.8158 
25.0 386.0 0.0289080000003 10771.092 
328.0 372.0 0.0502132000008 10749.7868 
47.0 158.0 0.0502132000008 10749.7868 
348.0 231.0 0.0502132000008 10749.7868 
82.0 71.0 0.0123400000003 10787.66 
132.0 197.0 0.0409744000006 10759.0256 
9.0 297.0 0.0423180000006 10757.682 
58.0 266.0 0.143504000001 10656.496 
291.0 120.0 0.143504000001 10656.496 
32.0 73.0 0.0447908000005 10755.2092 
6.0 93.0 0.143504000001 10656.496 
379.0 395.0 0.00654000000018 10793.46 
166.0 489.0 0.143504000001 10656.496 
308.0 429.0 0.143504000001 10656.496 
233.0 148.0 0.00632000000017 10793.68 
365.0 84.0 0.0267222400003 10773.27776 
223.0 93.0 0.143504000001 10656.496 
410.0 268.0 0.0260488800006 10773.95112 
64.0 144.0 0.0260488800006 10773.95112 
222.0 135.0 0.0099856000001 10790.0144 
165.0 332.0 0.0260488800006 10773.95112 
227.0 285.0 0.126499120003 10673.50088 
293.0 369.0 0.0552640400009 10744.73596 
208.0 434.0 0.0539262400014 10746.07376 
481.0 323.0 0.00630000000017 10793.7 
171.0 56.0 0.0260488800006 10773.95112 
425.0 164.0 0.0130200000001 10786.98 
56.0 413.0 0.00660000000018 10793.4 
209.0 418.0 0.141457280002 10658.54272 
394.0 311.0 0.0235820000002 10776.418 
20.0 436.0 0.141457280002 10658.54272 
305.0 175.0 0.00596000000017 10794.04 
181.0 249.0 0.0970190400019 10702.98096 
62.0 325.0 0.0405540000007 10759.446 
329.0 83.0 0.0230646000001 10776.9354 
114.0 183.0 0.0422021600003 10757.79784 
428.0 188.0 0.00600000000017 10794.0 
255.0 366.0 0.0463941200005 10753.60588 
380.0 432.0 0.0244596000001 10775.5404 
77.0 335.0 0.0674800000004 10732.52 
130.0 385.0 0.0239638800003 10776.03612 
198.0 433.0 0.0372394400005 10762.76056 
498.0 351.0 0.0198198000001 10780.1802 
487.0 189.0 0.141457280002 10658.54272 
316.0 333.0 0.106304080002 10693.69592 
254.0 33.0 0.141457280002 10658.54272 
341.0 108.0 0.0127600000004 10787.24 
207.0 266.0 0.068828400001 10731.1716 
