250.0 250.0
248.0 204.0 0.0495000000003 10750.5 
268.0 141.0 0.0933400000026 10706.66 
324.0 88.0 0.353791160005 10446.20884 
288.0 139.0 0.0188000000005 10781.2 
216.0 146.0 0.0307600000009 10769.24 
342.0 49.0 0.129211800003 10670.7882 
250.0 67.0 0.0483470000008 10751.653 
290.0 119.0 0.308022560005 10491.97744 
316.0 13.0 0.0541344000009 10745.8656 
398.0 106.0 0.0669562800011 10733.04372 
197.0 93.0 0.0549964000007 10745.0036 
235.0 314.0 0.0875472000004 10712.4528 
269.0 89.0 0.215494800003 10584.5052 
339.0 32.0 0.0583515200011 10741.64848 
379.0 179.0 0.0794240000004 10720.576 
365.0 93.0 0.108537920002 10691.46208 
319.0 55.0 0.104004720002 10695.99528 
461.0 84.0 0.0261046800006 10773.89532 
276.0 260.0 0.0590624000013 10740.9376 
355.0 94.0 0.182630800003 10617.3692 
317.0 78.0 0.209327000003 10590.673 
291.0 272.0 0.0384997999999 10761.5002 
405.0 19.0 0.209327000003 10590.673 
312.0 360.0 0.0311200000009 10768.88 
337.0 156.0 0.0311200000009 10768.88 
324.0 131.0 0.195016000003 10604.984 
425.0 171.0 0.151954000001 10648.046 
335.0 181.0 0.0394268000001 10760.5732 
224.0 116.0 0.0330943200005 10766.90568 
252.0 230.0 0.0400691200003 10759.93088 
343.0 66.0 0.102002400001 10697.9976 
416.0 205.0 0.0570960000007 10742.904 
426.0 296.0 0.0219841600003 10778.01584 
405.0 281.0 0.0128200000004 10787.18 
223.0 130.0 0.0480318000004 10751.9682 
182.0 162.0 0.0298323200002 10770.16768 
454.0 30.0 0.03400736 10765.99264 
354.0 219.0 0.0182000000005 10781.8 
416.0 214.0 0.0435000000012 10756.5 
454.0 139.0 0.0616796000009 10738.3204 
179.0 253.0 0.0193800000005 10780.62 
93.0 273.0 0.00608000000017 10793.92 
463.0 66.0 0.0288928000006 10771.1072 
93.0 368.0 0.0288928000006 10771.1072 
367.0 101.0 0.107049680002 10692.95032 
148.0 385.0 0.0206612 10779.3388 
425.0 140.0 0.0551701600012 10744.82984 
144.0 46.0 0.0254560000002 10774.544 
123.0 193.0 0.0244054800004 10775.59452 
455.0 208.0 0.0874508000015 10712.5492 
464.0 231.0 0.0254312000006 10774.5688 
496.0 367.0 0.0254312000006 10774.5688 
496.0 173.0 0.0254312000006 10774.5688 
90.0 1.0 0.102002400001 10697.9976 
237.0 336.0 0.0372360000007 10762.764 
191.0 226.0 0.102002400001 10697.9976 
449.0 71.0 0.0184600000005 10781.54 
217.0 201.0 0.0485214400003 10751.47856 
420.0 124.0 0.0761599200014 10723.84008 
88.0 318.0 0.0310080000003 10768.992 
140.0 201.0 0.089856640001 10710.14336 
136.0 69.0 0.03502368 10764.97632 
129.0 457.0 0.102002400001 10697.9976 
257.0 199.0 0.00592000000017 10794.08 
136.0 95.0 0.0123400000003 10787.66 
180.0 374.0 0.00628000000017 10793.72 
495.0 453.0 0.102002400001 10697.9976 
28.0 63.0 0.102002400001 10697.9976 
170.0 233.0 0.0512035600006 10748.79644 
29.0 287.0 0.102002400001 10697.9976 
185.0 158.0 0.0444620000009 10755.538 
425.0 280.0 0.0175838800004 10782.41612 
235.0 361.0 0.0596552000007 10740.3448 
327.0 409.0 0.102002400001 10697.9976 
247.0 288.0 0.122986240001 10677.01376 
