250.0 250.0
298.0 184.0 0.624569920003 10175.43008 
317.0 163.0 0.204058880004 10595.94112 
354.0 123.0 0.0735149200013 10726.48508 
340.0 205.0 0.403802200005 10396.1978 
367.0 148.0 0.0790615600014 10720.93844 
448.0 116.0 0.0180600000005 10781.94 
336.0 148.0 0.0939757200023 10706.02428 
353.0 104.0 0.0603320000007 10739.668 
217.0 237.0 0.119564480002 10680.43552 
242.0 272.0 0.0439456000008 10756.0544 
234.0 318.0 0.11164704 10688.35296 
217.0 132.0 0.0122471999999 10787.7528 
164.0 343.0 0.0122471999999 10787.7528 
231.0 318.0 0.0626010800013 10737.39892 
186.0 203.0 0.119833360003 10680.16664 
433.0 182.0 0.0178200000005 10782.18 
437.0 93.0 0.0460720000007 10753.928 
206.0 296.0 0.037080000001 10762.92 
313.0 148.0 0.142520000004 10657.48 
323.0 168.0 0.245639200003 10554.3608 
231.0 213.0 0.184680400002 10615.3196 
316.0 146.0 0.248284960006 10551.71504 
482.0 141.0 0.0552315600006 10744.76844 
120.0 210.0 0.0545715200006 10745.42848 
45.0 228.0 0.00656000000018 10793.44 
346.0 123.0 0.095819280002 10704.18072 
298.0 124.0 0.111030720002 10688.96928 
261.0 227.0 0.144584000004 10655.416 
290.0 232.0 0.510024320004 10289.97568 
219.0 153.0 0.00648000000018 10793.52 
271.0 344.0 0.136981400001 10663.0186 
359.0 275.0 0.0179840000003 10782.016 
272.0 425.0 0.0176800000005 10782.32 
200.0 68.0 0.0176800000005 10782.32 
223.0 216.0 0.128587600003 10671.4124 
322.0 166.0 0.257992000007 10542.008 
63.0 216.0 0.00656000000018 10793.44 
169.0 148.0 0.0191600000005 10780.84 
307.0 433.0 0.0268817600002 10773.11824 
202.0 385.0 0.0452736000002 10754.7264 
422.0 244.0 0.0452736000002 10754.7264 
185.0 259.0 0.0571820800006 10742.81792 
386.0 358.0 0.0246200000007 10775.38 
418.0 397.0 0.130748400002 10669.2516 
225.0 344.0 0.0889982400006 10711.00176 
397.0 463.0 0.0464640000003 10753.536 
143.0 175.0 0.141987200001 10658.0128 
474.0 186.0 0.0902810799993 10709.71892 
423.0 422.0 0.0522140000009 10747.786 
327.0 25.0 0.0522140000009 10747.786 
360.0 251.0 0.0201736000001 10779.8264 
498.0 221.0 0.0452479200004 10754.75208 
438.0 67.0 0.0249035200003 10775.09648 
1.0 197.0 0.0352770000002 10764.723 
187.0 457.0 0.0352770000002 10764.723 
264.0 65.0 0.211397760002 10588.60224 
267.0 462.0 0.0229552799999 10777.04472 
17.0 204.0 0.0427112 10757.2888 
184.0 198.0 0.211397760002 10588.60224 
271.0 436.0 0.0176800000005 10782.32 
23.0 232.0 0.0130600000004 10786.94 
331.0 264.0 0.0130800000004 10786.92 
478.0 105.0 0.0470760000007 10752.924 
415.0 60.0 0.0575364000001 10742.4636 
398.0 356.0 0.0501075200008 10749.89248 
325.0 308.0 0.0501075200008 10749.89248 
384.0 47.0 0.0121400000003 10787.86 
115.0 173.0 0.042034880001 10757.96512 
83.0 380.0 0.0204021999998 10779.5978 
204.0 17.0 0.0204021999998 10779.5978 
118.0 378.0 0.00590000000017 10794.1 
327.0 487.0 0.0204021999998 10779.5978 
22.0 431.0 0.0204021999998 10779.5978 
179.0 234.0 0.0620696800011 10737.93032 
292.0 440.0 0.0187450000001 10781.255 
