250.0 250.0
219.0 180.0 0.271057600006 10528.9424 
244.0 257.0 0.271057600006 10528.9424 
215.0 127.0 0.0474128000008 10752.5872 
297.0 183.0 0.861431680006 9938.56831999 
263.0 219.0 0.539011200001 10260.9888 
274.0 219.0 0.304801760008 10495.19824 
385.0 148.0 0.0692189600011 10730.78104 
265.0 312.0 0.150715200003 10649.2848 
363.0 230.0 0.00672000000018 10793.28 
450.0 244.0 0.0187040000007 10781.296 
210.0 265.0 0.0628150000012 10737.185 
239.0 102.0 0.0817010000015 10718.299 
449.0 237.0 0.0246800000007 10775.32 
210.0 257.0 0.156552800002 10643.4472 
258.0 121.0 0.199833040004 10600.16696 
325.0 327.0 0.0507681600006 10749.23184 
293.0 299.0 0.165530960004 10634.46904 
248.0 58.0 0.0270338000005 10772.9662 
272.0 144.0 0.307845440008 10492.15456 
433.0 176.0 0.0594632000004 10740.5368 
488.0 245.0 0.0624502000001 10737.5498 
519.0 249.0 0.0301384800005 10769.86152 
132.0 110.0 0.0301384800005 10769.86152 
417.0 196.0 0.0222203200004 10777.77968 
340.0 136.0 0.133177200002 10666.8228 
331.0 86.0 0.0518938000007 10748.1062 
288.0 268.0 0.300360640003 10499.63936 
306.0 112.0 0.253467800003 10546.5322 
257.0 141.0 0.116917600003 10683.0824 
131.0 235.0 0.116917600003 10683.0824 
371.0 412.0 0.00632000000017 10793.68 
89.0 175.0 0.00632000000017 10793.68 
60.0 102.0 0.0430176000007 10756.9824 
266.0 325.0 0.0862872000016 10713.7128 
180.0 249.0 0.0761918400008 10723.80816 
302.0 307.0 0.150724000004 10649.276 
320.0 263.0 0.105985640003 10694.01436 
177.0 269.0 0.0227607200003 10777.23928 
393.0 426.0 0.0149152000004 10785.0848 
364.0 484.0 0.0149152000004 10785.0848 
150.0 55.0 0.0341826000008 10765.8174 
471.0 321.0 0.00624000000017 10793.76 
388.0 224.0 0.0156038400001 10784.39616 
172.0 68.0 0.0121000000003 10787.9 
396.0 358.0 0.0121000000003 10787.9 
240.0 89.0 0.0663691200014 10733.63088 
480.0 182.0 0.0450796000003 10754.9204 
329.0 286.0 0.100744600002 10699.2554 
438.0 456.0 0.100744600002 10699.2554 
468.0 345.0 0.0135408000001 10786.4592 
143.0 14.0 0.0401088000005 10759.8912 
303.0 261.0 0.0816718400016 10718.32816 
342.0 124.0 0.121187200002 10678.8128 
64.0 129.0 0.0187400000005 10781.26 
399.0 194.0 0.0250600000007 10774.94 
181.0 218.0 0.070639840001 10729.36016 
448.0 274.0 0.0246092000001 10775.3908 
339.0 302.0 0.0703150000009 10729.685 
336.0 81.0 0.0571820000007 10742.818 
20.0 176.0 0.0571820000007 10742.818 
303.0 194.0 0.313408400007 10486.5916 
261.0 153.0 0.468893920007 10331.10608 
41.0 64.0 0.0400844000001 10759.9156 
279.0 361.0 0.0384808000006 10761.5192 
278.0 293.0 0.226826880002 10573.17312 
85.0 289.0 0.226826880002 10573.17312 
221.0 407.0 0.226826880002 10573.17312 
307.0 160.0 0.306647440006 10493.35256 
57.0 116.0 0.0215740000003 10778.426 
266.0 223.0 0.215238800004 10584.7612 
298.0 172.0 0.229686920006 10570.31308 
282.0 489.0 0.0824156800009 10717.58432 
248.0 85.0 0.0824156800009 10717.58432 
62.0 3.0 0.0342144 10765.7856 
80.0 46.0 0.00640000000018 10793.6 
