250.0 250.0
291.0 213.0 0.217540120006 10582.45988 
331.0 204.0 0.421805000004 10378.195 
368.0 173.0 0.184591600004 10615.4084 
385.0 201.0 0.148859360004 10651.14064 
370.0 286.0 0.0518820000011 10748.118 
386.0 195.0 0.109505520003 10690.49448 
351.0 269.0 0.0123200000003 10787.68 
399.0 247.0 0.109261040002 10690.73896 
252.0 272.0 0.048825920001 10751.17408 
186.0 215.0 0.0129800000004 10787.02 
259.0 243.0 0.169357200004 10630.6428 
360.0 341.0 0.0188529600003 10781.14704 
373.0 99.0 0.0718796000014 10728.1204 
300.0 182.0 0.147479680003 10652.52032 
302.0 186.0 0.137898280003 10662.10172 
323.0 73.0 0.118633200002 10681.3668 
447.0 277.0 0.0508142800004 10749.18572 
319.0 351.0 0.0460449600005 10753.95504 
348.0 323.0 0.0253600000007 10774.64 
484.0 192.0 0.0479340000005 10752.066 
367.0 191.0 0.249532200005 10550.4678 
267.0 275.0 0.0533086400012 10746.69136 
402.0 269.0 0.0958950000007 10704.105 
211.0 193.0 0.0510043200004 10748.99568 
292.0 275.0 0.141055120001 10658.94488 
249.0 280.0 0.0471520000007 10752.848 
258.0 205.0 0.297133480006 10502.86652 
207.0 142.0 0.0298000000008 10770.2 
101.0 262.0 0.0130400000004 10786.96 
102.0 307.0 0.0327369599999 10767.26304 
372.0 234.0 0.0996400000028 10700.36 
377.0 214.0 0.414000960006 10385.99904 
142.0 110.0 0.0533613599997 10746.63864 
408.0 86.0 0.0539000000008 10746.1 
283.0 220.0 0.311711680007 10488.28832 
54.0 268.0 0.311711680007 10488.28832 
329.0 19.0 0.0208420800005 10779.15792 
166.0 111.0 0.0188400000005 10781.16 
372.0 173.0 0.104248000003 10695.752 
204.0 77.0 0.0716246000015 10728.3754 
157.0 175.0 0.0365860400002 10763.41396 
299.0 205.0 0.451628280011 10348.37172 
438.0 210.0 0.0989600000027 10701.04 
121.0 73.0 0.0842236000003 10715.7764 
225.0 109.0 0.137554800002 10662.4452 
121.0 56.0 0.0227845200002 10777.21548 
325.0 49.0 0.119675400002 10680.3246 
482.0 352.0 0.0165848800002 10783.41512 
371.0 100.0 0.0740032000013 10725.9968 
339.0 96.0 0.152167920001 10647.83208 
441.0 198.0 0.0596911200015 10740.30888 
474.0 185.0 0.0716372800013 10728.36272 
334.0 31.0 0.0913620000008 10708.638 
348.0 435.0 0.311711680007 10488.28832 
298.0 316.0 0.0788582000013 10721.1418 
308.0 80.0 0.0933746000021 10706.6254 
455.0 233.0 0.0953987200023 10704.60128 
217.0 51.0 0.0563355200005 10743.66448 
376.0 427.0 0.311711680007 10488.28832 
372.0 172.0 0.105371360002 10694.62864 
376.0 287.0 0.0428896400007 10757.11036 
466.0 361.0 0.0124600000003 10787.54 
483.0 380.0 0.0207020000003 10779.298 
423.0 253.0 0.0325664000006 10767.4336 
85.0 223.0 0.0298742400001 10770.12576 
157.0 17.0 0.311711680007 10488.28832 
350.0 117.0 0.0639400000018 10736.06 
271.0 212.0 0.607889200003 10192.1108 
159.0 255.0 0.0382480800003 10761.75192 
363.0 332.0 0.0355024800008 10764.49752 
214.0 71.0 0.0720426000013 10727.9574 
425.0 219.0 0.295912840004 10504.08716 
369.0 113.0 0.0726797600011 10727.32024 
450.0 487.0 0.0749010000011 10725.099 
243.0 90.0 0.0749010000011 10725.099 
