250.0 250.0
227.0 288.0 0.538556840004 10261.44316 
141.0 289.0 0.0311712000007 10768.8288 
229.0 210.0 0.415127280004 10384.87272 
173.0 293.0 0.154510120003 10645.48988 
257.0 242.0 0.107474760003 10692.52524 
112.0 382.0 0.0247000000007 10775.3 
137.0 197.0 0.0554000000015 10744.6 
192.0 278.0 0.443193000006 10356.807 
85.0 318.0 0.0121423999999 10787.8576 
231.0 209.0 0.214229520005 10585.77048 
243.0 133.0 0.0769984000019 10723.0016 
189.0 248.0 0.142484000004 10657.516 
186.0 151.0 0.170073600003 10629.9264 
322.0 249.0 0.00626000000017 10793.74 
14.0 266.0 0.0423805600006 10757.61944 
52.0 271.0 0.135718960002 10664.28104 
203.0 230.0 0.261325960004 10538.67404 
236.0 222.0 0.191440800002 10608.5592 
73.0 231.0 0.263191000003 10536.809 
260.0 356.0 0.0481897200004 10751.81028 
298.0 423.0 0.0626200000017 10737.38 
150.0 260.0 0.454018080005 10345.98192 
88.0 319.0 0.0120200000003 10787.98 
15.0 182.0 0.0217704000002 10778.2296 
323.0 271.0 0.0123321999999 10787.6678 
23.0 232.0 0.0531964000005 10746.8036 
120.0 425.0 0.0787119600001 10721.28804 
271.0 320.0 0.0390000000005 10761.0 
145.0 142.0 0.0418774400006 10758.12256 
103.0 66.0 0.0133199999999 10786.68 
229.0 157.0 0.265060760003 10534.93924 
120.0 404.0 0.0442150400004 10755.78496 
288.0 426.0 0.0690372000015 10730.9628 
88.0 86.0 0.00592000000017 10794.08 
59.0 299.0 0.0449438000006 10755.0562 
199.0 186.0 0.363460640005 10436.53936 
257.0 476.0 0.0569024000009 10743.0976 
382.0 218.0 0.363460640005 10436.53936 
323.0 448.0 0.140730000002 10659.27 
62.0 146.0 0.0119000000003 10788.1 
404.0 314.0 0.0177847199999 10782.21528 
62.0 200.0 0.147570560001 10652.42944 
279.0 437.0 0.103563200002 10696.4368 
376.0 301.0 0.00612000000017 10793.88 
152.0 43.0 0.0424320000006 10757.568 
280.0 117.0 0.0299501999997 10770.0498 
122.0 239.0 0.301910000002 10498.09 
203.0 122.0 0.190648600003 10609.3514 
423.0 369.0 0.107735680001 10692.26432 
460.0 355.0 0.0771258000006 10722.8742 
235.0 430.0 0.177466680003 10622.53332 
169.0 463.0 0.0545550000004 10745.445 
157.0 352.0 0.363460640005 10436.53936 
165.0 13.0 0.171884080002 10628.11592 
244.0 321.0 0.171884080002 10628.11592 
490.0 365.0 0.0309000000001 10769.1 
88.0 234.0 0.181009000003 10618.991 
386.0 160.0 0.00628000000017 10793.72 
74.0 387.0 0.0476810000004 10752.319 
378.0 366.0 0.0187600000005 10781.24 
158.0 85.0 0.0570454400012 10742.95456 
284.0 84.0 0.171884080002 10628.11592 
241.0 33.0 0.171884080002 10628.11592 
34.0 417.0 0.0386491600007 10761.35084 
283.0 427.0 0.121669440002 10678.33056 
139.0 451.0 0.0386491600007 10761.35084 
245.0 22.0 0.0386491600007 10761.35084 
294.0 158.0 0.00630000000017 10793.7 
214.0 453.0 0.0704576000014 10729.5424 
29.0 172.0 0.0812174000003 10718.7826 
357.0 95.0 0.00628000000017 10793.72 
349.0 488.0 0.0613121600005 10738.68784 
347.0 451.0 0.0384736000008 10761.5264 
391.0 120.0 0.0266899999997 10773.31 
186.0 87.0 0.111177440001 10688.82256 
