250.0 250.0
174.0 215.0 0.509576960009 10290.42304 
141.0 238.0 0.427014400011 10372.9856 
155.0 147.0 0.124192000002 10675.808 
115.0 243.0 0.103786400002 10696.2136 
164.0 174.0 0.324860960004 10475.13904 
53.0 294.0 0.00699600000034 10793.004 
140.0 154.0 0.0771345600016 10722.86544 
120.0 344.0 0.0500800000014 10749.92 
52.0 287.0 0.00636000000018 10793.64 
80.0 200.0 0.210737800001 10589.2622 
41.0 228.0 0.0705102400013 10729.48976 
128.0 135.0 0.0569280400012 10743.07196 
185.0 137.0 0.0256000000007 10774.4 
143.0 237.0 0.563710720005 10236.28928 
227.0 257.0 0.345556560009 10454.44344 
137.0 108.0 0.0677794000012 10732.2206 
137.0 308.0 0.0284900000004 10771.51 
175.0 264.0 0.150200000004 10649.8 
124.0 407.0 0.241278600002 10558.7214 
186.0 352.0 0.0247930800003 10775.20692 
255.0 261.0 0.189843840005 10610.15616 
96.0 349.0 0.0576285600014 10742.37144 
164.0 319.0 0.0241000000007 10775.9 
289.0 261.0 0.0326524000001 10767.3476 
28.0 129.0 0.0999597200018 10700.04028 
140.0 443.0 0.151711680001 10648.28832 
187.0 415.0 0.0661739599999 10733.82604 
222.0 391.0 0.0129800000004 10787.02 
43.0 387.0 0.0126345600001 10787.36544 
210.0 257.0 0.359757000009 10440.243 
143.0 320.0 0.0232648800002 10776.73512 
137.0 291.0 0.0368812000001 10763.1188 
37.0 191.0 0.146238800002 10653.7612 
83.0 230.0 0.175428000002 10624.572 
108.0 379.0 0.0616317600009 10738.36824 
43.0 365.0 0.00642000000018 10793.58 
121.0 214.0 0.334314560008 10465.68544 
24.0 59.0 0.334314560008 10465.68544 
324.0 327.0 0.204532240002 10595.46776 
69.0 135.0 0.204532240002 10595.46776 
286.0 414.0 0.0367541999997 10763.2458 
54.0 133.0 0.046547080001 10753.45292 
134.0 191.0 0.469964800009 10330.0352 
313.0 403.0 0.0324457600001 10767.55424 
11.0 166.0 0.0509497200004 10749.05028 
111.0 361.0 0.1021272 10697.8728 
110.0 130.0 0.104213120002 10695.78688 
43.0 227.0 0.0692323600014 10730.76764 
384.0 271.0 0.0692323600014 10730.76764 
272.0 174.0 0.00638000000018 10793.62 
245.0 147.0 0.0249840800001 10775.01592 
454.0 255.0 0.0249840800001 10775.01592 
442.0 167.0 0.00632000000017 10793.68 
71.0 494.0 0.0471200000002 10752.88 
408.0 409.0 0.0471200000002 10752.88 
441.0 326.0 0.00614000000017 10793.86 
470.0 197.0 0.0276057599998 10772.39424 
290.0 365.0 0.0128600000004 10787.14 
451.0 352.0 0.0156692800001 10784.33072 
210.0 434.0 0.0308832000002 10769.1168 
495.0 116.0 0.0308832000002 10769.1168 
98.0 427.0 0.130038400001 10669.9616 
489.0 389.0 0.130038400001 10669.9616 
15.0 100.0 0.0319684000005 10768.0316 
108.0 46.0 0.130038400001 10669.9616 
48.0 459.0 0.00600000000017 10794.0 
186.0 247.0 1.1892896 9610.7104 
93.0 450.0 0.0499246400011 10750.07536 
342.0 321.0 0.0499246400011 10750.07536 
436.0 407.0 0.0499246400011 10750.07536 
145.0 18.0 0.0767022800013 10723.29772 
42.0 143.0 0.0767022800013 10723.29772 
232.0 235.0 0.516810880008 10283.18912 
364.0 218.0 0.516810880008 10283.18912 
96.0 177.0 0.245308800004 10554.6912 
