250.0 250.0
238.0 209.0 0.273925000005 10526.075 
272.0 159.0 0.00564000000016 10794.36 
316.0 268.0 0.279411600007 10520.5884 
290.0 313.0 0.0473944000004 10752.6056 
318.0 203.0 0.116156560002 10683.84344 
370.0 225.0 0.192776200002 10607.2238 
318.0 281.0 0.271730000006 10528.27 
317.0 263.0 0.281304000007 10518.696 
307.0 253.0 0.229320800006 10570.6792 
186.0 314.0 0.0178400000005 10782.16 
365.0 331.0 0.0533442400006 10746.65576 
150.0 180.0 0.0433400000012 10756.66 
229.0 260.0 0.175954320004 10624.04568 
244.0 311.0 0.0414864000004 10758.5136 
251.0 243.0 0.327112000012 10472.888 
78.0 112.0 0.0111586799998 10788.84132 
162.0 158.0 0.114968320002 10685.03168 
185.0 331.0 0.0212388000004 10778.7612 
242.0 295.0 0.11157688 10688.42312 
312.0 222.0 0.261314000005 10538.686 
330.0 274.0 0.259701280006 10540.29872 
341.0 213.0 0.487201600005 10312.7984 
346.0 123.0 0.00600000000017 10794.0 
334.0 257.0 0.269405640007 10530.59436 
342.0 181.0 0.0884392000022 10711.5608 
118.0 103.0 0.17069244 10629.30756 
50.0 173.0 0.0182800000005 10781.72 
144.0 319.0 0.0380914800006 10761.90852 
341.0 296.0 0.170721240002 10629.27876 
140.0 388.0 0.0427825600002 10757.21744 
92.0 441.0 0.0192800000005 10780.72 
184.0 408.0 0.0653137999995 10734.6862 
352.0 203.0 0.0849179200017 10715.08208 
26.0 161.0 0.0570032000009 10742.9968 
28.0 43.0 0.0119400000003 10788.06 
364.0 331.0 0.0534705600006 10746.52944 
129.0 52.0 0.0327928000006 10767.2072 
148.0 226.0 0.17069244 10629.30756 
394.0 279.0 0.0207526400005 10779.24736 
299.0 239.0 1.05346160001 9746.53839999 
182.0 444.0 0.17069244 10629.30756 
172.0 1.0 0.0.17069244 10629.30756 
107.0 460.0 0.03492288 10765.07712 
249.0 484.0 0.0711300000011 10728.87 
449.0 192.0 0.0460378400005 10753.96216 
107.0 76.0 0.0711300000011 10728.87 
315.0 267.0 0.369816000009 10430.184 
43.0 438.0 0.0363168000003 10763.6832 
108.0 61.0 0.0640513600009 10735.94864 
161.0 113.0 0.218612000001 10581.388 
228.0 419.0 0.0117000000003 10788.3 
238.0 143.0 0.0466517600003 10753.34824 
395.0 53.0 0.0177400000005 10782.26 
140.0 492.0 0.0475316000006 10752.4684 
155.0 168.0 0.0081885600002 10791.81144 
225.0 128.0 0.058589040001 10741.41096 
388.0 265.0 0.102947360001 10697.05264 
27.0 120.0 0.0503257600007 10749.67424 
34.0 1.0 0.0386300000001 10761.37 
369.0 136.0 0.0143760000002 10785.624 
3.0 126.0 0.0536924800006 10746.30752 
230.0 496.0 0.0711300000011 10728.87 
163.0 16.0 0.0711300000011 10728.87 
381.0 6.0 0.0364868 10763.5132 
412.0 398.0 0.103333800001 10696.6662 
126.0 243.0 0.103333800001 10696.6662 
426.0 201.0 0.0284312000004 10771.5688 
219.0 177.0 0.103333800001 10696.6662 
6.0 30.0 0.0338136400008 10766.18636 
410.0 203.0 0.14910896 10650.89104 
84.0 131.0 0.00622000000017 10793.78 
428.0 49.0 0.0248968000003 10775.1032 
430.0 77.0 0.03083876 10769.16124 
163.0 322.0 0.0253355200002 10774.66448 
328.0 465.0 0.0253355200002 10774.66448
