0.0 500.0
16.0 24.0 0.0121510464 9878.489536 
79.0 17.0 0.0381648208006 9618.35179199 
133.0 36.0 0.0932568800023 9067.43119998 
181.0 30.0 0.0448678560011 9551.32143999 
221.0 37.0 0.0436535776011 9563.46422399 
286.0 27.0 0.044457164001 9555.42835999 
321.0 27.0 0.0431090488008 9568.90951199 
382.0 29.0 0.0778982728011 9221.01727199 
424.0 26.0 0.0277191236005 9722.80876399 
484.0 36.0 0.0277391148001 9722.608852 
22.0 74.0 0.0162560000004 9837.44 
63.0 77.0 0.0109635720003 9890.36428 
137.0 84.0 0.0745569760009 9254.43023999 
164.0 73.0 0.0524531520014 9475.46847999 
223.0 77.0 0.163917544003 8360.82455997 
265.0 63.0 0.144160108404 8558.39891596 
315.0 62.0 0.194421262003 8055.78737997 
364.0 85.0 0.237846386805 7621.53613195 
413.0 80.0 0.151948168004 8480.51831996 
467.0 76.0 0.0839225632013 9160.77436799 
15.0 119.0 0.0126658728001 9873.341272 
78.0 136.0 0.0383440600008 9616.55939999 
113.0 130.0 0.0373439600007 9626.56039999 
178.0 115.0 0.0655000000017 9344.99999998 
233.0 125.0 0.39778947201 6022.1052799 
265.0 116.0 0.384191724805 6158.08275195 
324.0 114.0 0.328171942004 6718.28057996 
364.0 126.0 0.189274408004 8107.25591996 
416.0 126.0 0.0702981728017 9297.01827198 
486.0 132.0 0.0433744560009 9566.25543999 
28.0 172.0 0.00793800000021 9920.62 
75.0 166.0 0.0245920000006 9754.07999999 
125.0 170.0 0.0820742644017 9179.25735598 
174.0 186.0 0.217853808006 7821.46191994 
227.0 173.0 0.49876547401 5012.3452599 
275.0 164.0 0.429097784007 5709.02215993 
331.0 185.0 0.116999560003 8830.00439997 
372.0 177.0 0.088537840001 9114.62159999 
436.0 174.0 0.0327540000009 9672.45999999 
483.0 169.0 0.0401531800009 9598.46819999 
31.0 234.0 0.0423440344009 9576.55965599 
80.0 226.0 0.0273324496006 9726.67550399 
135.0 219.0 0.43343839121 5665.6160879 
175.0 213.0 0.631062816009 3689.37183991 
233.0 226.0 0.548456452808 4515.43547192 
276.0 225.0 0.0781810440019 9218.18955998 
327.0 218.0 0.0410060000011 9589.93999999 
377.0 232.0 0.148554723203 8514.45276797 
422.0 236.0 0.131681120003 8683.18879997 
468.0 220.0 0.0530461072011 9469.53892799 
28.0 264.0 0.121410714402 8785.89285598 
85.0 267.0 0.0764020328006 9235.97967199 
128.0 281.0 0.487103660012 5128.96339988 
170.0 266.0 0.727247576011 2727.52423989 
216.0 284.0 0.432663300011 5673.36699989 
277.0 278.0 0.225332894402 7746.67105598 
335.0 284.0 0.246565920006 7534.34079994 
378.0 264.0 0.173994699601 8260.05300399 
422.0 265.0 0.120784872003 8792.15127997 
472.0 268.0 0.0531175260012 9468.82473999 
23.0 323.0 0.39819701601 6018.0298399 
77.0 335.0 0.87387189361 1261.2810639 
125.0 314.0 0.84655685201 1534.4314799 
171.0 319.0 0.777469574812 2225.30425188 
212.0 336.0 0.241472616006 7585.27383994 
263.0 323.0 0.212561620005 7874.38379995 
314.0 328.0 0.244979168006 7550.20831994 
369.0 332.0 0.212652189205 7873.47810795 
427.0 326.0 0.0857439200022 9142.56079998 
478.0 336.0 0.0378609916006 9621.39008399 
31.0 381.0 0.107101645999 8928.98354001 
72.0 378.0 0.603338286805 3966.61713195 
134.0 367.0 0.246708000006 7532.91999994 
170.0 380.0 0.0351968800006 9648.03119999 
216.0 374.0 0.0359401320005 9640.59868 
276.0 374.0 0.147730000004 8522.69999996 
335.0 366.0 0.177789224004 8222.10775996 
377.0 381.0 0.145294129602 8547.05870398 
428.0 379.0 0.104141606001 8958.58393999 
468.0 383.0 0.0526871008013 9473.12899199 
33.0 422.0 0.0493580000013 9506.41999999 
84.0 421.0 0.287630000008 7123.69999992 
127.0 430.0 0.0699571120006 9300.42887999 
182.0 436.0 0.105096281202 8949.03718798 
233.0 415.0 0.0672971584008 9327.02841599 
275.0 414.0 0.0165440000004 9834.56 
327.0 423.0 0.0836890080007 9163.10991999 
380.0 428.0 0.0707483592015 9292.51640799 
425.0 433.0 0.0377047100008 9622.95289999 
467.0 421.0 0.0552233900009 9447.76609999 
36.0 482.0 0.0299695440005 9700.30455999 
82.0 483.0 0.0281462032006 9718.53796799 
134.0 475.0 0.0490280000013 9509.71999999 
180.0 484.0 0.0316480383999 9683.519616 
217.0 469.0 0.0680851192015 9319.14880799 
285.0 476.0 0.00840000000022 9916.0 
330.0 482.0 0.0284064800001 9715.9352 
385.0 468.0 0.0329960000009 9670.03999999 
430.0 472.0 0.0397142375998 9602.857624 
478.0 479.0 0.0367822140006 9632.17785999 
