0.0 500.0
61.0 137.0 0.0482051000009 9517.94899999 
172.0 135.0 0.0329393408003 9670.606592 
254.0 144.0 0.0411041000005 9588.959 
355.0 263.0 0.0164340000004 9835.66 
104.0 186.0 0.136621312002 8633.78687998 
257.0 215.0 0.117029364001 8829.70635999 
335.0 210.0 0.0426163544008 9573.83645599 
416.0 244.0 0.0151233464001 9848.766536 
85.0 259.0 0.1156364352 8843.635648 
108.0 326.0 0.0412320000011 9587.67999999 
183.0 311.0 0.0329120000009 9670.87999999 
248.0 288.0 0.0888067296013 9111.93270399 
45.0 448.0 0.0398038895997 9601.961104 
243.0 396.0 0.00822400000022 9917.76 
319.0 399.0 0.0177391679999 9822.60832 
387.0 397.0 0.0177391679999 9822.60832 
95.0 402.0 0.0318206848002 9681.793152 
173.0 397.0 0.0318206848002 9681.793152 
181.0 204.0 0.103248446802 8967.51553198 
364.0 150.0 0.103248446802 8967.51553198  
