0.0 500.0
76.0 33.0 0.041312148401 9586.87851599 
140.0 68.0 0.103705618402 8962.94381598 
215.0 89.0 0.050844016801 9491.55983199 
289.0 112.0 0.0390014080007 9609.98591999 
430.0 71.0 0.0186586559997 9813.41344 
68.0 165.0 0.0327000000009 9672.99999999 
145.0 146.0 0.0984246000005 9015.754 
281.0 176.0 0.074611175601 9253.88824399 
359.0 174.0 0.074611175601 9253.88824399 
421.0 150.0 0.00824000000022 9917.6 
53.0 304.0 0.0301209960003 9698.79004 
198.0 199.0 0.0327000000009 9672.99999999 
292.0 250.0 0.0951933320004 9048.06668 
363.0 270.0 0.0576943604009 9423.05639599 
441.0 288.0 0.0155344591997 9844.655408 
60.0 364.0 0.0679041344007 9320.95865599 
134.0 350.0 0.0150722879998 9849.27712 
228.0 293.0 0.0323880000009 9676.11999999 
366.0 335.0 0.0428164132004 9571.835868 
446.0 355.0 0.00816400000021 9918.36 
43.0 439.0 0.067867652 9321.32348 
146.0 414.0 0.0412180000011 9587.81999999 
224.0 401.0 0.0991953372011 9008.04662799 
303.0 408.0 0.105660788001 8943.39211999 
380.0 410.0 0.0694995312008 9305.00468799 
