0.0 500.0
18.0 69.0 0.0337389680001 9662.61032 
118.0 87.0 0.0170551191997 9829.448808 
255.0 66.0 0.0844520900017 9155.47909998 
330.0 89.0 0.087358779202 9126.41220798 
402.0 77.0 0.0334687744001 9665.312256 
25.0 155.0 0.0334687744001 9665.312256 
137.0 158.0 0.0246300000006 9753.69999999 
220.0 195.0 0.0246300000006 9753.69999999 
329.0 202.0 0.0773364944022 9226.63505598 
421.0 165.0 0.0773364944022 9226.63505598 
28.0 269.0 0.0173953220002 9826.04678 
137.0 292.0 0.0173953220002 9826.04678 
212.0 268.0 0.0165087060004 9834.91294 
347.0 254.0 0.0411720000011 9588.27999999 
448.0 280.0 0.0265368624003 9734.631376 
55.0 341.0 0.0161020000004 9838.98 
126.0 364.0 0.0176301759999 9823.69824 
226.0 337.0 0.00829000000022 9917.1 
342.0 328.0 0.00829000000022 9917.1 
435.0 358.0 0.0161060000004 9838.94 
59.0 451.0 0.0180031808001 9819.968192 
134.0 440.0 0.00813200000021 9918.68 
207.0 434.0 0.00823800000022 9917.62 
278.0 443.0 0.0166770072002 9833.229928 
451.0 420.0 0.0145636400004 9854.3636 
202.0 120.0 0.0703767740006 9296.23225999 
411.0 230.0 0.0241556512005 9758.443488 
281.0 28.0 0.0444626240012 9555.37375999 
324.0 153.0 0.0857196008021 9142.80399198 
79.0 113.0 0.0422624096002 9577.375904 
