0.0 500.0
68.0 52.0 0.0118164887999 9881.835112 
126.0 79.0 0.0243440000006 9756.55999999 
201.0 64.0 0.0436731600005 9563.2684 
279.0 57.0 0.0346016668003 9653.983332 
429.0 76.0 0.0346016668003 9653.983332 
43.0 94.0 0.00799600000021 9920.04 
124.0 156.0 0.0300774432006 9699.22556799 
226.0 171.0 0.0459494136011 9540.50586399 
338.0 160.0 0.00806600000021 9919.34 
414.0 147.0 0.017656474 9823.43526 
19.0 286.0 0.0571620000015 9428.37999998 
139.0 246.0 0.211095616804 7889.04383196 
214.0 226.0 0.119168000001 8808.31999999 
360.0 288.0 0.119168000001 8808.31999999 
431.0 259.0 0.0177594251998 9822.405748 
60.0 360.0 0.00803600000021 9919.64 
145.0 384.0 0.150191688002 8498.08311998 
170.0 339.0 0.152781040002 8472.18959998 
335.0 359.0 0.152781040002 8472.18959998 
415.0 367.0 0.0129810072 9870.189928 
29.0 431.0 0.0170480159998 9829.51984 
150.0 462.0 0.0491600000013 9508.39999999 
261.0 450.0 0.0545434560012 9454.56543999 
305.0 471.0 0.0284835912003 9715.164088 
388.0 459.0 0.0284835912003 9715.164088 
84.0 298.0 0.1641421556 8358.578444 
112.0 303.0 0.164729661604 8352.70338396 
418.0 420.0 0.0165440000004 9834.56 
243.0 414.0 0.0867259088019 9132.74091198 
445.0 334.0 0.00820600000022 9917.94 
332.0 401.0 0.00820600000022 9917.94 
450.0 447.0 0.0111316452001 9888.683548 
208.0 377.0 0.117553350402 8824.46649598 
278.0 203.0 0.048353150001 9516.46849999 
97.0 209.0 0.083642429201 9163.57570799 
