0.0 500.0
95.0 104.0 0.0339677200006 9660.32279999 
157.0 102.0 0.0487980000013 9512.01999999 
221.0 61.0 0.150520304003 8494.79695997 
291.0 59.0 0.129384268802 8706.15731198 
406.0 40.0 0.0615400960003 9384.59904 
465.0 50.0 0.0300062748006 9699.93725199 
54.0 166.0 0.0416234360001 9583.76564 
172.0 180.0 0.0285158120009 9714.84187999 
228.0 120.0 0.149932254002 8500.67745998 
285.0 145.0 0.0645522840013 9354.47715999 
389.0 137.0 0.0244520000006 9755.47999999 
468.0 164.0 0.0135713760002 9864.28624 
75.0 234.0 0.0246140000006 9753.85999999 
119.0 244.0 0.0113167024 9886.832976 
191.0 225.0 0.0597231432007 9402.76856799 
322.0 202.0 0.0162260000004 9837.74 
374.0 233.0 0.0292757864001 9707.242136 
469.0 222.0 0.00811200000021 9918.88 
12.0 294.0 0.0280368300006 9719.63169999 
116.0 323.0 0.197807638404 8021.92361596 
202.0 281.0 0.0941026600022 9058.97339998 
320.0 289.0 0.0615456960012 9384.54303999 
375.0 289.0 0.0584037900013 9415.96209999 
460.0 296.0 0.0317621296001 9682.378704 
49.0 414.0 0.0738880000019 9261.11999998 
101.0 413.0 0.164238876804 8357.61123196 
187.0 344.0 0.134223678402 8657.76321598 
280.0 341.0 0.0243700000006 9756.29999999 
393.0 360.0 0.0412780000011 9587.21999999 
468.0 358.0 0.0689716040006 9310.28395999 
45.0 459.0 0.126323508001 8736.76491999 
107.0 469.0 0.140279052803 8597.20947197 
177.0 423.0 0.0559614400013 9440.38559999 
250.0 437.0 0.0338091900006 9661.90809999 
347.0 399.0 0.0338091900006 9661.90809999  
425.0 419.0 0.0644630800002 9355.3692 
56.0 307.0 0.149733871202 8502.66128798 
73.0 380.0 0.1540910944 8459.089056 
355.0 77.0 0.0947375680008 9052.62431999 
172.0 468.0 0.0943987064021 9056.01293598 
