0.0 500.0
89.0 44.0 0.0164160000004 9835.84 
150.0 38.0 0.0369889824004 9630.110176 
243.0 60.0 0.0507261195997 9492.738804 
309.0 54.0 0.0489019392008 9510.98060799 
368.0 43.0 0.0709479884011 9290.52011599 
441.0 32.0 0.0335765800008 9664.23419999 
66.0 147.0 0.0207921424002 9792.078576 
152.0 125.0 0.0251015032 9748.984968 
227.0 131.0 0.0165340000004 9834.66 
304.0 128.0 0.155260171203 8447.39828797 
368.0 106.0 0.096841688001 9031.58311999 
432.0 155.0 0.0308928124006 9691.07187599 
63.0 200.0 0.00808400000021 9919.16 
135.0 197.0 0.0243600000006 9756.39999999 
188.0 222.0 0.0319265480001 9680.73452 
294.0 222.0 0.297972000006 7020.27999994 
373.0 202.0 0.118689514802 8813.10485198 
443.0 215.0 0.0745084176009 9254.91582399 
58.0 309.0 0.0174155903997 9825.844096 
120.0 292.0 0.0616864879995 9383.13512 
190.0 291.0 0.0641976952004 9358.023048 
284.0 292.0 0.288648903205 7113.51096795 
363.0 302.0 0.114195400003 8858.04599997 
442.0 284.0 0.0473635668 9526.364332 
45.0 384.0 0.0473635668 9526.364332 
113.0 358.0 0.0326000000009 9673.99999999 
214.0 393.0 0.444932791206 5550.67208794 
279.0 373.0 0.420665350005 5793.34649995 
408.0 362.0 0.0761928480015 9238.07151998 
453.0 345.0 0.0450360672008 9549.63932799 
50.0 468.0 0.0361119967997 9638.880032 
107.0 437.0 0.0361119967997 9638.880032 
221.0 458.0 0.2487372604 7512.627396 
321.0 441.0 0.0332000000009 9667.99999999 
394.0 434.0 0.0940219200006 9059.78079999 
462.0 433.0 0.0940219200006 9059.78079999 
17.0 404.0 0.0329686620006 9670.31337999 
380.0 257.0 0.0412000000011 9587.99999999 
121.0 167.0 0.0261149184006 9738.85081599 
204.0 33.0 0.0460335916006 9539.66408399 
458.0 468.0 0.050349545601 9496.50454399 
303.0 332.0 0.341574224408 6584.25775592 
327.0 193.0 0.224199096003 7758.00903997 
204.0 468.0 0.123718000003 8762.81999997 
494.0 268.0 0.0455651040006 9544.34895999 
