0.0 500.0
27.0 73.0 0.0130095231999 9869.904768 
96.0 68.0 0.0385168000001 9614.832 
154.0 60.0 0.0296890800006 9703.10919999 
262.0 40.0 0.0243420000006 9756.57999999 
325.0 50.0 0.0917556568007 9082.44343199 
393.0 56.0 0.0641905680014 9358.09431999 
460.0 59.0 0.0319773144002 9680.226856 
53.0 119.0 0.0244680000006 9755.31999999 
139.0 139.0 0.00821200000022 9917.88 
188.0 133.0 0.0400628640006 9599.37135999 
238.0 143.0 0.0232279660003 9767.72034 
334.0 111.0 0.127899768 8721.00232 
408.0 116.0 0.0163740000004 9836.26 
483.0 103.0 0.00821400000022 9917.86 
29.0 176.0 0.0218567391999 9781.432608 
97.0 186.0 0.0193094400003 9806.9056 
186.0 199.0 0.0649779768003 9350.220232 
274.0 196.0 0.0491640000013 9508.35999999 
336.0 179.0 0.107270818801 8927.29181199 
412.0 207.0 0.0576263576011 9423.73642399 
452.0 191.0 0.0276960672004 9723.039328 
29.0 234.0 0.00816400000021 9918.36 
111.0 226.0 0.00820000000022 9918.0 
186.0 268.0 0.116540736002 8834.59263998 
269.0 276.0 0.112336512003 8876.63487997 
329.0 248.0 0.0248300000007 9751.69999999 
393.0 253.0 0.0617388860005 9382.61114 
468.0 249.0 0.00820600000022 9917.94 
56.0 349.0 0.00820600000022 9917.94 
103.0 341.0 0.0126530592002 9873.469408 
170.0 326.0 0.0822400000022 9177.59999998 
249.0 321.0 0.147736664002 8522.63335998 
307.0 338.0 0.122457068001 8775.42931999 
373.0 349.0 0.120571007602 8794.28992398 
444.0 325.0 0.0282489264006 9717.51073599 
44.0 407.0 0.0279799552005 9720.20044799 
118.0 390.0 0.0164900000004 9835.1 
176.0 420.0 0.0151818431997 9848.181568 
231.0 391.0 0.0 10000.0 
318.0 415.0 0.0246460000006 9753.53999999 
370.0 396.0 0.0809399980012 9190.60001999 
437.0 372.0 0.0726445000014 9273.55499999 
52.0 455.0 0.0394449951997 9605.550048 
122.0 490.0 0.0394449951997 9605.550048 
190.0 484.0 0.0165640000004 9834.36 
234.0 489.0 0.011652714 9883.47286 
340.0 489.0 0.011652714 9883.47286 
382.0 446.0 0.0581509696004 9418.490304 
443.0 432.0 0.047619952801 9523.80047199 
221.0 307.0 0.165686022403 8343.13977597 
