0.0 500.0
41.0 48.0 0.0585976208016 9414.02379198 
100.0 37.0 0.0302427008002 9697.572992 
138.0 24.0 0.0303324940002 9696.67506 
253.0 45.0 0.0219880240003 9780.11976 
295.0 30.0 0.0219880240003 9780.11976 
388.0 59.0 0.0278055532005 9721.94446799 
464.0 35.0 0.0154697 9845.303 
23.0 100.0 0.0873315100007 9126.68489999 
114.0 119.0 0.102032450001 8979.67549999 
159.0 127.0 0.052593784001 9474.06215999 
207.0 70.0 0.0200686731999 9799.313268 
312.0 98.0 0.0243560000006 9756.43999999 
393.0 105.0 0.0571060000005 9428.94 
469.0 100.0 0.00836200000022 9916.38 
26.0 154.0 0.169866446003 8301.33553997 
95.0 181.0 0.111966400003 8880.33599997 
168.0 174.0 0.00814800000021 9918.52 
255.0 194.0 0.173178400001 8268.21599999 
316.0 177.0 0.155514948004 8444.85051996 
379.0 177.0 0.123779632002 8762.20367998 
461.0 228.0 0.0309038480003 9690.96152 
36.0 223.0 0.320278559605 6797.21440395 
105.0 226.0 0.194321700004 8056.78299996 
182.0 249.0 0.139714457603 8602.85542397 
233.0 240.0 0.231503460002 7684.96539998 
322.0 272.0 0.0301399984006 9698.60001599 
395.0 281.0 0.0301399984006 9698.60001599 
468.0 289.0 0.058460000001 9415.39999999 
41.0 291.0 0.293114352004 7068.85647996 
92.0 281.0 0.293114352004 7068.85647996 
175.0 321.0 0.319821504006 6801.78495994 
224.0 324.0 0.174989424004 8250.10575996 
312.0 328.0 0.0247540000006 9752.45999999 
389.0 337.0 0.0266041744003 9733.958256 
472.0 341.0 0.0488274599992 9511.72540001 
27.0 372.0 0.0290887600006 9709.11239999 
105.0 374.0 0.195460000005 8045.39999995 
169.0 374.0 0.283935670405 7160.64329595 
238.0 403.0 0.0464136896008 9535.86310399 
309.0 401.0 0.0328560000009 9671.43999999 
374.0 394.0 0.0854513088005 9145.48691199 
440.0 410.0 0.0731217680012 9268.78231999 
52.0 467.0 0.0822093208007 9177.90679199 
122.0 470.0 0.0412620000011 9587.37999999 
189.0 428.0 0.183817709205 8161.82290795 
249.0 454.0 0.104386212002 8956.13787998 
304.0 454.0 0.0300875800007 9699.12419999 
396.0 453.0 0.0787149200014 9212.85079999 
438.0 461.0 0.0358608672007 9641.39132799 
169.0 76.0 0.0728341472008 9271.65852799 
347.0 127.0 0.0903621088006 9096.37891199 
23.0 425.0 0.0739575260007 9260.42473999 
180.0 271.0 0.273686350004 7263.13649996 
463.0 379.0 0.0247720000006 9752.27999999 
428.0 15.0 0.00836200000022 9916.38 
359.0 321.0 0.0404366912008 9595.63308799 
46.0 441.0 0.0584554528016 9415.44547198 
186.0 460.0 0.109063070401 8909.36929599 
69.0 315.0 0.280652439205 7193.47560795 
242.0 102.0 0.0164100000004 9835.9 
