0.0 500.0
25.0 45.0 0.00814800000021 9918.52 
73.0 42.0 0.0380686440006 9619.31355999 
168.0 27.0 0.0380686440006 9619.31355999 
233.0 22.0 0.0180346671998 9819.653328 
279.0 50.0 0.0373565936006 9626.43406399 
368.0 32.0 0.00827400000022 9917.26 
413.0 50.0 0.0136289328002 9863.710672 
473.0 68.0 0.0284500000007 9715.49999999 
48.0 103.0 0.0246000000006 9753.99999999 
104.0 90.0 0.0570965999998 9429.034 
162.0 95.0 0.046406046401 9535.93953599 
202.0 115.0 0.038344820801 9616.55179199 
283.0 104.0 0.0322098520006 9677.90147999 
357.0 98.0 0.0928674956019 9071.32504398 
405.0 87.0 0.02837505 9716.2495 
470.0 114.0 0.0582083460005 9417.91653999 
24.0 186.0 0.0297669456006 9702.33054399 
90.0 152.0 0.0306099284002 9693.900716 
158.0 173.0 0.0282419544004 9717.580456 
219.0 170.0 0.0663098004017 9336.90199598 
310.0 145.0 0.0736720000019 9263.27999998 
362.0 156.0 0.138941090002 8610.58909998 
407.0 172.0 0.130041046003 8699.58953997 
458.0 163.0 0.0958344672012 9041.65532799 
26.0 241.0 0.0562461320005 9437.53868 
90.0 211.0 0.0531182696007 9468.81730399 
146.0 218.0 0.0606742572009 9393.25742799 
230.0 220.0 0.0807382060019 9192.61793998 
287.0 214.0 0.0545250720009 9454.74927999 
328.0 224.0 0.0379687600005 9620.31239999 
422.0 222.0 0.0492100000013 9507.89999999 
482.0 215.0 0.0500630820011 9499.36917999 
40.0 284.0 0.090767995602 9092.32004398 
113.0 266.0 0.0412880000011 9587.11999999 
170.0 269.0 0.0554113024012 9445.88697599 
236.0 309.0 0.0554113024012 9445.88697599 
306.0 275.0 0.0576802736013 9423.19726399 
340.0 290.0 0.0421303136007 9578.69686399 
397.0 281.0 0.0452327120007 9547.67287999 
472.0 274.0 0.0468009304012 9531.99069599 
25.0 340.0 0.0720501280006 9279.49871999 
117.0 326.0 0.0387760848006 9612.23915199 
153.0 326.0 0.0604867720015 9395.13227998 
208.0 375.0 0.0214483680002 9785.51632 
288.0 346.0 0.0244220000006 9755.77999999 
334.0 358.0 0.0281193600003 9718.8064 
408.0 328.0 0.0718578212014 9281.42178799 
466.0 333.0 0.0689046784013 9310.95321599 
41.0 384.0 0.0411040000011 9588.95999999 
92.0 366.0 0.0129716399998 9870.2836 
154.0 373.0 0.0412760000011 9587.23999999 
209.0 398.0 0.00830200000022 9916.98 
282.0 399.0 0.00830200000022 9916.98 
346.0 405.0 0.00818000000021 9918.2 
422.0 414.0 0.0386499808008 9613.50019199 
479.0 410.0 0.0382083540006 9617.91645999 
30.0 440.0 0.0252154300001 9747.8457 
95.0 447.0 0.0252154300001 9747.8457 
157.0 478.0 0.0446866384003 9553.133616 
221.0 458.0 0.0446866384003 9553.133616 
270.0 464.0 0.036880881601 9631.19118399 
345.0 455.0 0.036880881601 9631.19118399 
420.0 470.0 0.00839800000022 9916.02 
462.0 480.0 0.0115287744 9884.712256 
205.0 334.0 0.0460597728008 9539.40227199 
196.0 451.0 0.0247080000006 9752.91999999 
437.0 398.0 0.0350745760005 9649.25423999 
318.0 308.0 0.0566162496012 9433.83750399 
469.0 229.0 0.0401672080008 9598.32791999 
255.0 274.0 0.0493140000013 9506.85999999 
254.0 492.0 0.0369723360004 9630.27664 
409.0 374.0 0.0576420000015 9423.57999998 
423.0 106.0 0.0329980000009 9670.01999999 
201.0 20.0 0.00826200000022 9917.38 
38.0 459.0 0.0347494999996 9652.505 
