0.0 500.0
25.0 14.0 0.0245620000006 9754.37999999 
75.0 16.0 0.0533666496012 9466.33350399 
151.0 14.0 0.0336155600009 9663.84439999 
204.0 35.0 0.0445432600007 9554.56739999 
239.0 41.0 0.0541871612008 9458.12838799 
308.0 18.0 0.0626232432015 9373.76756798 
348.0 38.0 0.142791934802 8572.08065198 
393.0 22.0 0.0847195644018 9152.80435598 
465.0 22.0 0.025158144 9748.41856 
39.0 83.0 0.0365200488003 9634.799512 
82.0 80.0 0.0291188920002 9708.81108 
143.0 77.0 0.0707333728006 9292.66627199 
190.0 78.0 0.0560118160014 9439.88183999 
251.0 94.0 0.128053826002 8719.46173998 
293.0 74.0 0.0643242800013 9356.75719999 
359.0 92.0 0.138141131199 8618.58868801 
418.0 78.0 0.0378641280006 9621.35871999 
460.0 85.0 0.0385867400009 9614.13259999 
28.0 129.0 0.0442781024009 9557.21897599 
79.0 126.0 0.0548247140013 9451.75285999 
151.0 129.0 0.0491500000013 9508.49999999 
207.0 138.0 0.0775765152019 9224.23484798 
247.0 151.0 0.180209000005 8197.90999995 
299.0 143.0 0.0617882688012 9382.11731199 
370.0 143.0 0.0575480000015 9424.51999998 
424.0 132.0 0.0590036380012 9409.96361999 
469.0 146.0 0.0382019720005 9617.98027999 
29.0 188.0 0.0328640000009 9671.35999999 
80.0 184.0 0.033274883201 9667.25116799 
142.0 205.0 0.0908728080019 9091.27191998 
187.0 182.0 0.0577932064001 9422.067936 
261.0 199.0 0.225238080006 7747.61919994 
311.0 188.0 0.0163680000004 9836.32 
349.0 188.0 0.0105810480002 9894.18952 
430.0 185.0 0.0331340000009 9668.65999999 
473.0 186.0 0.0197037400006 9802.96259999 
18.0 261.0 0.0305162880007 9694.83711999 
82.0 257.0 0.0331680000009 9668.31999999 
133.0 262.0 0.0689545087996 9310.454912 
205.0 255.0 0.315581792803 6844.18207197 
253.0 255.0 0.283821052807 7161.78947193 
301.0 260.0 0.122094181603 8779.05818397 
348.0 257.0 0.0524973400014 9475.02659999 
428.0 255.0 0.0163280000004 9836.72 
458.0 243.0 0.0180205328006 9819.79467199 
34.0 317.0 0.0568684672015 9431.31532798 
80.0 309.0 0.0132506400002 9867.4936 
150.0 299.0 0.139918000004 8600.81999996 
196.0 299.0 0.250294600006 7497.05399994 
242.0 310.0 0.126571202403 8734.28797597 
307.0 295.0 0.0292313272008 9707.68672799 
366.0 293.0 0.105260000001 8947.39999999 
423.0 308.0 0.0604951872016 9395.04812798 
475.0 315.0 0.0454704672006 9545.29532799 
37.0 364.0 0.086327138401 9136.72861599 
92.0 363.0 0.00822000000022 9917.8 
152.0 366.0 0.0587261068013 9412.73893199 
192.0 373.0 0.087244768002 9127.55231998 
244.0 357.0 0.0373781440004 9626.21856 
298.0 350.0 0.0488720000013 9511.27999999 
356.0 348.0 0.101125337599 8988.74662401 
407.0 370.0 0.054209484001 9457.90515999 
471.0 349.0 0.0381795616003 9618.204384 
28.0 427.0 0.139717956402 8602.82043598 
92.0 426.0 0.170475887199 8295.24112801 
135.0 407.0 0.197721696005 8022.78303995 
193.0 420.0 0.175767570004 8242.32429996 
239.0 424.0 0.036407779201 9635.92220799 
296.0 417.0 0.0161980000004 9838.02 
348.0 423.0 0.0207014640003 9792.98536 
423.0 441.0 0.0558553432006 9441.44656799 
469.0 407.0 0.0678169696012 9321.83030399 
16.0 470.0 0.1019066336 8980.933664 
87.0 459.0 0.0983780000026 9016.21999997 
148.0 471.0 0.0247200000006 9752.79999999 
207.0 473.0 0.0749658399999 9250.3416 
248.0 471.0 0.0522326680007 9477.67331999 
313.0 463.0 0.02003638 9799.6362 
388.0 478.0 0.02003638 9799.6362 
422.0 471.0 0.0325880000009 9674.11999999 
471.0 462.0 0.0529885088011 9470.11491199 
130.0 97.0 0.0540283480007 9459.71651999 
158.0 395.0 0.135650880003 8643.49119997 
409.0 406.0 0.0326480000009 9673.51999999 
401.0 88.0 0.104502472003 8954.97527997 
54.0 411.0 0.170320665604 8296.79334396 
220.0 456.0 0.0584873032015 9415.12696799 
443.0 22.0 0.0569860000015 9430.13999999 
477.0 279.0 0.0293353788008 9706.64621199 
133.0 15.0 0.0605971920012 9394.02807999 
