500.0 500.0
72.0 59.0 0.0425239872003 9574.760128 
141.0 78.0 0.0812282160018 9187.71783998 
219.0 146.0 0.131214788401 8687.85211599 
276.0 64.0 0.0345221900002 9654.7781 
361.0 78.0 0.0166414499996 9833.5855 
491.0 89.0 0.00822800000022 9917.72 
563.0 71.0 0.0172919647998 9827.080352 
624.0 97.0 0.0163040000004 9836.96 
702.0 92.0 0.0179432568001 9820.567432 
835.0 98.0 0.0604622400017 9395.37759998 
894.0 109.0 0.0309556424002 9690.443576 
79.0 142.0 0.0759489696016 9240.51030398 
158.0 141.0 0.154136576802 8458.63423198 
254.0 200.0 0.0492620000013 9507.37999999 
299.0 138.0 0.0323038528003 9676.961472 
346.0 148.0 0.0247140000006 9752.85999999 
454.0 152.0 0.0400275360006 9599.72463999 
531.0 170.0 0.0229343159999 9770.65684 
616.0 160.0 0.0229343159999 9770.65684 
795.0 138.0 0.106421582402 8935.78417598 
857.0 182.0 0.0488310380009 9511.68961999 
920.0 192.0 0.022658328 9773.41672 
50.0 225.0 0.0346327584003 9653.672416 
157.0 323.0 0.0591338848008 9408.66115199 
262.0 321.0 0.042506560001 9574.93439999 
321.0 254.0 0.0411035920008 9588.96407999 
407.0 260.0 0.0575214368011 9424.78563199 
456.0 218.0 0.0359870952 9640.129048 
513.0 231.0 0.0246060000006 9753.93999999 
699.0 293.0 0.0411140000011 9588.85999999 
777.0 205.0 0.132115495601 8678.84504399 
886.0 244.0 0.0247600000006 9752.39999999 
960.0 262.0 0.01816992 9818.3008 
70.0 301.0 0.0599364520013 9400.63547999 
143.0 397.0 0.166097393203 8339.02606797 
249.0 379.0 0.0350020000007 9649.97999999 
340.0 323.0 0.120569766401 8794.30233599 
407.0 331.0 0.153246440001 8467.53559999 
467.0 321.0 0.200843089601 7991.56910399 
538.0 341.0 0.178565728001 8214.34271999 
689.0 350.0 0.178565728001 8214.34271999 
764.0 275.0 0.1113815172 8886.184828 
873.0 346.0 0.0397536600006 9602.46339999 
951.0 341.0 0.00841200000022 9915.88 
79.0 358.0 0.109677716801 8903.22283199 
166.0 465.0 0.172260929601 8277.39070399 
215.0 465.0 0.164399571201 8356.00428799 
327.0 393.0 0.0871138000024 9128.86199998 
389.0 409.0 0.103980010002 8960.19989998 
478.0 417.0 0.103980010002 8960.19989998 
579.0 409.0 0.0655160000017 9344.83999998 
636.0 430.0 0.0225757840004 9774.24216 
783.0 433.0 0.0244560000006 9755.43999999 
858.0 411.0 0.0705763408008 9294.23659199 
916.0 445.0 0.0399659840007 9600.34015999 
51.0 534.0 0.0172176480001 9827.82352 
140.0 549.0 0.00832000000022 9916.8 
221.0 535.0 0.0743040000019 9256.95999998 
330.0 510.0 0.0743040000019 9256.95999998 
391.0 488.0 0.1367389024 8632.610976 
467.0 473.0 0.0880323375999 9119.676624 
574.0 485.0 0.0432325132008 9567.67486799 
644.0 506.0 0.0660396492016 9339.60350798 
773.0 501.0 0.0328260000009 9671.73999999 
822.0 534.0 0.0885665480019 9114.33451998 
891.0 542.0 0.097713530002 9022.86469998 
67.0 606.0 0.0410940000011 9589.05999999 
148.0 610.0 0.0337403040003 9662.59696 
217.0 585.0 0.0816998052017 9183.00194798 
283.0 606.0 0.100600630402 8993.99369598 
339.0 596.0 0.0411320000011 9588.67999999 
525.0 578.0 0.0411320000011 9588.67999999 
598.0 571.0 0.0326400000009 9673.59999999 
675.0 574.0 0.0779498184002 9220.501816 
754.0 585.0 0.0696419408015 9303.58059199 
818.0 601.0 0.0644290944014 9355.70905599 
929.0 592.0 0.0622223808014 9377.77619199 
68.0 681.0 0.0945145695989 9054.85430401 
143.0 662.0 0.00816800000021 9918.32 
232.0 672.0 0.0329312368008 9670.68763199 
304.0 674.0 0.0822430700012 9177.56929999 
456.0 671.0 0.0931114879995 9068.88512 
530.0 672.0 0.0327200000009 9672.79999999 
618.0 697.0 0.00825200000022 9917.48 
706.0 692.0 0.0162440000004 9837.56 
770.0 700.0 0.0378330080004 9621.66992 
855.0 701.0 0.0409240000011 9590.75999999 
937.0 668.0 0.0340831680003 9659.16832 
63.0 749.0 0.0970196388015 9029.80361198 
164.0 723.0 0.0163392671999 9836.607328 
223.0 762.0 0.00816800000021 9918.32 
375.0 775.0 0.0319272600002 9680.7274 
432.0 739.0 0.0742915200017 9257.08479998 
520.0 743.0 0.0573760000015 9426.23999998 
610.0 772.0 0.0176411256003 9823.588744 
691.0 781.0 0.0244300000006 9755.69999999 
769.0 764.0 0.0309338356007 9690.66164399 
843.0 761.0 0.0591620736016 9408.37926398 
933.0 755.0 0.0322473700003 9677.5263 
49.0 822.0 0.0676898700012 9323.10129999 
149.0 819.0 0.0389435168001 9610.564832 
215.0 825.0 0.0164020000004 9835.98 
365.0 850.0 0.00809400000021 9919.06 
467.0 858.0 0.0748094864013 9251.90513599 
532.0 821.0 0.178097545599 8219.02454401 
576.0 841.0 0.150507347203 8494.92652797 
651.0 852.0 0.0588772552009 9411.22744799 
742.0 842.0 0.0452465263997 9547.534736 
817.0 838.0 0.0244380000006 9755.61999999 
881.0 827.0 0.0678424800009 9321.57519999 
41.0 880.0 0.0304237984006 9695.76201599 
136.0 882.0 0.0312676984003 9687.323016 
207.0 915.0 0.00813400000021 9918.66 
364.0 902.0 0.0124728539999 9875.27146 
464.0 915.0 0.0124728539999 9875.27146 
559.0 914.0 0.109636515201 8903.63484799 
633.0 936.0 0.068541984001 9314.58015999 
697.0 932.0 0.0312019424006 9687.98057599 
756.0 905.0 0.0395649300006 9604.35069999 
835.0 909.0 0.0251256800003 9748.7432 
926.0 891.0 0.0344274720003 9655.72528 
132.0 105.0 0.0888392896022 9111.60710398 
382.0 666.0 0.0498618324012 9501.38167599 
880.0 711.0 0.0269102900002 9730.8971 
71.0 203.0 0.0269102900002 9730.8971 
