500.0 500.0
64.0 50.0 0.0340002784004 9659.997216 
132.0 34.0 0.0340002784004 9659.997216 
208.0 40.0 0.0673898496004 9326.101504 
282.0 54.0 0.117914312002 8820.85687998 
369.0 59.0 0.0424588440008 9575.41155999 
446.0 68.0 0.095754873602 9042.45126398 
558.0 68.0 0.0136385928002 9863.614072 
644.0 60.0 0.0163420000004 9836.58 
722.0 76.0 0.0228794800004 9771.2052 
793.0 53.0 0.0228794800004 9771.2052 
867.0 85.0 0.0440582880005 9559.41712 
938.0 54.0 0.0341020616008 9658.97938399 
63.0 129.0 0.0433284640009 9566.71535999 
136.0 126.0 0.048896495201 9511.03504799 
205.0 131.0 0.0369794820002 9630.20518 
301.0 127.0 0.158913094401 8410.86905599 
359.0 127.0 0.178350846402 8216.49153598 
454.0 133.0 0.102295349602 8977.04650398 
551.0 125.0 0.0333220000009 9666.77999999 
625.0 137.0 0.017790624 9822.09376 
731.0 138.0 0.0166780000004 9833.22 
792.0 162.0 0.01548758 9845.1242 
889.0 160.0 0.0245380000006 9754.61999999 
947.0 163.0 0.0223817988004 9776.182012 
53.0 197.0 0.0572814308013 9427.18569199 
117.0 187.0 0.0564506000009 9435.49399999 
223.0 190.0 0.0163620000004 9836.38 
306.0 207.0 0.0161833787998 9838.166212 
376.0 204.0 0.0656900000017 9343.09999998 
476.0 208.0 0.125449948001 8745.50051999 
529.0 247.0 0.106024726799 8939.75273201 
611.0 233.0 0.00813000000021 9918.7 
733.0 234.0 0.0162494520003 9837.50548 
799.0 227.0 0.0166860000004 9833.14 
870.0 228.0 0.0167420223998 9832.579776 
956.0 239.0 0.0408304256007 9591.69574399 
66.0 265.0 0.041805656 9581.94344 
137.0 252.0 0.0330200000009 9669.79999999 
228.0 311.0 0.0757739820012 9242.26017999 
312.0 308.0 0.0672980712012 9327.01928799 
373.0 302.0 0.0672980712012 9327.01928799 
445.0 291.0 0.0488640000013 9511.35999999 
550.0 307.0 0.0488640000013 9511.35999999 
612.0 316.0 0.0146191500002 9853.8085 
702.0 297.0 0.0163120000004 9836.88 
798.0 325.0 0.036879143201 9631.20856799 
883.0 313.0 0.0166020000004 9833.98 
956.0 306.0 0.0428111112002 9571.888888 
64.0 389.0 0.00823800000022 9917.62 
143.0 384.0 0.0318498880006 9681.50111999 
205.0 362.0 0.0980378208017 9019.62179198 
273.0 377.0 0.111284520801 8887.15479199 
385.0 383.0 0.0300741728001 9699.258272 
443.0 381.0 0.0985492644018 9014.50735598 
539.0 381.0 0.132699225603 8673.00774397 
607.0 397.0 0.135773943203 8642.26056797 
673.0 386.0 0.0318430916005 9681.569084 
799.0 374.0 0.0329120000009 9670.87999999 
879.0 397.0 0.0589309444009 9410.69055599 
948.0 399.0 0.0326731220001 9673.26878 
35.0 452.0 0.0336562576004 9663.437424 
105.0 476.0 0.0583763896016 9416.23610398 
233.0 457.0 0.0329469060001 9670.53094 
305.0 468.0 0.076990764001 9230.09235999 
384.0 461.0 0.134312400004 8656.87599996 
440.0 453.0 0.1719625416 8280.374584 
546.0 454.0 0.273380966402 7266.19033598 
603.0 476.0 0.366033016806 6339.66983194 
681.0 467.0 0.260503246002 7394.96753998 
780.0 470.0 0.00813000000021 9918.7 
856.0 487.0 0.0344996900006 9655.00309999 
954.0 472.0 0.00827400000022 9917.26 
32.0 542.0 0.0342158512007 9657.84148799 
122.0 558.0 0.0245180000006 9754.81999999 
258.0 546.0 0.0119071640002 9880.92836 
305.0 551.0 0.0164820000004 9835.18 
380.0 532.0 0.0485960208008 9514.03979199 
468.0 546.0 0.0346329119999 9653.67088 
538.0 543.0 0.218831710001 7811.68289999 
607.0 554.0 0.303056219205 6969.43780795 
697.0 514.0 0.172640228004 8273.59771996 
778.0 537.0 0.172640228004 8273.59771996 
871.0 551.0 0.0520277560002 9479.72244 
948.0 541.0 0.0347940820002 9652.05918 
45.0 615.0 0.0460110364011 9539.88963599 
105.0 632.0 0.0411880000011 9588.11999999 
247.0 643.0 0.0765755584018 9234.24441598 
306.0 612.0 0.0143947888 9856.052112 
356.0 643.0 0.0742220000019 9257.77999998 
438.0 631.0 0.00821600000022 9917.84 
529.0 621.0 0.162712224002 8372.87775998 
619.0 622.0 0.162294630401 8377.05369599 
690.0 638.0 0.1334709336 8665.290664 
773.0 629.0 0.130717256001 8692.82743999 
841.0 644.0 0.0986357112012 9013.64288799 
907.0 661.0 0.0651016720012 9348.98327999 
60.0 693.0 0.0565858240011 9434.14175999 
126.0 707.0 0.0705880600008 9294.11939999 
240.0 717.0 0.0705880600008 9294.11939999 
297.0 704.0 0.223320918403 7766.79081597 
362.0 695.0 0.159953560002 8400.46439998 
472.0 699.0 0.017713696 9822.86304 
546.0 697.0 0.0700255040012 9299.74495999 
617.0 724.0 0.0345809760002 9654.19024 
699.0 698.0 0.0922962016002 9077.037984 
770.0 714.0 0.0417003868003 9582.996132 
849.0 751.0 0.0245500000006 9754.49999999 
921.0 712.0 0.0295079012007 9704.92098799 
93.0 766.0 0.0649873160016 9350.12683998 
159.0 796.0 0.121612533203 8783.87466797 
232.0 766.0 0.129480496002 8705.19503998 
299.0 777.0 0.176278709204 8237.21290796 
364.0 800.0 0.0659260000017 9340.73999998 
474.0 786.0 0.0659260000017 9340.73999998 
526.0 785.0 0.0409340000011 9590.65999999 
611.0 810.0 0.105197848003 8948.02151997 
687.0 798.0 0.0245540000006 9754.45999999 
780.0 805.0 0.0491040000013 9508.95999999 
853.0 806.0 0.0669203000008 9330.79699999 
946.0 830.0 0.00809400000021 9919.06 
54.0 870.0 0.03002665 9699.7335 
108.0 855.0 0.0780469416011 9219.53058399 
181.0 857.0 0.0834993936014 9165.00606399 
255.0 876.0 0.0407920000011 9592.07999999 
391.0 848.0 0.0557965224007 9442.03477599 
443.0 870.0 0.0595052832003 9404.947168 
542.0 895.0 0.0164320000004 9835.68 
630.0 878.0 0.0983843020022 9016.15697998 
693.0 890.0 0.0630081272012 9369.91872799 
774.0 894.0 0.0576480800005 9423.5192 
876.0 861.0 0.0603589600009 9396.41039999 
931.0 891.0 0.0306477900006 9693.52209999 
100.0 962.0 0.0266580548003 9733.419452 
133.0 942.0 0.0655440700006 9344.55929999 
205.0 933.0 0.0848531520008 9151.46847999 
259.0 936.0 0.0385218816008 9614.78118399 
378.0 913.0 0.0385218816008 9614.78118399 
466.0 938.0 0.0329747976006 9670.25202399 
551.0 952.0 0.0356077120006 9643.92287999 
626.0 975.0 0.0430339456003 9569.660544 
698.0 956.0 0.0483441356006 9516.55864399 
775.0 970.0 0.0421162536007 9578.83746399 
872.0 959.0 0.0421162536007 9578.83746399 
924.0 943.0 0.0996401560016 9003.59843998 
579.0 804.0 0.0996401560016 9003.59843998 
658.0 241.0 0.0163770720001 9836.22928 
523.0 597.0 0.140774868003 8592.25131997 
847.0 354.0 0.0627588832011 9372.41116799 
497.0 121.0 0.0511072992005 9488.927008 
233.0 369.0 0.0846482944018 9153.51705598 
473.0 72.0 0.0463338932012 9536.66106799 
710.0 741.0 0.0362378320005 9637.62168 
107.0 529.0 0.0461412376001 9538.587624 
318.0 389.0 0.0491160000013 9508.83999999 
678.0 28.0 0.0198361040002 9801.63896 
736.0 860.0 0.0716759460012 9283.24053999 
753.0 563.0 0.169414102003 8305.85897997 
378.0 59.0 0.0983172740024 9016.82725998 
823.0 610.0 0.0413520000011 9586.47999999 
274.0 90.0 0.0772127200018 9227.87279998 
