500.0 500.0
45.0 26.0 0.0343185440007 9656.81455999 
121.0 38.0 0.051062272001 9489.37727999 
200.0 41.0 0.0592511488008 9407.48851199 
278.0 53.0 0.0603440220004 9396.55978 
363.0 27.0 0.0292771420007 9707.22857999 
408.0 55.0 0.0772226652011 9227.77334799 
477.0 50.0 0.0758192112013 9241.80788799 
565.0 65.0 0.0499770180006 9500.22981999 
630.0 76.0 0.0562999860008 9437.00013999 
713.0 49.0 0.00823400000022 9917.66 
784.0 71.0 0.0102183940002 9897.81606 
892.0 46.0 0.00813400000021 9918.66 
971.0 39.0 0.018366572 9816.33428 
23.0 100.0 0.00816600000021 9918.34 
113.0 112.0 0.0164840000004 9835.16 
196.0 97.0 0.0386326400004 9613.6736 
250.0 124.0 0.0780361632013 9219.63836799 
328.0 112.0 0.0326860000009 9673.13999999 
438.0 126.0 0.0942418904005 9057.58109599 
487.0 126.0 0.176443720404 8235.56279596 
594.0 133.0 0.0694635372002 9305.364628 
631.0 130.0 0.0492609564007 9507.39043599 
738.0 129.0 0.0895722380021 9104.27761998 
791.0 105.0 0.00823400000022 9917.66 
885.0 120.0 0.070049480001 9299.50519999 
954.0 125.0 0.0318010864006 9681.98913599 
20.0 188.0 0.0318010864006 9681.98913599 
98.0 184.0 0.0413648768008 9586.35123199 
204.0 210.0 0.0413648768008 9586.35123199 
280.0 178.0 0.104172240002 8958.27759998 
356.0 196.0 0.156778100003 8432.21899997 
433.0 185.0 0.1887835232 8112.164768 
493.0 207.0 0.136714232801 8632.85767199 
560.0 188.0 0.0246060000006 9753.93999999 
651.0 201.0 0.00790200000021 9920.98 
744.0 198.0 0.273232858004 7267.67141996 
821.0 186.0 0.195697454804 8043.02545196 
892.0 184.0 0.130248986002 8697.51013998 
963.0 210.0 0.050108446001 9498.91553999 
41.0 291.0 0.0452043780005 9547.95621999 
97.0 290.0 0.0834708656008 9165.29134399 
207.0 268.0 0.0582565360009 9417.43463999 
278.0 276.0 0.173760239203 8262.39760797 
354.0 257.0 0.290520771204 7094.79228796 
418.0 277.0 0.308599507204 6914.00492796 
518.0 251.0 0.0577240000015 9422.75999998 
595.0 279.0 0.00814400000021 9918.56 
642.0 272.0 0.0145956767999 9854.043232 
726.0 273.0 0.286308060003 7136.91939997 
819.0 259.0 0.0487400000013 9512.59999999 
872.0 271.0 0.0294401012001 9705.598988 
950.0 263.0 0.0294401012001 9705.598988 
54.0 359.0 0.0857334128009 9142.66587199 
117.0 364.0 0.189431721602 8105.68278398 
196.0 354.0 0.0171722592 9828.277408 
266.0 330.0 0.0415040000011 9584.95999999 
348.0 336.0 0.122917970003 8770.82029997 
426.0 337.0 0.273106770401 7268.93229599 
497.0 338.0 0.0988220000026 9011.77999997 
563.0 330.0 0.0151021439998 9848.97856 
661.0 332.0 0.0897960000024 9102.03999998 
725.0 340.0 0.223056464003 7769.43535997 
815.0 341.0 0.0163940000004 9836.06 
879.0 331.0 0.0466518448004 9533.481552 
946.0 338.0 0.0322232648001 9677.767352 
41.0 406.0 0.0282175544001 9717.824456 
125.0 415.0 0.111920438403 8880.79561597 
186.0 404.0 0.240224866804 7597.75133196 
260.0 429.0 0.336106248006 6638.93751994 
356.0 405.0 0.0681194208011 9318.80579199 
428.0 433.0 0.277250960406 7227.49039594 
485.0 441.0 0.122132412002 8778.67587998 
581.0 415.0 0.0553729280011 9446.27071999 
641.0 431.0 0.0650790560016 9349.20943998 
742.0 426.0 0.0574180000015 9425.81999998 
788.0 434.0 0.148344248002 8516.55751998 
861.0 411.0 0.205796519204 7942.03480796 
940.0 422.0 0.0680729416016 9319.27058398 
19.0 512.0 0.0976728060021 9023.27193998 
102.0 512.0 0.128237203603 8717.62796397 
196.0 511.0 0.181850160005 8181.49839995 
273.0 490.0 0.675691376805 3243.08623195 
346.0 500.0 0.755171954007 2448.28045993 
422.0 485.0 0.629279069604 3707.20930396 
517.0 502.0 0.158332679204 8416.67320796 
559.0 516.0 0.168471242003 8315.28757997 
646.0 495.0 0.0552339812009 9447.66018799 
730.0 495.0 0.0165300000004 9834.7 
790.0 503.0 0.0942791840017 9057.20815998 
887.0 478.0 0.141119350003 8588.80649997 
942.0 510.0 0.0792223396006 9207.77660399 
31.0 583.0 0.148103960801 8518.96039199 
130.0 565.0 0.229982764004 7700.17235996 
181.0 568.0 0.320583932006 6794.16067994 
256.0 561.0 0.431141604008 5688.58395992 
351.0 577.0 0.197896679204 8021.03320796 
437.0 574.0 0.0560387723996 9439.612276 
487.0 595.0 0.0329780000009 9670.21999999 
571.0 572.0 0.150341600003 8496.58399997 
665.0 580.0 0.00815800000021 9918.42 
720.0 576.0 0.0213916956003 9786.083044 
810.0 577.0 0.0344057936002 9655.942064 
891.0 555.0 0.0676695520012 9323.30447999 
973.0 583.0 0.0514147600008 9485.85239999 
25.0 661.0 0.103348384002 8966.51615998 
118.0 640.0 0.0150749280002 9849.25072 
175.0 671.0 0.0330320000009 9669.67999999 
283.0 642.0 0.0330320000009 9669.67999999 
363.0 670.0 0.0325269248006 9674.73075199 
427.0 650.0 0.0694083360004 9305.91664 
515.0 642.0 0.0460521256011 9539.47874399 
572.0 649.0 0.146080700001 8539.19299999 
645.0 651.0 0.100602749602 8993.97250398 
724.0 654.0 0.0515260000008 9484.73999999 
790.0 643.0 0.0515260000008 9484.73999999 
870.0 634.0 0.0164520000004 9835.48 
945.0 655.0 0.0529595664007 9470.40433599 
47.0 721.0 0.0623143440001 9376.85656 
131.0 722.0 0.0158733827999 9841.266172 
186.0 721.0 0.0433947371997 9566.052628 
261.0 715.0 0.0165260000004 9834.74 
362.0 731.0 0.0754848528016 9245.15147198 
439.0 749.0 0.142431834403 8575.68165597 
494.0 738.0 0.130834000003 8691.65999997 
561.0 737.0 0.204971696001 7950.28303999 
651.0 720.0 0.0408622680008 9591.37731999 
749.0 748.0 0.0408760000011 9591.23999999 
811.0 734.0 0.0622049280006 9377.95071999 
874.0 743.0 0.047624660001 9523.75339999 
965.0 719.0 0.0322685376006 9677.31462399 
29.0 797.0 0.0344896000008 9655.10399999 
114.0 813.0 0.0162800000004 9837.2 
205.0 790.0 0.0577590552013 9422.40944799 
276.0 825.0 0.0725111760015 9274.88823998 
344.0 819.0 0.0330080000009 9669.91999999 
404.0 810.0 0.138269085602 8617.30914398 
482.0 815.0 0.181899820001 8181.00179999 
593.0 807.0 0.273598376004 7264.01623996 
652.0 802.0 0.211742871204 7882.57128796 
731.0 804.0 0.141105294003 8588.94705997 
798.0 810.0 0.0963618900018 9036.38109998 
874.0 820.0 0.0770661584006 9229.33841599 
967.0 826.0 0.0770661584006 9229.33841599 
61.0 877.0 0.0305893328006 9694.10667199 
121.0 891.0 0.0526430480002 9473.56952 
175.0 899.0 0.0328340000009 9671.65999999 
268.0 888.0 0.0628799468004 9371.200532 
359.0 870.0 0.0666322500011 9333.67749999 
406.0 889.0 0.0857626760018 9142.37323998 
486.0 898.0 0.00813600000021 9918.64 
595.0 902.0 0.00817200000021 9918.28 
642.0 886.0 0.00817200000021 9918.28 
719.0 885.0 0.106229874802 8937.70125198 
823.0 894.0 0.0247320000006 9752.67999999 
890.0 883.0 0.03183336 9681.6664 
956.0 874.0 0.00821200000022 9917.88 
66.0 972.0 0.00821200000022 9917.88 
133.0 949.0 0.0398781280003 9601.21872 
188.0 959.0 0.0309820172005 9690.17982799 
265.0 960.0 0.0415595936007 9584.40406399 
338.0 960.0 0.00817600000021 9918.24 
410.0 943.0 0.0291230752003 9708.769248 
500.0 964.0 0.0237150144002 9762.849856 
565.0 958.0 0.0229044384001 9770.955616 
660.0 978.0 0.0229044384001 9770.955616 
722.0 953.0 0.0959821592018 9040.17840798 
798.0 965.0 0.0681469920014 9318.53007999 
877.0 944.0 0.0424681408005 9575.318592 
955.0 950.0 0.0347074880006 9652.92511999 
273.0 215.0 0.0710700456009 9289.29954399 
86.0 536.0 0.190118625201 8098.81374799 
810.0 990.0 0.0257053156002 9742.946844 
589.0 475.0 0.137603000802 8623.96999198 
763.0 193.0 0.122805797603 8771.94202397 
708.0 851.0 0.184105423603 8158.94576397 
