500.0 500.0
26.0 68.0 0.0347073800006 9652.92619999 
106.0 62.0 0.064903988401 9350.96011599 
182.0 52.0 0.0294541648002 9705.458352 
277.0 80.0 0.0552555840011 9447.44415999 
344.0 82.0 0.0373173792006 9626.82620799 
428.0 69.0 0.0314088800009 9685.91119999 
495.0 67.0 0.0148581520001 9851.41848 
589.0 53.0 0.0525214656015 9474.78534399 
648.0 21.0 0.0642878660007 9357.12133999 
719.0 22.0 0.0411977536004 9588.022464 
788.0 57.0 0.0221633232004 9778.366768 
865.0 90.0 0.0189520968003 9810.479032 
947.0 90.0 0.0189520968003 9810.479032 
58.0 139.0 0.0853373184013 9146.62681599 
116.0 129.0 0.159512664001 8404.87335999 
182.0 137.0 0.259022462004 7409.77537996 
259.0 139.0 0.184906186402 8150.93813598 
352.0 134.0 0.0560883316 9439.116684 
430.0 133.0 0.0865251108009 9134.74889199 
514.0 128.0 0.00818000000021 9918.2 
589.0 101.0 0.0246820000006 9753.17999999 
670.0 117.0 0.00828800000022 9917.12 
717.0 131.0 0.0421582400008 9578.41759999 
790.0 117.0 0.0245460000006 9754.53999999 
861.0 133.0 0.0250718723999 9749.281276 
937.0 151.0 0.025775 9742.25 
42.0 216.0 0.0475133368009 9524.86663199 
124.0 218.0 0.0510948472007 9489.05152799 
208.0 212.0 0.277652887203 7223.47112797 
270.0 214.0 0.286845302405 7131.54697595 
362.0 201.0 0.0163220000004 9836.78 
423.0 192.0 0.0502806400006 9497.19359999 
499.0 173.0 0.113385718402 8866.14281598 
575.0 197.0 0.129438054403 8705.61945597 
650.0 192.0 0.056272683601 9437.27316399 
724.0 205.0 0.0993424112017 9006.57588798 
795.0 211.0 0.0413551732006 9586.44826799 
877.0 196.0 0.0164420000004 9835.58 
962.0 202.0 0.00829600000022 9917.04 
63.0 275.0 0.0681225052012 9318.77494799 
116.0 295.0 0.145729625602 8542.70374398 
225.0 285.0 0.269248565603 7307.51434397 
274.0 285.0 0.546275737607 4537.24262393 
337.0 267.0 0.546275737607 4537.24262393 
440.0 264.0 0.0165900000004 9834.1 
489.0 261.0 0.00819000000022 9918.1 
576.0 266.0 0.108667569602 8913.32430398 
641.0 256.0 0.0671868128008 9328.13187199 
731.0 263.0 0.0873052396007 9126.94760399 
823.0 286.0 0.0881246272005 9118.75372799 
875.0 270.0 0.0594587360004 9405.41264 
933.0 283.0 0.0471150196011 9528.84980399 
61.0 358.0 0.0906269664016 9093.73033598 
133.0 370.0 0.190418345601 8095.81654399 
195.0 347.0 0.345920503607 6540.79496393 
265.0 364.0 0.642209862407 3577.90137593 
350.0 350.0 0.230778078806 7692.21921194 
431.0 352.0 0.0247449160004 9752.55084 
504.0 346.0 0.0247449160004 9752.55084 
590.0 330.0 0.0738320000019 9261.67999998 
649.0 329.0 0.0667316496013 9332.68350399 
731.0 330.0 0.0658580000017 9341.41999998 
801.0 334.0 0.0900716832003 9099.283168 
891.0 363.0 0.0249140000007 9750.85999999 
965.0 329.0 0.0561231000008 9438.76899999 
65.0 433.0 0.0701935968011 9298.06403199 
123.0 455.0 0.129330700001 8706.69299999 
197.0 430.0 0.0180328500001 9819.6715 
264.0 411.0 0.205244308005 7947.55691995 
358.0 425.0 0.682208833611 3177.91166389 
440.0 422.0 0.0165960000004 9834.04 
492.0 413.0 0.00841600000022 9915.84 
590.0 440.0 0.135521612803 8644.78387197 
664.0 427.0 0.118635652001 8813.64347999 
727.0 435.0 0.0478007048006 9521.99295199 
804.0 431.0 0.0572311936004 9427.688064 
858.0 422.0 0.0593984796012 9406.01520399 
935.0 439.0 0.0682773928014 9317.22607199 
30.0 499.0 0.0314427056002 9685.572944 
122.0 515.0 0.083125416402 9168.74583598 
197.0 507.0 0.0901460000024 9098.53999998 
254.0 498.0 0.0901460000024 9098.53999998 
337.0 511.0 0.115352716002 8846.47283998 
419.0 501.0 0.327672000009 6723.27999991 
501.0 497.0 0.130570012003 8694.29987997 
563.0 501.0 0.063120456001 9368.79543999 
645.0 484.0 0.157099002404 8429.00997596 
715.0 495.0 0.0491082216009 9508.91778399 
806.0 488.0 0.0408660000011 9591.33999999 
864.0 503.0 0.0360575380002 9639.42462 
936.0 484.0 0.0418271080008 9581.72891999 
41.0 564.0 0.0680888340006 9319.11165999 
117.0 567.0 0.117379096002 8826.20903998 
202.0 569.0 0.0903402352022 9096.59764798 
253.0 570.0 0.0161880000004 9838.12 
360.0 582.0 0.409191930004 5908.08069996 
436.0 575.0 0.327519276003 6724.80723997 
512.0 563.0 0.169726836404 8302.73163596 
563.0 576.0 0.236303836004 7636.96163996 
661.0 577.0 0.00827400000022 9917.26 
720.0 571.0 0.0222419316006 9777.58068399 
800.0 571.0 0.00826600000022 9917.34 
885.0 590.0 0.0246460000006 9753.53999999 
949.0 582.0 0.0233460000003 9766.54 
73.0 650.0 0.0585140400013 9414.85959999 
148.0 660.0 0.177991153602 8220.08846398 
223.0 651.0 0.233124844004 7668.75155996 
296.0 649.0 0.258506211205 7414.93788795 
360.0 653.0 0.336427678405 6635.72321595 
413.0 667.0 0.0901300000024 9098.69999998 
509.0 671.0 0.0244460000006 9755.53999999 
571.0 638.0 0.1229617008 8770.382992 
642.0 659.0 0.100189172802 8998.10827198 
703.0 651.0 0.0614552300008 9385.44769999 
808.0 640.0 0.0162426900002 9837.5731 
903.0 657.0 0.0404107896007 9595.89210399 
974.0 644.0 0.0414557440005 9585.44255999 
73.0 734.0 0.0329162724 9670.837276 
152.0 729.0 0.105678610003 8943.21389997 
223.0 727.0 0.0829824320018 9170.17567998 
279.0 734.0 0.0735460000019 9264.53999998 
346.0 714.0 0.0966286168023 9033.71383198 
437.0 716.0 0.037556997201 9624.43002799 
509.0 718.0 0.0598442428001 9401.557572 
578.0 718.0 0.0401299748004 9598.700252 
641.0 716.0 0.0401299748004 9598.700252 
704.0 712.0 0.0307045464004 9692.954536 
810.0 739.0 0.00836200000022 9916.38 
866.0 717.0 0.0983920000026 9016.07999997 
950.0 727.0 0.0443382400007 9556.61759999 
60.0 809.0 0.00823400000022 9917.66 
127.0 779.0 0.0596632500003 9403.3675 
233.0 786.0 0.0905860512021 9094.13948798 
307.0 796.0 0.191187281599 8088.12718401 
384.0 807.0 0.0809571920017 9190.42807998 
451.0 808.0 0.0414620000011 9585.37999999 
511.0 784.0 0.0400697120006 9599.30287999 
605.0 815.0 0.0498500000013 9501.49999999 
670.0 828.0 0.0633235736011 9366.76426399 
748.0 798.0 0.00836200000022 9916.38 
823.0 807.0 0.0749687144015 9250.31285599 
887.0 790.0 0.204981856001 7950.18143999 
978.0 795.0 0.0994670912025 9005.32908798 
80.0 882.0 0.0135581044 9864.418956 
132.0 859.0 0.0164060000004 9835.94 
225.0 879.0 0.160978713603 8390.21286397 
293.0 871.0 0.212361084002 7876.38915998 
368.0 887.0 0.0571760000015 9428.23999998 
460.0 858.0 0.0753757795996 9246.242204 
510.0 866.0 0.112754360002 8872.45639998 
585.0 877.0 0.0880397664001 9119.602336 
663.0 897.0 0.065889856001 9341.10143999 
756.0 889.0 0.0248320000007 9751.67999999 
809.0 878.0 0.0164300000004 9835.7 
898.0 899.0 0.131392414802 8686.07585198 
964.0 899.0 0.139516744803 8604.83255197 
59.0 959.0 0.139516744803 8604.83255197 
154.0 958.0 0.0472910400013 9527.08959999 
214.0 946.0 0.112852888002 8871.47111998 
283.0 932.0 0.0590622364008 9409.37763599 
370.0 940.0 0.0210445656006 9789.55434399 
446.0 961.0 0.0402931000008 9597.06899999 
508.0 940.0 0.0683035040007 9316.96495999 
600.0 945.0 0.0415703804006 9584.29619599 
685.0 950.0 0.0388995036005 9611.004964 
759.0 967.0 0.0433966772007 9566.03322799 
810.0 948.0 0.054112542001 9458.87457999 
875.0 964.0 0.0320926120006 9679.07387999 
970.0 978.0 0.0501612324011 9498.38767599 
155.0 545.0 0.0945980060017 9054.01993998 
475.0 354.0 0.0229416640001 9770.58336 
918.0 753.0 0.118581600002 8814.18399998 
601.0 932.0 0.0389732040005 9610.26795999 
999.0 970.0 0.0344414008004 9655.585992 
223.0 87.0 0.119823600002 8801.76399998 
928.0 380.0 0.0579054823999 9420.945176 
158.0 926.0 0.049517676001 9504.82323999 
98.0 126.0 0.0580471756014 9419.52824399 
527.0 515.0 0.240664868005 7593.35131995 
930.0 348.0 0.0513547792007 9486.45220799 
451.0 224.0 0.0211976940006 9788.02305999 
238.0 972.0 0.0348647824008 9651.35217599 
908.0 935.0 0.0697763616019 9302.23638398 
653.0 363.0 0.0648042916011 9351.95708399 
161.0 524.0 0.157731690003 8422.68309997 
53.0 372.0 0.0393313720003 9606.68628 
380.0 448.0 0.625657880006 3743.42119994 
279.0 413.0 0.848963862006 1510.36137994 
576.0 460.0 0.275323036003 7246.76963997 
930.0 834.0 0.191890404003 8081.09595997 
