500.0 500.0
26.0 23.0 0.0364312000007 9635.68799999 
68.0 18.0 0.0546494400013 9453.50559999 
115.0 14.0 0.0546494400013 9453.50559999 
185.0 36.0 0.0296499104004 9703.500896 
237.0 35.0 0.0288563800007 9711.43619999 
283.0 12.0 0.0564168288011 9435.83171199 
331.0 15.0 0.0862028412018 9137.97158798 
381.0 28.0 0.125666746002 8743.33253998 
434.0 20.0 0.0537557616012 9462.44238399 
471.0 25.0 0.00822800000022 9917.72 
34.0 69.0 0.066265617601 9337.34382399 
86.0 72.0 0.115880532002 8841.19467998 
137.0 80.0 0.159827328004 8401.72671996 
184.0 66.0 0.0857073836017 9142.92616398 
217.0 83.0 0.0640087360017 9359.91263998 
279.0 78.0 0.0268106300007 9731.89369999 
316.0 74.0 0.0609671648007 9390.32835199 
385.0 83.0 0.147536950004 8524.63049996 
435.0 67.0 0.0775403624014 9224.59637599 
465.0 65.0 0.00822800000022 9917.72 
20.0 114.0 0.00822800000022 9917.72 
85.0 128.0 0.038101960001 9618.98039999 
122.0 130.0 0.0491360000013 9508.63999999 
186.0 113.0 0.236731246802 7632.68753198 
231.0 127.0 0.221243270404 7787.56729596 
270.0 137.0 0.0522910400007 9477.08959999 
325.0 133.0 0.0854173776017 9145.82622398 
376.0 117.0 0.0699063568013 9300.93643199 
418.0 115.0 0.219943484004 7800.56515996 
464.0 125.0 0.149897796003 8501.02203997 
14.0 186.0 0.0468218008009 9531.78199199 
81.0 163.0 0.0606878120013 9393.12187999 
120.0 170.0 0.0858430000007 9141.56999999 
186.0 172.0 0.247607944002 7523.92055998 
229.0 185.0 0.259446813999 7405.53186001 
272.0 176.0 0.192262867204 8077.37132796 
322.0 181.0 0.142269820003 8577.30179997 
386.0 169.0 0.00824600000022 9917.54 
424.0 168.0 0.255545085204 7444.54914796 
470.0 168.0 0.199399952004 8006.00047996 
17.0 236.0 0.0449567600008 9550.43239999 
64.0 219.0 0.0942838968018 9057.16103198 
120.0 217.0 0.149182772002 8508.17227998 
186.0 233.0 0.110713914402 8892.86085598 
220.0 237.0 0.106304000003 8936.95999997 
286.0 232.0 0.0673822912003 9326.177088 
313.0 222.0 0.118025715203 8819.74284797 
362.0 216.0 0.154454041604 8455.45958396 
434.0 219.0 0.259040774404 7409.59225596 
472.0 227.0 0.237721374402 7622.78625598 
14.0 262.0 0.00810000000021 9919.0 
85.0 264.0 0.143147461603 8568.52538397 
127.0 267.0 0.255070631202 7449.29368798 
173.0 276.0 0.296516400006 7034.83599994 
217.0 268.0 0.364460446004 6355.39553996 
278.0 270.0 0.043994662001 9560.05337999 
317.0 262.0 0.0413680000011 9586.31999999 
381.0 265.0 0.178380734803 8216.19265197 
436.0 282.0 0.0495060000013 9504.93999999 
487.0 275.0 0.0981680000026 9018.31999997 
23.0 324.0 0.0379128160008 9620.87183999 
77.0 336.0 0.0493811488012 9506.18851199 
127.0 334.0 0.0164360000004 9835.64 
179.0 312.0 0.307380805208 6926.19194792 
219.0 319.0 0.410276969606 5897.23030394 
271.0 329.0 0.405505122006 5944.94877994 
333.0 334.0 0.158539788004 8414.60211996 
383.0 320.0 0.190118260002 8098.81739998 
421.0 315.0 0.164818768004 8351.81231996 
477.0 334.0 0.075452793202 9245.47206798 
23.0 381.0 0.0386166300008 9613.83369999 
81.0 380.0 0.0784459208012 9215.54079199 
116.0 387.0 0.100202454402 8997.97545598 
167.0 386.0 0.0541048776009 9458.95122399 
221.0 385.0 0.00816400000021 9918.36 
270.0 367.0 0.488120086005 5118.79913995 
327.0 371.0 0.571578046007 4284.21953993 
377.0 386.0 0.514480851213 4855.19148787 
423.0 365.0 0.0741060000019 9258.93999998 
477.0 363.0 0.00812600000021 9918.74 
34.0 426.0 0.00831000000022 9916.9 
86.0 416.0 0.094877120002 9051.22879998 
136.0 426.0 0.159885691201 8401.14308799 
166.0 431.0 0.168746428004 8312.53571996 
219.0 434.0 0.157274535604 8427.25464396 
273.0 428.0 0.0289748320005 9710.25168 
335.0 414.0 0.329633920008 6703.66079992 
363.0 418.0 0.617190488008 3828.09511992 
417.0 430.0 0.710061104011 2899.38895989 
481.0 427.0 0.710061104011 2899.38895989 
33.0 478.0 0.0289160016004 9710.839984 
85.0 481.0 0.0296067140006 9703.93285999 
121.0 464.0 0.0243480000006 9756.51999999 
170.0 462.0 0.195436934005 8045.63065995 
230.0 484.0 0.0655180000017 9344.81999998 
279.0 480.0 0.0297764052004 9702.235948 
318.0 470.0 0.0244680000006 9755.31999999 
384.0 463.0 0.372298204009 6277.01795991 
431.0 469.0 0.41261193001 5873.8806999 
463.0 468.0 0.499307964806 5006.92035194 
