500.0 500.0
104.0 161.0 0.0333533968006 9666.46603199 
174.0 150.0 0.0333533968006 9666.46603199 
295.0 154.0 0.0158372640001 9841.62736 
424.0 132.0 0.0157249296003 9842.750704 
109.0 247.0 0.0335816240003 9664.18376 
236.0 266.0 0.0631111664006 9368.88833599 
302.0 277.0 0.0246160000006 9753.83999999 
397.0 241.0 0.0317130564001 9682.869436 
82.0 314.0 0.0306233012006 9693.76698799 
189.0 304.0 0.0327852000007 9672.14799999 
302.0 391.0 0.0664881960008 9335.11803999 
443.0 369.0 0.0964523420009 9035.47657999 
104.0 410.0 0.0964523420009 9035.47657999 
237.0 356.0 0.0665644800015 9334.35519998 
375.0 390.0 0.0243060000006 9756.93999999 
466.0 435.0 0.0915397944013 9084.60205599 
118.0 335.0 0.0165380000004 9834.62 
407.0 308.0 0.064650760401 9353.49239599 
364.0 161.0 0.0164000000004 9836.0 
230.0 196.0 0.0655553888007 9344.44611199 
