500.0 500.0
73.0 101.0 0.0335677152002 9664.322848 
220.0 71.0 0.0289542700004 9710.4573 
306.0 71.0 0.0343709120007 9656.29087999 
246.0 114.0 0.079265856001 9207.34143999 
382.0 83.0 0.00816800000021 9918.32 
59.0 175.0 0.0690095000007 9309.90499999 
198.0 158.0 0.0802843328018 9197.15667198 
272.0 172.0 0.075517012801 9244.82987199 
336.0 206.0 0.0247820000007 9752.17999999 
403.0 201.0 0.0247820000007 9752.17999999 
56.0 254.0 0.0996199696008 9003.80030399 
149.0 225.0 0.0419937136005 9580.062864 
224.0 214.0 0.0605908448014 9394.09155199 
324.0 282.0 0.0293565896002 9706.434104 
372.0 307.0 0.0553895228013 9446.10477199 
79.0 324.0 0.0863170816011 9136.82918399 
151.0 313.0 0.0255801504001 9744.198496 
217.0 277.0 0.0327440000009 9672.55999999 
397.0 343.0 0.0845427600004 9154.5724 
441.0 360.0 0.135959156001 8640.40843999 
59.0 388.0 0.0326480000009 9673.51999999 
151.0 379.0 0.0224921480001 9775.07852 
210.0 396.0 0.00816200000021 9918.38 
280.0 385.0 0.00816200000021 9918.38 
473.0 429.0 0.12067736 8793.2264 
