500.0 500.0
85.0 93.0 0.0293766560005 9706.23344 
183.0 130.0 0.105105856002 8948.94143998 
259.0 100.0 0.0554213960011 9445.78603999 
379.0 62.0 0.0347171200006 9652.82879999 
448.0 95.0 0.0556043336004 9443.956664 
77.0 235.0 0.02539324 9746.0676 
169.0 203.0 0.02539324 9746.0676 
246.0 161.0 0.164634104001 8353.65895999 
375.0 183.0 0.239658796403 7603.41203597 
443.0 187.0 0.0818240000021 9181.75999998 
52.0 302.0 0.0818240000021 9181.75999998 
158.0 284.0 0.0981611952008 9018.38804799 
277.0 253.0 0.0981611952008 9018.38804799 
378.0 261.0 0.191425118002 8085.74881998 
446.0 288.0 0.0650300000017 9349.69999998 
48.0 380.0 0.0180666959999 9819.33304 
182.0 350.0 0.137616144002 8623.83855998 
254.0 378.0 0.147605358003 8523.94641997 
373.0 357.0 0.226438677601 7735.61322399 
442.0 357.0 0.288265218002 7117.34781998 
74.0 452.0 0.00831800000022 9916.82 
201.0 434.0 0.0174511908003 9825.488092 
275.0 449.0 0.0492240000013 9507.75999999 
393.0 462.0 0.0976569900018 9023.43009998 
454.0 436.0 0.2575800736 7424.199264 
119.0 139.0 0.0619423932007 9380.57606799 
308.0 387.0 0.1978622 8021.378 
439.0 135.0 0.0553052000006 9446.94799999 
98.0 235.0 0.0690552940002 9309.44706 
315.0 183.0 0.181182400004 8188.17599996 
