500.0 500.0
65.0 102.0 0.0396965088005 9603.034912 
155.0 112.0 0.0901274060003 9098.72594 
260.0 99.0 0.00817200000021 9918.28 
389.0 65.0 0.0307032736003 9692.967264 
448.0 74.0 0.0647712896002 9352.287104 
72.0 206.0 0.0437435584004 9562.564416 
159.0 192.0 0.0363995320004 9636.00468 
253.0 188.0 0.0325580000009 9674.41999999 
357.0 154.0 0.0678797280016 9321.20271998 
448.0 142.0 0.0812299200007 9187.70079999 
72.0 282.0 0.0249020000007 9750.97999999 
154.0 284.0 0.0543616072009 9456.38392799 
241.0 268.0 0.0692698599996 9307.3014 
355.0 233.0 0.0312531092 9687.468908 
461.0 225.0 0.158489308403 8415.10691597 
46.0 339.0 0.0150118500002 9849.8815 
142.0 347.0 0.0243240000006 9756.75999999 
269.0 339.0 0.0244840000006 9755.15999999 
402.0 348.0 0.014693076 9853.06924 
465.0 359.0 0.0572940000015 9427.05999998 
108.0 399.0 0.0140909439998 9859.09056 
208.0 444.0 0.0140909439998 9859.09056 
265.0 417.0 0.032190896 9678.09104 
381.0 434.0 0.032190896 9678.09104 
449.0 436.0 0.0566668108011 9433.33189199 
131.0 101.0 0.0592095404014 9407.90459599 
170.0 239.0 0.0926106168017 9073.89383198 
491.0 459.0 0.0495739328001 9504.260672 
433.0 177.0 0.127195923202 8728.04076798 
74.0 144.0 0.0553607200011 9446.39279999 
320.0 261.0 0.0408780000011 9591.21999999 
239.0 39.0 0.0147766103996 9852.233896 
485.0 286.0 0.146685109602 8533.14890398 
213.0 123.0 0.0948860699995 9051.1393 
181.0 212.0 0.0587642760012 9412.35723999 
