500.0 500.0
64.0 111.0 0.0159793800002 9840.2062 
134.0 88.0 0.0306647944003 9693.352056 
195.0 74.0 0.00822800000022 9917.72 
280.0 60.0 0.0292770368005 9707.22963199 
388.0 62.0 0.0406218772003 9593.781228 
358.0 189.0 0.148688881602 8513.11118398 
99.0 171.0 0.00813200000021 9918.68 
141.0 148.0 0.0381243808007 9618.75619199 
205.0 149.0 0.0164320000004 9835.68 
267.0 113.0 0.0594758288005 9405.24171199 
369.0 125.0 0.0803311552015 9196.68844799 
470.0 137.0 0.0244260000006 9755.73999999 
82.0 252.0 0.0244260000006 9755.73999999 
149.0 230.0 0.0410549136007 9589.45086399 
222.0 235.0 0.0786366312012 9213.63368799 
287.0 242.0 0.0932720480019 9067.27951998 
397.0 230.0 0.218482469204 7815.17530796 
465.0 234.0 0.128512910403 8714.87089597 
37.0 320.0 0.0332129824006 9667.87017599 
143.0 301.0 0.0382253632008 9617.74636799 
203.0 303.0 0.0511636048011 9488.36395199 
293.0 306.0 0.0869030919992 9130.96908001 
359.0 291.0 0.0817420000021 9182.57999998 
445.0 287.0 0.185572342 8144.27658 
79.0 387.0 0.0244260000006 9755.73999999 
148.0 376.0 0.0244260000006 9755.73999999 
196.0 360.0 0.0161880000004 9838.12 
283.0 363.0 0.0326600000009 9673.39999999 
395.0 381.0 0.0153584567996 9846.415432 
456.0 355.0 0.0739300000019 9260.69999998 
64.0 454.0 0.032119248 9678.80752 
140.0 439.0 0.0296131096004 9703.868904 
194.0 450.0 0.0357996800009 9642.00319999 
252.0 456.0 0.0164260000004 9835.74 
380.0 452.0 0.0315381424008 9684.61857599 
440.0 478.0 0.0379502527995 9620.49747201 
27.0 394.0 0.0413940596 9586.059404 
442.0 107.0 0.0488706768002 9511.293232 
304.0 156.0 0.109443744001 8905.56255999 
435.0 33.0 0.0414175600008 9585.82439999 
