500.0 500.0
56.0 57.0 0.0324960616004 9675.039384 
148.0 81.0 0.0324960616004 9675.039384 
213.0 59.0 0.00821200000022 9917.88 
283.0 51.0 0.00821200000022 9917.88 
382.0 69.0 0.0404185352005 9595.814648 
423.0 80.0 0.00807400000021 9919.26 
46.0 120.0 0.0317711544002 9682.288456 
108.0 133.0 0.0467770000013 9532.22999999 
205.0 160.0 0.0317981300003 9682.0187 
270.0 119.0 0.0403821216008 9596.17878399 
339.0 124.0 0.078680437201 9213.19562799 
422.0 165.0 0.078680437201 9213.19562799 
27.0 217.0 0.0328055488009 9671.94451199 
124.0 195.0 0.0165500000004 9834.5 
218.0 226.0 0.0621850000011 9378.14999999 
291.0 219.0 0.081349704802 9186.50295198 
377.0 204.0 0.0326740000009 9673.25999999 
454.0 241.0 0.0908683880018 9091.31611998 
41.0 286.0 0.0629354400017 9370.64559998 
158.0 303.0 0.00820200000022 9917.98 
227.0 272.0 0.0497619088007 9502.38091199 
304.0 287.0 0.178860784802 8211.39215198 
374.0 284.0 0.156261820002 8437.38179998 
476.0 310.0 0.0337636264001 9662.363736 
57.0 348.0 0.106406160001 8935.93839999 
121.0 357.0 0.119406118802 8805.93881198 
213.0 358.0 0.0302806520001 9697.19348 
260.0 339.0 0.0833076200019 9166.92379998 
412.0 353.0 0.1733228824 8266.771176 
473.0 362.0 0.0823700000022 9176.29999998 
75.0 433.0 0.00828000000022 9917.2 
151.0 462.0 0.231267700001 7687.32299999 
221.0 447.0 0.180132427999 8198.67572001 
324.0 455.0 0.0400580960008 9599.41903999 
388.0 439.0 0.0980204960013 9019.79503999 
452.0 467.0 0.0797678668008 9202.32133199 
135.0 406.0 0.181235491204 8187.64508796 
260.0 394.0 0.0902540000024 9097.45999998 
73.0 206.0 0.0902540000024 9097.45999998 
122.0 373.0 0.123448296801 8765.51703199 
388.0 372.0 0.0402876676007 9597.12332399 
404.0 285.0 0.234487372804 7655.12627196 
339.0 157.0 0.0810196243998 9189.803756 
19.0 463.0 0.0149636159999 9850.36384 
246.0 255.0 0.111047232001 8889.52767999 
