500.0 500.0
68.0 37.0 0.0300487664004 9699.512336 
122.0 18.0 0.0632522432004 9367.477568 
186.0 29.0 0.0915259160004 9084.74084 
243.0 45.0 0.124340076801 8756.59923199 
316.0 28.0 0.124340076801 8756.59923199 
428.0 55.0 0.057783760001 9422.16239999 
478.0 29.0 0.0295482016002 9704.517984 
41.0 94.0 0.0334169352002 9665.830648 
132.0 94.0 0.0203065816001 9796.934184 
174.0 119.0 0.00817200000021 9918.28 
243.0 107.0 0.10721919 8927.8081 
306.0 80.0 0.0411900000011 9588.09999999 
424.0 107.0 0.0550379200008 9449.62079999 
476.0 121.0 0.0245240000006 9754.75999999 
41.0 163.0 0.0374519744005 9625.480256 
112.0 161.0 0.0210272600004 9789.7274 
203.0 187.0 0.0299896600004 9700.1034 
249.0 170.0 0.0494100000013 9505.89999999 
346.0 185.0 0.0368192640007 9631.80735999 
388.0 176.0 0.0721104120007 9278.89587999 
458.0 176.0 0.0721104120007 9278.89587999 
45.0 223.0 0.0167920000004 9832.08 
113.0 214.0 0.00823000000022 9917.7 
199.0 244.0 0.0342007680001 9657.99232 
253.0 242.0 0.0164020000004 9835.98 
322.0 233.0 0.00796400000021 9920.36 
399.0 244.0 0.0904721680021 9095.27831998 
458.0 247.0 0.128386768003 8716.13231997 
59.0 317.0 0.0308886240008 9691.11375999 
127.0 312.0 0.0291850408004 9708.149592 
176.0 321.0 0.0403470480009 9596.52951999 
243.0 312.0 0.0167320000004 9832.68 
332.0 305.0 0.0322667872001 9677.332128 
395.0 332.0 0.0319811000008 9680.18899999 
462.0 315.0 0.111604118001 8883.95881999 
47.0 377.0 0.0618521888013 9381.47811199 
125.0 391.0 0.0306984912004 9693.015088 
185.0 397.0 0.0451837200007 9548.16279999 
246.0 395.0 0.0164560000004 9835.44 
341.0 405.0 0.0122294640002 9877.70536 
382.0 378.0 0.0245520000006 9754.47999999 
467.0 383.0 0.0409100000011 9590.89999999 
67.0 435.0 0.0569578207996 9430.421792 
119.0 457.0 0.0329540000009 9670.45999999 
198.0 463.0 0.0486929080012 9513.07091999 
265.0 472.0 0.0391496000001 9608.504 
331.0 468.0 0.0247520000006 9752.47999999 
394.0 466.0 0.0317841116006 9682.15888399 
460.0 475.0 0.0318782399996 9681.2176 
344.0 146.0 0.036814976001 9631.85023999 
