500.0 500.0
50.0 53.0 0.048717350001 9512.82649999 
109.0 32.0 0.047234700801 9527.65299199 
186.0 45.0 0.0258826972007 9741.17302799 
259.0 20.0 0.0484391376007 9515.60862399 
308.0 19.0 0.0317124000005 9682.876 
373.0 24.0 0.054785932801 9452.14067199 
441.0 44.0 0.118824238001 8811.75761999 
26.0 107.0 0.0319892752006 9680.10724799 
105.0 93.0 0.097022173601 9029.77826399 
170.0 114.0 0.187724888803 8122.75111197 
255.0 120.0 0.0465525552006 9534.47444799 
311.0 115.0 0.152127573603 8478.72426397 
384.0 111.0 0.0127833943999 9872.166056 
463.0 95.0 0.0800674559999 9199.32544 
35.0 173.0 0.0607402808013 9392.59719199 
118.0 168.0 0.0476699100011 9523.30089999 
180.0 177.0 0.158854752003 8411.45247997 
255.0 178.0 0.0820800000022 9179.19999998 
310.0 174.0 0.129629862001 8703.70137999 
393.0 182.0 0.0287844496003 9712.155504 
459.0 175.0 0.0287844496003 9712.155504 
36.0 232.0 0.0831199460005 9168.80053999 
115.0 239.0 0.0398652416003 9601.347584 
175.0 261.0 0.0642156000009 9357.84399999 
240.0 266.0 0.0928522168005 9071.47783199 
332.0 233.0 0.0493340000013 9506.65999999 
382.0 231.0 0.0323687431996 9676.312568 
429.0 244.0 0.0163220000004 9836.78 
29.0 305.0 0.160060440002 8399.39559998 
90.0 332.0 0.192581989204 8074.18010796 
165.0 322.0 0.0269074260003 9730.92574 
251.0 325.0 0.124589324001 8754.10675999 
310.0 342.0 0.159330907203 8406.69092797 
375.0 345.0 0.195040140004 8049.59859996 
453.0 332.0 0.0119933200001 9880.0668 
51.0 400.0 0.084686684002 9153.13315998 
90.0 393.0 0.228107902002 7718.92097998 
173.0 398.0 0.0903780000024 9096.21999998 
244.0 398.0 0.0360466632009 9639.53336799 
328.0 383.0 0.0414040000011 9585.95999999 
401.0 408.0 0.245433067605 7545.66932395 
456.0 380.0 0.00820000000022 9918.0 
44.0 453.0 0.0410878052004 9589.121948 
110.0 472.0 0.0356584400004 9643.4156 
166.0 481.0 0.0166000000004 9834.0 
239.0 468.0 0.0358542472004 9641.457528 
331.0 459.0 0.0246760000006 9753.23999999 
391.0 451.0 0.147314472804 8526.85527196 
456.0 450.0 0.2063051552 7936.948448 
262.0 87.0 0.127852602003 8721.47397997 
111.0 187.0 0.056952821601 9430.47178399 
211.0 51.0 0.0705538064014 9294.46193599 
168.0 358.0 0.0301073000002 9698.927 
267.0 435.0 0.0641072544012 9358.92745599 
138.0 402.0 0.157760490803 8422.39509197 
162.0 152.0 0.158725376004 8412.74623996 
413.0 30.0 0.078807904001 9211.92095999 
437.0 104.0 0.0491740000013 9508.25999999 
27.0 274.0 0.105167982001 8948.32017999 
201.0 165.0 0.185240682001 8147.59317999 
