500.0 500.0
58.0 32.0 0.0381715456011 9618.28454399 
104.0 62.0 0.0791716600023 9208.28339998 
156.0 63.0 0.0767911572018 9232.08842798 
223.0 22.0 0.0381001888008 9618.99811199 
279.0 32.0 0.0703572688017 9296.42731198 
335.0 32.0 0.00809200000021 9919.08 
410.0 55.0 0.0296181968003 9703.818032 
457.0 26.0 0.0296181968003 9703.818032 
33.0 97.0 0.0275756000005 9724.24399999 
115.0 99.0 0.117603401603 8823.96598397 
155.0 103.0 0.185004004005 8149.95995995 
214.0 108.0 0.0791400800016 9208.59919998 
280.0 91.0 0.0602142496014 9397.85750399 
345.0 93.0 0.0306058400008 9693.94159999 
419.0 106.0 0.0562669112014 9437.33088799 
462.0 111.0 0.0569836911999 9430.163088 
41.0 141.0 0.0341791180004 9658.20882 
89.0 168.0 0.0162300000004 9837.7 
166.0 156.0 0.121058039602 8789.41960398 
236.0 159.0 0.0306893207997 9693.106792 
277.0 148.0 0.0165020000004 9834.98 
339.0 151.0 0.0830753120016 9169.24687998 
395.0 170.0 0.043218976001 9567.81023999 
470.0 166.0 0.0249040000007 9750.95999999 
43.0 210.0 0.0356389240008 9643.61075999 
81.0 221.0 0.0673893836015 9326.10616399 
153.0 222.0 0.0790236064014 9209.76393599 
232.0 228.0 0.0295229768004 9704.770232 
287.0 234.0 0.0760894960012 9239.10503999 
335.0 203.0 0.0981406936019 9018.59306398 
386.0 222.0 0.0410140000011 9589.85999999 
462.0 203.0 0.0162500000004 9837.5 
25.0 284.0 0.0215885324001 9784.114676 
80.0 268.0 0.0161740000004 9838.26 
171.0 270.0 0.136867986403 8631.32013597 
210.0 269.0 0.184103936404 8158.96063596 
259.0 303.0 0.134427724801 8655.72275199 
316.0 290.0 0.0305230624003 9694.769376 
392.0 290.0 0.0382565704006 9617.43429599 
455.0 254.0 0.0382565704006 9617.43429599 
49.0 328.0 0.0353572500007 9646.42749999 
114.0 334.0 0.0525130512011 9474.86948799 
158.0 324.0 0.00814600000021 9918.54 
228.0 346.0 0.121049280003 8789.50719997 
282.0 336.0 0.0659920000017 9340.07999998 
344.0 342.0 0.0763142420015 9236.85757998 
415.0 342.0 0.0878512840018 9121.48715998 
466.0 321.0 0.0378354952005 9621.64504799 
53.0 381.0 0.00817000000021 9918.3 
115.0 378.0 0.0947916280004 9052.08372 
164.0 392.0 0.121138505602 8788.61494398 
210.0 402.0 0.116250258002 8837.49741998 
271.0 417.0 0.0297512048002 9702.487952 
325.0 397.0 0.0517584960011 9482.41503999 
410.0 414.0 0.121053360003 8789.46639997 
471.0 401.0 0.0328760000009 9671.23999999 
20.0 454.0 0.0328760000009 9671.23999999 
79.0 444.0 0.0110668164001 9889.331836 
152.0 457.0 0.012626832 9873.73168 
204.0 453.0 0.0573480000015 9426.51999998 
269.0 466.0 0.0573480000015 9426.51999998 
334.0 454.0 0.0162560000004 9837.44 
404.0 472.0 0.143257734003 8567.42265997 
453.0 480.0 0.115660984799 8843.39015201 
61.0 231.0 0.0358189120008 9641.81087999 
106.0 476.0 0.00819400000022 9918.06 
432.0 176.0 0.0296402500001 9703.5975 
292.0 111.0 0.0323920000009 9676.07999999 
114.0 263.0 0.107660124802 8923.39875198 
83.0 49.0 0.0717282896013 9282.71710399 
277.0 48.0 0.070744149602 9292.55850398 
416.0 395.0 0.102340687201 8976.59312799 
170.0 191.0 0.0574780000015 9425.21999998 
361.0 396.0 0.120483520002 8795.16479998 
84.0 348.0 0.0634812460007 9365.18753999 
