500.0 500.0
37.0 29.0 0.0370173180004 9629.82682 
89.0 36.0 0.0691977776007 9308.02222399 
133.0 23.0 0.0868524320019 9131.47567998 
189.0 29.0 0.0380628660009 9619.37133999 
245.0 36.0 0.0587189840009 9412.81015999 
316.0 28.0 0.0463335888008 9536.66411199 
339.0 29.0 0.044802096001 9551.97903999 
411.0 14.0 0.0448158288007 9551.84171199 
432.0 10.0 0.0453066316009 9546.93368399 
37.0 86.0 0.053636980001 9463.63019999 
86.0 69.0 0.125072788001 8749.27211999 
138.0 76.0 0.124750656001 8752.49343999 
194.0 94.0 0.0493680000013 9506.31999999 
245.0 90.0 0.0891373392019 9108.62660798 
312.0 94.0 0.111862436003 8881.37563997 
347.0 78.0 0.0803938776008 9196.06122399 
420.0 89.0 0.0247040000006 9752.95999999 
476.0 62.0 0.0247040000006 9752.95999999 
41.0 151.0 0.0218762459999 9781.23754 
91.0 132.0 0.0296304192004 9703.695808 
143.0 152.0 0.0657198264014 9342.80173599 
184.0 146.0 0.0455522304005 9544.47769599 
257.0 145.0 0.114959886803 8850.40113197 
313.0 141.0 0.179002000004 8209.97999996 
366.0 135.0 0.077493669602 9225.06330398 
418.0 138.0 0.0537243696012 9462.75630399 
459.0 151.0 0.00820600000022 9917.94 
39.0 189.0 0.0187857000004 9812.143 
78.0 197.0 0.0162180000004 9837.82 
148.0 203.0 0.0988465748016 9011.53425198 
202.0 196.0 0.0410931083999 9589.068916 
253.0 196.0 0.0489440000013 9510.55999999 
305.0 185.0 0.174340750004 8256.59249996 
371.0 184.0 0.0642369044005 9357.63095599 
416.0 190.0 0.138199084003 8618.00915997 
458.0 199.0 0.044504404401 9554.95595599 
36.0 259.0 0.053926412801 9460.73587199 
79.0 259.0 0.0928829120025 9071.17087998 
127.0 259.0 0.204239946002 7957.60053998 
184.0 256.0 0.0674970876017 9325.02912398 
262.0 261.0 0.0637457520009 9362.54247999 
305.0 279.0 0.0854020104016 9145.97989598 
367.0 253.0 0.254789098405 7452.10901595 
421.0 237.0 0.168795059604 8312.04940396 
463.0 245.0 0.0574060000015 9425.93999998 
31.0 293.0 0.0524904648012 9475.09535199 
81.0 296.0 0.133154170404 8668.45829596 
130.0 297.0 0.165143977603 8348.56022397 
184.0 293.0 0.0895560000024 9104.43999998 
243.0 318.0 0.0126569520001 9873.43048 
311.0 308.0 0.112797161602 8872.02838398 
372.0 304.0 0.366310000004 6336.89999996 
415.0 292.0 0.202103930401 7978.96069599 
462.0 312.0 0.224178550005 7758.21449995 
40.0 352.0 0.00803600000021 9919.64 
83.0 349.0 0.0242260000006 9757.73999999 
143.0 363.0 0.0299677500001 9700.3225 
198.0 373.0 0.0530181792001 9469.818208 
246.0 369.0 0.00831600000022 9916.84 
303.0 356.0 0.237709832004 7622.90167996 
359.0 358.0 0.497823896809 5021.76103191 
407.0 362.0 0.38749302481 6125.0697519 
459.0 358.0 0.442790610007 5572.09389993 
25.0 426.0 0.0182483192003 9817.516808 
87.0 418.0 0.0135069623996 9864.930376 
144.0 410.0 0.0164340000004 9835.66 
193.0 406.0 0.0856993600001 9143.0064 
241.0 417.0 0.116036340001 8839.63659999 
293.0 416.0 0.136550438402 8634.49561598 
370.0 408.0 0.54955036041 4504.4963959 
428.0 403.0 0.621843867212 3781.56132788 
468.0 416.0 0.914489959209 855.100407915 
29.0 461.0 0.0162240000004 9837.76 
83.0 459.0 0.0301614432003 9698.385568 
141.0 471.0 0.0599032340013 9400.96765999 
199.0 468.0 0.0868934880023 9131.06511998 
250.0 481.0 0.0708313168023 9291.68683198 
296.0 481.0 0.0325740000009 9674.25999999 
355.0 462.0 0.0492780000013 9507.21999999 
429.0 471.0 0.272171744007 7278.28255993 
467.0 475.0 0.604600540813 3953.99459187 
216.0 229.0 0.0538726560009 9461.27343999 
156.0 307.0 0.139808520001 8601.91479999 
325.0 441.0 0.103502359599 8964.97640401 
338.0 227.0 0.213195217602 7868.04782398 
340.0 256.0 0.182895030404 8171.04969596 
408.0 249.0 0.146931061603 8530.68938397 
288.0 248.0 0.126876451203 8731.23548797 
16.0 404.0 0.0217392848001 9782.607152 
422.0 59.0 0.0456924832009 9543.07516799 
